1000 -43080.6 -45682.8 2602.14 0.01 0.100009 0.01 0 0 0.193145 0.241364 -0.248072
1000 -41211.4 -45682.8 4471.38 0.02 0.141386 0.01 0 0 -0.245435 0.121861 -0.0149008
1000 -39442.8 -45682.8 6239.97 0.03 0.173163 0.01 0 0 0.35496 0.0908737 -0.298335
1000 -37030.6 -45682.8 8652.16 0.04 0.199981 0.01 0 0 0.239998 0.157414 -0.300214
1000 -34822.5 -45682.8 10860.3 0.05 0.22361 0.01 0 0 0.375998 0.2048 -0.340381
1000 -32539.8 -45682.8 13143 0.06 0.244932 0.01 0 0 0.362159 0.253712 -0.0473855
1000 -29942.1 -45682.8 15740.7 0.07 0.264582 0.01 0 0 0.0307615 -0.129353 -0.0576891
1000 -26776.3 -45682.8 18906.5 0.08 0.282832 0.01 0 0 0.0363342 0.14474 0.21466
1000 -24717.4 -45682.8 20965.4 0.09 0.299984 0.01 0 0 0.16564 -0.187839 0.0127868
1000 -21151.6 -45682.8 24531.2 0.1 0.316276 0.01 0 0 0.122795 -0.060985 -0.148546
1000 -43272.6 -45757 2484.32 0.01 0.0999814 0.02 0 0 0.500635 0.2701 -0.128323
1000 -41346.9 -45757 4410.08 0.02 0.141394 0.02 0 0 0.532107 -0.00439306 -0.281883
1000 -39592.5 -45757 6164.43 0.03 0.173203 0.02 0 0 0.587749 0.0648914 -0.281763
1000 -37285.1 -45757 8471.83 0.04 0.199962 0.02 0 0 0.399537 0.213137 -0.23527
1000 -34973 -45757 10784 0.05 0.223626 0.02 0 0 0.443606 0.0899744 -0.16406
1000 -32428.4 -45757 13328.6 0.06 0.24492 0.02 0 0 0.321073 0.020834 -0.213831
1000 -30460.3 -45757 15296.6 0.07 0.264579 0.02 0 0 0.411364 0.375003 0.00448486
1000 -27898.1 -45757 17858.9 0.08 0.282821 0.02 0 0 0.513471 0.158904 -0.0262198
1000 -24593.8 -45757 21163.2 0.09 0.299994 0.02 0 0 0.389893 -0.0535372 -0.146346
1000 -22397.1 -45757 23359.9 0.1 0.316227 0.02 0 0 0.391115 -0.070514 -0.0148762
1000 -43762.6 -45841.2 2078.55 0.01 0.10002 0.03 0 0 0.729959 0.0494416 -0.26096
1000 -41490.8 -45841.2 4350.34 0.02 0.141442 0.03 0 0 0.569436 -0.000866666 -0.249732
1000 -39658.9 -45841.2 6182.31 0.03 0.173222 0.03 0 0 0.623813 0.0776335 -0.201117
1000 -37117.5 -45841.2 8723.62 0.04 0.199995 0.03 0 0 0.317055 0.0832582 -0.125155
1000 -35267 -45841.2 10574.1 0.05 0.223619 0.03 0 0 0.572869 0.103464 -0.376798
1000 -32545.1 -45841.2 13296 0.06 0.244927 0.03 0 0 0.569352 0.0111616 0.049949
1000 -30614.6 -45841.2 15226.5 0.07 0.264605 0.03 0 0 0.566416 -0.0624468 -0.141115
1000 -27903.3 -45841.2 17937.9 0.08 0.28287 0.03 0 0 0.492736 0.0603594 -0.159019
1000 -25299.3 -45841.2 20541.8 0.09 0.300017 0.03 0 0 0.581625 0.0241679 -0.038879
1000 -22390.1 -45841.2 23451.1 0.1 0.316201 0.03 0 0 0.465626 0.0810522 0.119858
1000 -43860.9 -45915.3 2054.39 0.01 0.100003 0.04 0 0 0.810695 0.145148 -0.108166
1000 -42106.7 -45915.3 3808.64 0.02 0.141389 0.04 0 0 0.867602 0.0921839 -0.167584
1000 -39989.2 -45915.3 5926.12 0.03 0.173238 0.04 0 0 0.80916 0.100634 0.0142195
1000 -37799.3 -45915.3 8116.04 0.04 0.199988 0.04 0 0 0.728664 -0.0770413 -0.000592279
1000 -35596.8 -45915.3 10318.5 0.05 0.22363 0.04 0 0 0.715112 0.0731918 -0.148032
1000 -33437.4 -45915.3 12477.9 0.06 0.244947 0.04 0 0 0.682558 0.136881 0.010005
1000 -30664.1 -45915.3 15251.2 0.07 0.264561 0.04 0 0 0.630131 0.0129329 -0.165153
1000 -28322.8 -45915.3 17592.5 0.08 0.282819 0.04 0 0 0.619343 -0.062354 0.0377071
1000 -25284.7 -45915.3 20630.6 0.09 0.30002 0.04 0 0 0.533122 0.140381 -0.0595775
1000 -22847.3 -45915.3 23068 0.1 0.316215 0.04 0 0 0.483704 0.0260263 -0.0389224
1000 -44072.3 -46003.6 1931.3 0.01 0.0999695 0.05 0 0 0.903711 0.137041 -0.0378086
1000 -42166.9 -46003.6 3836.75 0.02 0.141409 0.05 0 0 0.893816 0.0986629 -0.044485
1000 -40133.9 -46003.6 5869.69 0.03 0.173207 0.05 0 0 0.795416 0.136178 -0.0596132
1000 -37957.1 -46003.6 8046.53 0.04 0.200036 0.05 0 0 0.812082 -0.0071334 -0.0953918
1000 -35768.6 -46003.6 10235.1 0.05 0.223592 0.05 0 0 0.795298 0.0317623 -0.0808317
1000 -33596.5 -46003.6 12407.1 0.06 0.244934 0.05 0 0 0.747309 0.053011 0.00581453
1000 -31114.5 -46003.6 14889.1 0.07 0.264561 0.05 0 0 0.71177 -0.0366837 -0.101167
1000 -27820 -46003.6 18183.6 0.08 0.282867 0.05 0 0 0.617465 0.0329016 -0.0192153
1000 -25863 -46003.6 20140.6 0.09 0.299992 0.05 0 0 0.583155 -0.0114348 0.104142
1000 -22737.1 -46003.6 23266.5 0.1 0.316222 0.05 0 0 0.514192 0.0367927 0.00841881
1000 -44163.8 -46077.7 1913.89 0.01 0.099992 0.06 0 0 0.947122 0.0750157 -0.0463542
1000 -42211.3 -46077.7 3866.44 0.02 0.141428 0.06 0 0 0.906594 0.0581116 0.00988359
1000 -40218.7 -46077.7 5858.99 0.03 0.173191 0.06 0 0 0.874036 -0.00479584 0.0316461
1000 -38003.5 -46077.7 8074.23 0.04 0.199981 0.06 0 0 0.836529 0.0476848 -0.0561485
1000 -35943.1 -46077.7 10134.6 0.05 0.223622 0.06 0 0 0.784988 0.0685799 -0.118339
1000 -33732 -46077.7 12345.7 0.06 0.244945 0.06 0 0 0.758778 0.0261842 -0.0834979
1000 -30921.9 -46077.7 15155.8 0.07 0.26452 0.06 0 0 0.696731 0.0375885 -0.0821835
1000 -28717.3 -46077.7 17360.4 0.08 0.282816 0.06 0 0 0.658141 -0.0490245 -0.00413562
1000 -26081.9 -46077.7 19995.8 0.09 0.299981 0.06 0 0 0.598013 0.0231746 0.0562458
1000 -23166.3 -46077.7 22911.4 0.1 0.316217 0.06 0 0 0.528551 0.0804176 -0.0156123
1000 -44256.8 -46161.9 1905.11 0.01 0.0999664 0.07 0 0 0.95521 0.0275991 -0.0292816
1000 -42333.7 -46161.9 3828.28 0.02 0.141405 0.07 0 0 0.913556 -0.000847416 -0.0542004
1000 -40353.2 -46161.9 5808.72 0.03 0.1732 0.07 0 0 0.887316 0.0596232 -0.0441372
1000 -38418.7 -46161.9 7743.19 0.04 0.200013 0.07 0 0 0.825026 0.00668471 -0.177166
1000 -36054.1 -46161.9 10107.8 0.05 0.223592 0.07 0 0 0.802597 0.0787375 -0.0545533
1000 -33544.1 -46161.9 12617.9 0.06 0.244953 0.07 0 0 0.763248 0.000805135 -0.0102978
1000 -31187 -46161.9 14975 0.07 0.264581 0.07 0 0 0.705237 0.0430606 0.0314886
1000 -28405.5 -46161.9 17756.5 0.08 0.282851 0.07 0 0 0.652441 0.0177181 -0.0808063
1000 -25889.3 -46161.9 20272.6 0.09 0.300043 0.07 0 0 0.602469 -0.0210885 -0.0608736
1000 -23425.3 -46161.9 22736.7 0.1 0.31619 0.07 0 0 0.552869 -0.0469927 -0.0461956
1000 -44345.8 -46236 1890.17 0.01 0.0999652 0.08 0 0 0.959374 0.0496645 -0.0313451
1000 -42418.8 -46236 3817.14 0.02 0.141419 0.08 0 0 0.930634 0.0075037 0.0095631
1000 -40387.5 -46236 5848.51 0.03 0.173165 0.08 0 0 0.875096 0.049161 -0.139224
1000 -38308.6 -46236 7927.43 0.04 0.199983 0.08 0 0 0.852816 0.00560047 -0.084941
1000 -36152.3 -46236 10083.7 0.05 0.223605 0.08 0 0 0.811012 0.0591185 -0.0154699
1000 -34084.8 -46236 12151.2 0.06 0.244948 0.08 0 0 0.765015 0.0770845 -0.0210895
1000 -31201.5 -46236 15034.5 0.07 0.264587 0.08 0 0 0.709028 -0.00501484 -0.0230276
1000 -28894 -46236 17342 0.08 0.282836 0.08 0 0 0.667007 -0.0126897 0.0220283
1000 -26376.4 -46236 19859.6 0.09 0.300002 0.08 0 0 0.609306 0.046689 -0.0185903
1000 -23609.6 -46236 22626.4 0.1 0.316219 0.08 0 0 0.552275 0.0692798 0.0554093
1000 -44437.9 -46318.9 1881.04 0.01 0.0999867 0.09 0 0 0.960209 0.0333259 -0.0297572
1000 -42522.8 -46318.9 3796.08 0.02 0.141403 0.09 0 0 0.927867 0.0563837 0.0114999
1000 -40458.9 -46318.9 5859.97 0.03 0.173208 0.09 0 0 0.895161 0.046419 -0.0136265
1000 -38487.4 -46318.9 7831.54 0.04 0.200014 0.09 0 0 0.8591 -0.0180571 -0.0419263
1000 -36141.2 -46318.9 10177.7 0.05 0.223591 0.09 0 0 0.813287 0.0311813 -0.0515458
1000 -33854.9 -46318.9 12464 0.06 0.24491 0.09 0 0 0.76092 0.0448735 0.0275182
1000 -31677 -46318.9 14641.9 0.07 0.264569 0.09 0 0 0.732157 -0.0205371 0.00336509
1000 -28499.4 -46318.9 17819.5 0.08 0.282876 0.09 0 0 0.650304 -0.0289112 -0.0558974
1000 -26407.2 -46318.9 19911.7 0.09 0.300015 0.09 0 0 0.621714 0.0156878 0.0133029
1000 -24125.7 -46318.9 22193.2 0.1 0.316224 0.09 0 0 0.574389 -0.0522368 -0.0632713
1000 -44542.4 -46402.2 1859.76 0.01 0.0999483 0.1 0 0 0.96375 0.0347966 -0.047002
1000 -42651.9 -46402.2 3750.32 0.02 0.141473 0.1 0 0 0.933072 0.0651414 0.0183937
1000 -40669.2 -46402.2 5733 0.03 0.173223 0.1 0 0 0.900193 0.00377344 0.0141162
1000 -38438.9 -46402.2 7963.3 0.04 0.200006 0.1 0 0 0.859094 0.0357768 -0.0641208
1000 -36358.7 -46402.2 10043.5 0.05 0.223614 0.1 0 0 0.819688 0.0336529 -0.0243915
1000 -34158.5 -46402.2 12243.6 0.06 0.24494 0.1 0 0 0.779895 -0.0118439 -0.0317153
1000 -31837.2 -46402.2 14565 0.07 0.264587 0.1 0 0 0.735278 0.0333262 -0.0015592
1000 -29403.6 -46402.2 16998.6 0.08 0.282877 0.1 0 0 0.679074 -0.00842983 -0.00397057
1000 -26393.6 -46402.2 20008.6 0.09 0.299995 0.1 0 0 0.625358 0.0577721 0.000179646
1000 -23598.8 -46402.2 22803.4 0.1 0.316248 0.1 0 0 0.55616 0.0126949 0.0445099
