1 -1510.36 -45757 44246.6 0.00995274 0.0997634 0.02 0 0 0.00143468 -0.0102164 -0.00226268
2 -2754.97 -45757 43002 0.0100016 0.100008 0.02 0 0 0.00308916 -0.0107195 -0.00298449
3 -3910.72 -45757 41846.2 0.0100778 0.100388 0.02 0 0 0.00410787 -0.0122516 -0.00387177
4 -4980.17 -45757 40776.8 0.0100173 0.100086 0.02 0 0 0.00556743 -0.0124459 -0.00368892
5 -5984.15 -45757 39772.8 0.00999168 0.0999584 0.02 0 0 0.00652667 -0.0143613 -0.00407327
6 -6968.49 -45757 38788.5 0.0100412 0.100206 0.02 0 0 0.00752531 -0.0146983 -0.00506254
7 -7932.4 -45757 37824.6 0.0100283 0.100141 0.02 0 0 0.00869616 -0.0151736 -0.00445861
8 -8896.81 -45757 36860.2 0.010068 0.100339 0.02 0 0 0.00911729 -0.0159594 -0.00561577
9 -9806.47 -45757 35950.5 0.0100818 0.100408 0.02 0 0 0.0088294 -0.0170504 -0.00581046
10 -10736.3 -45757 35020.7 0.0100878 0.100438 0.02 0 0 0.00913157 -0.0175052 -0.00546971
11 -11657.6 -45757 34099.4 0.0100578 0.100289 0.02 0 0 0.0103417 -0.0187009 -0.00697753
12 -12615.6 -45757 33141.4 0.0099585 0.0997923 0.02 0 0 0.0111279 -0.018988 -0.00680397
13 -13551.1 -45757 32205.9 0.0100115 0.100058 0.02 0 0 0.011627 -0.020023 -0.00695397
14 -14495.7 -45757 31261.2 0.0100452 0.100226 0.02 0 0 0.0117744 -0.0211031 -0.00792449
15 -15440.9 -45757 30316.1 0.00991345 0.0995663 0.02 0 0 0.0134155 -0.0217725 -0.00853739
16 -16386.3 -45757 29370.7 0.00995924 0.099796 0.02 0 0 0.0139321 -0.0226247 -0.00891762
17 -17301.9 -45757 28455.1 0.00998669 0.0999335 0.02 0 0 0.0151659 -0.0240472 -0.00969732
18 -18191.3 -45757 27565.7 0.0100475 0.100237 0.02 0 0 0.0172103 -0.0261238 -0.0100612
19 -19052.8 -45757 26704.1 0.0100089 0.100045 0.02 0 0 0.0173985 -0.0270093 -0.0109214
20 -19944.8 -45757 25812.2 0.00998307 0.0999153 0.02 0 0 0.0189591 -0.0283243 -0.0122987
21 -20773.4 -45757 24983.6 0.0100546 0.100273 0.02 0 0 0.0185168 -0.029614 -0.0136731
22 -21580.4 -45757 24176.6 0.0100125 0.100063 0.02 0 0 0.0191693 -0.0312492 -0.0149246
23 -22355.2 -45757 23401.8 0.0100018 0.100009 0.02 0 0 0.0190256 -0.0314548 -0.0149385
24 -23100.8 -45757 22656.2 0.0100343 0.100171 0.02 0 0 0.0198004 -0.0326203 -0.0145509
25 -23828.1 -45757 21928.8 0.0101241 0.100619 0.02 0 0 0.0199539 -0.0334838 -0.0160238
26 -24532.9 -45757 21224 0.010034 0.10017 0.02 0 0 0.0193207 -0.0355152 -0.0161279
27 -25179.7 -45757 20577.3 0.0100355 0.100177 0.02 0 0 0.0198444 -0.0359884 -0.0170093
28 -25825.3 -45757 19931.6 0.00995497 0.0997746 0.02 0 0 0.0211627 -0.0380468 -0.0167577
29 -26420.6 -45757 19336.4 0.00998818 0.0999409 0.02 0 0 0.0228112 -0.0387118 -0.0169693
30 -27030.9 -45757 18726.1 0.0099769 0.0998844 0.02 0 0 0.0237909 -0.0395618 -0.0176306
31 -27569.6 -45757 18187.4 0.00998082 0.099904 0.02 0 0 0.025895 -0.0409474 -0.0193261
32 -28079.9 -45757 17677 0.0100619 0.100309 0.02 0 0 0.0274913 -0.0408345 -0.019264
33 -28545.8 -45757 17211.1 0.00998221 0.099911 0.02 0 0 0.0281452 -0.0407874 -0.0193114
34 -28998.9 -45757 16758 0.0099816 0.0999079 0.02 0 0 0.0292637 -0.0408313 -0.0194818
35 -29439.5 -45757 16317.5 0.010019 0.100095 0.02 0 0 0.0291183 -0.0421238 -0.020562
36 -29851.6 -45757 15905.4 0.0100039 0.10002 0.02 0 0 0.0302977 -0.0422081 -0.0209908
37 -30213.1 -45757 15543.8 0.00997528 0.0998763 0.02 0 0 0.0306246 -0.0442908 -0.0217266
38 -30547.6 -45757 15209.4 0.00996394 0.0998195 0.02 0 0 0.0300241 -0.0457812 -0.0216923
39 -30870.1 -45757 14886.9 0.0100177 0.100089 0.02 0 0 0.0303985 -0.0463055 -0.0218095
40 -31202.4 -45757 14554.6 0.00996417 0.0998207 0.02 0 0 0.029221 -0.0477763 -0.0235585
41 -31527.8 -45757 14229.2 0.00990708 0.0995343 0.02 0 0 0.0300166 -0.0480969 -0.0233143
42 -31771.9 -45757 13985.1 0.0100803 0.100401 0.02 0 0 0.0305439 -0.0484194 -0.0232503
43 -32073.8 -45757 13683.1 0.00998396 0.0999198 0.02 0 0 0.0325266 -0.0494421 -0.0243645
44 -32329.4 -45757 13427.6 0.00997168 0.0998583 0.02 0 0 0.0344672 -0.0482628 -0.0258943
45 -32571.1 -45757 13185.8 0.0100406 0.100203 0.02 0 0 0.0350982 -0.048611 -0.0260608
46 -32817.9 -45757 12939.1 0.0100231 0.100115 0.02 0 0 0.0357546 -0.049983 -0.0264867
47 -33018.2 -45757 12738.8 0.0100439 0.100219 0.02 0 0 0.0376414 -0.050614 -0.0270843
48 -33246.8 -45757 12510.1 0.0101161 0.100579 0.02 0 0 0.036801 -0.0495794 -0.0281078
49 -33472.1 -45757 12284.8 0.00994094 0.0997043 0.02 0 0 0.0372612 -0.050017 -0.0275354
50 -33627.9 -45757 12129.1 0.00998656 0.0999328 0.02 0 0 0.0383291 -0.051075 -0.0271759
51 -33849.6 -45757 11907.4 0.010106 0.100529 0.02 0 0 0.0383667 -0.0525835 -0.0273897
52 -34038.3 -45757 11718.7 0.0100568 0.100284 0.02 0 0 0.0378748 -0.0531696 -0.0272104
53 -34211.6 -45757 11545.4 0.00997541 0.099877 0.02 0 0 0.0373208 -0.0534777 -0.0265596
54 -34365.2 -45757 11391.8 0.0100273 0.100137 0.02 0 0 0.0384729 -0.0536844 -0.0278569
55 -34509.5 -45757 11247.5 0.0100304 0.100152 0.02 0 0 0.0382159 -0.0551783 -0.028543
56 -34683.6 -45757 11073.4 0.00993092 0.099654 0.02 0 0 0.0384561 -0.0562843 -0.028886
57 -34801.4 -45757 10955.6 0.0100511 0.100255 0.02 0 0 0.0396321 -0.0564502 -0.0302179
58 -34903 -45757 10854 0.0099793 0.0998964 0.02 0 0 0.0402343 -0.0573068 -0.0304728
59 -35022.6 -45757 10734.4 0.0100245 0.100123 0.02 0 0 0.040985 -0.0580613 -0.0304027
60 -35159.1 -45757 10597.9 0.0100883 0.10044 0.02 0 0 0.0411804 -0.0596779 -0.0302914
61 -35282.9 -45757 10474 0.00999797 0.0999899 0.02 0 0 0.0415695 -0.0606315 -0.0295138
62 -35404.9 -45757 10352.1 0.0100277 0.100139 0.02 0 0 0.041183 -0.0613226 -0.0299109
63 -35485.6 -45757 10271.4 0.00999937 0.0999969 0.02 0 0 0.0415288 -0.0624467 -0.0302446
64 -35602.5 -45757 10154.4 0.0100069 0.100034 0.02 0 0 0.043072 -0.0632629 -0.0312447
65 -35712.2 -45757 10044.8 0.0100362 0.100181 0.02 0 0 0.0431057 -0.0656078 -0.0321459
66 -35823 -45757 9933.95 0.00999572 0.0999786 0.02 0 0 0.0434195 -0.0661448 -0.0321626
67 -35921.2 -45757 9835.8 0.0100157 0.100079 0.02 0 0 0.0440962 -0.0677482 -0.0320988
68 -36038.3 -45757 9718.71 0.00994321 0.0997157 0.02 0 0 0.0449021 -0.0687806 -0.0326647
69 -36142 -45757 9614.98 0.00991916 0.099595 0.02 0 0 0.0457685 -0.0692994 -0.0326032
70 -36245.4 -45757 9511.56 0.0100115 0.100058 0.02 0 0 0.0472745 -0.0710943 -0.0327045
71 -36343.6 -45757 9413.37 0.010025 0.100125 0.02 0 0 0.0473505 -0.0715607 -0.0336335
72 -36411.6 -45757 9345.34 0.0100265 0.100133 0.02 0 0 0.0485478 -0.0734162 -0.0332555
73 -36494.1 -45757 9262.91 0.00990648 0.0995313 0.02 0 0 0.0499413 -0.0740102 -0.0344835
74 -36558.5 -45757 9198.45 0.010047 0.100235 0.02 0 0 0.0502716 -0.0759313 -0.0338477
75 -36625 -45757 9131.99 0.0100652 0.100326 0.02 0 0 0.0497708 -0.075937 -0.0335436
76 -36678.7 -45757 9078.29 0.0100425 0.100212 0.02 0 0 0.0510583 -0.0777323 -0.0344225
77 -36782.1 -45757 8974.92 0.00992666 0.0996326 0.02 0 0 0.0514419 -0.078722 -0.0341233
78 -36880.4 -45757 8876.52 0.00999834 0.0999917 0.02 0 0 0.0530412 -0.0791467 -0.0351186
79 -36960.9 -45757 8796.1 0.00998952 0.0999476 0.02 0 0 0.0536207 -0.0789829 -0.0354879
80 -37033.6 -45757 8723.36 0.00999134 0.0999567 0.02 0 0 0.0549502 -0.0785097 -0.0363254
81 -37098 -45757 8658.98 0.00998806 0.0999403 0.02 0 0 0.0551819 -0.0790392 -0.0363294
82 -37155.1 -45757 8601.89 0.0100122 0.100061 0.02 0 0 0.0569786 -0.0796775 -0.0359551
83 -37209.4 -45757 8547.57 0.0100319 0.100159 0.02 0 0 0.0574735 -0.081342 -0.0361876
84 -37259.1 -45757 8497.87 0.00997112 0.0998555 0.02 0 0 0.0573272 -0.0818424 -0.0373661
85 -37313.2 -45757 8443.74 0.00996608 0.0998302 0.02 0 0 0.0578048 -0.0823473 -0.036818
86 -37382.1 -45757 8374.88 0.0100267 0.100134 0.02 0 0 0.0575354 -0.0836162 -0.0374613
87 -37440.1 -45757 8316.89 0.010008 0.10004 0.02 0 0 0.0579961 -0.084704 -0.0371614
88 -37482.7 -45757 8274.27 0.0100621 0.10031 0.02 0 0 0.0586248 -0.0854573 -0.0375992
89 -37547.7 -45757 8209.23 0.00998288 0.0999144 0.02 0 0 0.0585466 -0.0854923 -0.0380465
90 -37603.4 -45757 8153.59 0.0100551 0.100275 0.02 0 0 0.0598421 -0.0864793 -0.0392204
91 -37674.4 -45757 8082.58 0.0100063 0.100031 0.02 0 0 0.0597753 -0.0873044 -0.0398405
92 -37714 -45757 8042.93 0.0100918 0.100458 0.02 0 0 0.0602799 -0.0882021 -0.0402634
93 -37773.2 -45757 7983.72 0.00999677 0.0999839 0.02 0 0 0.0601821 -0.0889466 -0.0413594
94 -37846.2 -45757 7910.76 0.0100125 0.100062 0.02 0 0 0.0604454 -0.0897817 -0.0415889
95 -37901.9 -45757 7855.02 0.0100475 0.100237 0.02 0 0 0.0610109 -0.0919837 -0.0436703
96 -37955.8 -45757 7801.2 0.0100276 0.100138 0.02 0 0 0.0621282 -0.0934365 -0.0431045
97 -37997.8 -45757 7759.14 0.0100306 0.100153 0.02 0 0 0.0623516 -0.0938044 -0.043187
98 -38022.6 -45757 7734.41 0.0100208 0.100104 0.02 0 0 0.0626805 -0.0943765 -0.044192
99 -38064.6 -45757 7692.39 0.00997115 0.0998556 0.02 0 0 0.0633316 -0.095186 -0.0450889
100 -38111.9 -45757 7645.11 0.0100037 0.100018 0.02 0 0 0.0644858 -0.0954395 -0.0447603
101 -38161.4 -45757 7595.61 0.0100395 0.100197 0.02 0 0 0.0639519 -0.0962635 -0.0443523
102 -38220.7 -45757 7536.32 0.0100078 0.100039 0.02 0 0 0.0642689 -0.0964856 -0.0442948
103 -38262.4 -45757 7494.52 0.00999368 0.0999684 0.02 0 0 0.0651014 -0.0976301 -0.0437462
104 -38333.2 -45757 7423.82 0.00998963 0.0999482 0.02 0 0 0.0643036 -0.0982314 -0.0439828
105 -38387.1 -45757 7369.83 0.0100056 0.100028 0.02 0 0 0.0649241 -0.098197 -0.0450325
106 -38431.7 -45757 7325.29 0.0100013 0.100006 0.02 0 0 0.0654636 -0.0987342 -0.0458007
107 -38468.8 -45757 7288.14 0.00999288 0.0999644 0.02 0 0 0.0668464 -0.098064 -0.046055
108 -38506.4 -45757 7250.62 0.010007 0.100035 0.02 0 0 0.0678115 -0.0988959 -0.046805
109 -38555.3 -45757 7201.63 0.0099831 0.0999155 0.02 0 0 0.0690036 -0.0993086 -0.0475963
110 -38599.3 -45757 7157.65 0.00998576 0.0999288 0.02 0 0 0.0706784 -0.0998699 -0.0478637
111 -38631 -45757 7125.95 0.0100334 0.100167 0.02 0 0 0.0709938 -0.100066 -0.048292
112 -38686.7 -45757 7070.29 0.0100516 0.100258 0.02 0 0 0.0711623 -0.0999863 -0.0486434
113 -38737.4 -45757 7019.55 0.00990944 0.0995462 0.02 0 0 0.0712281 -0.101042 -0.0496614
114 -38787.2 -45757 6969.77 0.00995459 0.0997727 0.02 0 0 0.0722342 -0.101532 -0.0507132
115 -38819.8 -45757 6937.16 0.0099717 0.0998584 0.02 0 0 0.0723372 -0.10241 -0.0507362
116 -38846.6 -45757 6910.41 0.00994431 0.0997212 0.02 0 0 0.0730094 -0.102878 -0.0513098
117 -38892.2 -45757 6864.81 0.00993454 0.0996722 0.02 0 0 0.0725729 -0.103179 -0.0524507
118 -38928.1 -45757 6828.84 0.0100401 0.1002 0.02 0 0 0.0737046 -0.103899 -0.0539664
119 -38980.2 -45757 6776.73 0.010004 0.10002 0.02 0 0 0.0738137 -0.10495 -0.0550849
120 -39021.1 -45757 6735.9 0.00998928 0.0999464 0.02 0 0 0.0757862 -0.105194 -0.0546696
121 -39064.1 -45757 6692.9 0.00994748 0.0997371 0.02 0 0 0.076135 -0.104703 -0.0551319
122 -39095 -45757 6662.01 0.0100328 0.100164 0.02 0 0 0.0766045 -0.106167 -0.0554978
123 -39130.7 -45757 6626.31 0.00998708 0.0999354 0.02 0 0 0.0766773 -0.106199 -0.0548319
124 -39145 -45757 6611.96 0.0100219 0.10011 0.02 0 0 0.0782757 -0.106786 -0.0562664
125 -39166.8 -45757 6590.14 0.00998693 0.0999346 0.02 0 0 0.0791133 -0.108183 -0.0565066
126 -39221.6 -45757 6535.38 0.0100305 0.100152 0.02 0 0 0.0806504 -0.108992 -0.0561259
127 -39258.6 -45757 6498.4 0.00989577 0.0994775 0.02 0 0 0.0813138 -0.108933 -0.057441
128 -39293.4 -45757 6463.61 0.0100497 0.100248 0.02 0 0 0.0824275 -0.109724 -0.0580851
129 -39336 -45757 6420.96 0.0100573 0.100286 0.02 0 0 0.0810888 -0.110497 -0.0569527
130 -39379.7 -45757 6377.28 0.00998686 0.0999343 0.02 0 0 0.0809737 -0.111759 -0.0569978
131 -39412.6 -45757 6344.35 0.0100253 0.100126 0.02 0 0 0.0818383 -0.112738 -0.0579776
132 -39445.4 -45757 6311.54 0.0099557 0.0997783 0.02 0 0 0.0821155 -0.113887 -0.0573817
133 -39483.2 -45757 6273.8 0.0100084 0.100042 0.02 0 0 0.0827861 -0.114612 -0.0579545
134 -39512.8 -45757 6244.21 0.00994721 0.0997357 0.02 0 0 0.0838766 -0.11535 -0.0585786
135 -39535.4 -45757 6221.59 0.00991741 0.0995862 0.02 0 0 0.0844913 -0.115599 -0.0596412
136 -39555 -45757 6202.01 0.00997559 0.0998779 0.02 0 0 0.0848734 -0.116568 -0.05957
137 -39573 -45757 6183.98 0.0100225 0.100112 0.02 0 0 0.0858172 -0.118786 -0.060704
138 -39619.6 -45757 6137.36 0.00998253 0.0999126 0.02 0 0 0.0859402 -0.118525 -0.0611479
139 -39648.2 -45757 6108.72 0.0100582 0.10029 0.02 0 0 0.0869559 -0.119612 -0.0610682
140 -39702.2 -45757 6054.76 0.00996978 0.0998488 0.02 0 0 0.0874394 -0.119977 -0.061314
141 -39741.4 -45757 6015.52 0.0101164 0.10058 0.02 0 0 0.0884798 -0.121314 -0.0609579
142 -39742.5 -45757 6014.46 0.00995642 0.0997818 0.02 0 0 0.0890401 -0.122349 -0.0630064
143 -39754 -45757 6002.98 0.010054 0.10027 0.02 0 0 0.0898858 -0.122766 -0.062802
144 -39783.8 -45757 5973.17 0.00999481 0.099974 0.02 0 0 0.0894794 -0.123484 -0.0628094
145 -39825.3 -45757 5931.66 0.00999189 0.0999594 0.02 0 0 0.0891572 -0.122309 -0.0634794
146 -39882.9 -45757 5874.09 0.00997406 0.0998702 0.02 0 0 0.0902159 -0.122111 -0.0653355
147 -39923.5 -45757 5833.48 0.0100062 0.100031 0.02 0 0 0.0914224 -0.123008 -0.0657741
148 -39935.2 -45757 5821.77 0.0099431 0.0997151 0.02 0 0 0.0911316 -0.123406 -0.0666863
149 -39962.7 -45757 5794.31 0.00996495 0.0998246 0.02 0 0 0.0920943 -0.124702 -0.0671049
150 -40001.8 -45757 5755.21 0.00994143 0.0997067 0.02 0 0 0.0922171 -0.124849 -0.0679067
151 -40044 -45757 5712.99 0.00995267 0.0997631 0.02 0 0 0.0926088 -0.124967 -0.0689381
152 -40087.8 -45757 5669.18 0.0100257 0.100128 0.02 0 0 0.0933733 -0.125212 -0.0699071
153 -40090.9 -45757 5666.11 0.00997359 0.0998679 0.02 0 0 0.0939768 -0.126204 -0.071147
154 -40110.4 -45757 5646.54 0.0100442 0.100221 0.02 0 0 0.0958783 -0.12685 -0.0726952
155 -40142.2 -45757 5614.78 0.0100074 0.100037 0.02 0 0 0.0958042 -0.127542 -0.0745918
156 -40134.2 -45757 5622.72 0.00998131 0.0999065 0.02 0 0 0.0960589 -0.128172 -0.0742154
157 -40163.3 -45757 5593.62 0.00996744 0.099837 0.02 0 0 0.0953704 -0.129394 -0.0749698
158 -40155.8 -45757 5601.17 0.0100104 0.100052 0.02 0 0 0.0953768 -0.130138 -0.0759123
159 -40184.6 -45757 5572.32 0.0100344 0.100172 0.02 0 0 0.0953167 -0.131741 -0.0770506
160 -40244.6 -45757 5512.4 0.00990093 0.0995034 0.02 0 0 0.0959491 -0.130995 -0.078765
161 -40267 -45757 5489.98 0.00997663 0.0998831 0.02 0 0 0.0959751 -0.131858 -0.0797362
162 -40265.3 -45757 5491.63 0.010057 0.100285 0.02 0 0 0.0964358 -0.134254 -0.0784976
163 -40290.1 -45757 5466.88 0.00998562 0.0999281 0.02 0 0 0.0971208 -0.135002 -0.0787085
164 -40326.4 -45757 5430.61 0.0100408 0.100204 0.02 0 0 0.0976241 -0.135423 -0.078829
165 -40347.6 -45757 5409.34 0.0100607 0.100303 0.02 0 0 0.0980877 -0.135708 -0.079268
166 -40357.1 -45757 5399.82 0.010045 0.100225 0.02 0 0 0.0988195 -0.134838 -0.0788813
167 -40400.3 -45757 5356.64 0.0100763 0.100381 0.02 0 0 0.0990673 -0.135951 -0.0799982
168 -40431.7 -45757 5325.27 0.00996718 0.0998358 0.02 0 0 0.0994892 -0.136603 -0.081058
169 -40447.2 -45757 5309.78 0.010054 0.10027 0.02 0 0 0.101534 -0.137559 -0.0815423
170 -40475.6 -45757 5281.34 0.00994976 0.0997485 0.02 0 0 0.102771 -0.137908 -0.0828019
171 -40487.4 -45757 5269.55 0.0100894 0.100446 0.02 0 0 0.102818 -0.138554 -0.0833817
172 -40496.4 -45757 5260.61 0.0100712 0.100355 0.02 0 0 0.103509 -0.138411 -0.0838968
173 -40513.5 -45757 5243.44 0.0100482 0.10024 0.02 0 0 0.104022 -0.139358 -0.0849648
174 -40527.9 -45757 5229.07 0.00995824 0.099791 0.02 0 0 0.105571 -0.138805 -0.085089
175 -40555.5 -45757 5201.44 0.0100324 0.100162 0.02 0 0 0.10551 -0.139703 -0.0854977
176 -40589.2 -45757 5167.76 0.0100114 0.100057 0.02 0 0 0.106183 -0.140947 -0.0867014
177 -40599 -45757 5157.98 0.0100249 0.100124 0.02 0 0 0.106791 -0.14095 -0.0876227
178 -40615.5 -45757 5141.42 0.0100178 0.100089 0.02 0 0 0.106678 -0.141286 -0.0889551
179 -40638.2 -45757 5118.76 0.00998717 0.0999358 0.02 0 0 0.107924 -0.14119 -0.0899091
180 -40645.2 -45757 5111.78 0.0099614 0.0998068 0.02 0 0 0.109504 -0.14224 -0.0903608
181 -40662.2 -45757 5094.79 0.0100174 0.100087 0.02 0 0 0.11019 -0.143424 -0.0908196
182 -40674 -45757 5082.92 0.00999932 0.0999966 0.02 0 0 0.110471 -0.143566 -0.0913669
183 -40679.9 -45757 5077.06 0.00997261 0.099863 0.02 0 0 0.110939 -0.143754 -0.0924662
184 -40732.5 -45757 5024.47 0.0100313 0.100157 0.02 0 0 0.111881 -0.144818 -0.0916697
185 -40741.1 -45757 5015.85 0.0100349 0.100174 0.02 0 0 0.11208 -0.145373 -0.0906014
186 -40764.7 -45757 4992.23 0.00998824 0.0999412 0.02 0 0 0.111904 -0.145364 -0.0914911
187 -40790.6 -45757 4966.38 0.0100299 0.100149 0.02 0 0 0.112063 -0.145625 -0.0905626
188 -40795 -45757 4962 0.0100113 0.100056 0.02 0 0 0.113052 -0.14606 -0.0899878
189 -40796.8 -45757 4960.14 0.0100076 0.100038 0.02 0 0 0.11473 -0.146022 -0.0887904
190 -40826.8 -45757 4930.16 0.0100389 0.100194 0.02 0 0 0.114165 -0.146743 -0.0893161
191 -40843.5 -45757 4913.43 0.0099722 0.0998609 0.02 0 0 0.114363 -0.147529 -0.0908089
192 -40851.5 -45757 4905.44 0.0100171 0.100086 0.02 0 0 0.114749 -0.147975 -0.0914887
193 -40857.5 -45757 4899.44 0.00995057 0.0997525 0.02 0 0 0.115217 -0.148573 -0.0917293
194 -40894.6 -45757 4862.37 0.0100305 0.100152 0.02 0 0 0.116365 -0.149914 -0.0917324
195 -40902.8 -45757 4854.16 0.00994991 0.0997492 0.02 0 0 0.116244 -0.151284 -0.092673
196 -40911.8 -45757 4845.18 0.0100461 0.10023 0.02 0 0 0.116948 -0.151723 -0.0925576
197 -40938.6 -45757 4818.35 0.00998683 0.0999341 0.02 0 0 0.118047 -0.151622 -0.0927601
198 -40943.6 -45757 4813.35 0.0100223 0.100112 0.02 0 0 0.119261 -0.153164 -0.0924732
199 -40955 -45757 4801.92 0.00998261 0.099913 0.02 0 0 0.119457 -0.153499 -0.0931248
200 -40985.9 -45757 4771.06 0.0100383 0.100191 0.02 0 0 0.120707 -0.153654 -0.0929782
201 -41016.1 -45757 4740.83 0.00999088 0.0999544 0.02 0 0 0.120916 -0.153504 -0.0929673
202 -41036.1 -45757 4720.87 0.0100807 0.100403 0.02 0 0 0.120343 -0.153153 -0.0936459
203 -41063.7 -45757 4693.29 0.0101032 0.100515 0.02 0 0 0.120888 -0.153243 -0.0941172
204 -41075 -45757 4681.95 0.00995865 0.0997931 0.02 0 0 0.120628 -0.152922 -0.0953817
205 -41086.9 -45757 4670.03 0.00998485 0.0999242 0.02 0 0 0.121396 -0.152126 -0.0965058
206 -41088 -45757 4668.95 0.00999929 0.0999965 0.02 0 0 0.120138 -0.15244 -0.0977077
207 -41087.1 -45757 4669.91 0.0100276 0.100138 0.02 0 0 0.121218 -0.151523 -0.0982558
208 -41096.3 -45757 4660.65 0.0100183 0.100092 0.02 0 0 0.12159 -0.151719 -0.0987802
209 -41096.3 -45757 4660.71 0.0100625 0.100312 0.02 0 0 0.121751 -0.153256 -0.100172
210 -41116.9 -45757 4640.12 0.00996612 0.0998304 0.02 0 0 0.121156 -0.152843 -0.100982
211 -41131 -45757 4625.93 0.0100193 0.100096 0.02 0 0 0.120686 -0.152536 -0.10077
212 -41146.3 -45757 4610.7 0.0100178 0.100089 0.02 0 0 0.120628 -0.153528 -0.101111
213 -41138.5 -45757 4618.52 0.0100432 0.100216 0.02 0 0 0.120789 -0.15517 -0.101069
214 -41165.1 -45757 4591.88 0.0100521 0.10026 0.02 0 0 0.121743 -0.156048 -0.100816
215 -41186.4 -45757 4570.61 0.00999752 0.0999876 0.02 0 0 0.123089 -0.156995 -0.100316
216 -41222.2 -45757 4534.8 0.00989448 0.099471 0.02 0 0 0.12314 -0.157735 -0.101082
217 -41210 -45757 4546.94 0.0100084 0.100042 0.02 0 0 0.123076 -0.158523 -0.101117
218 -41238.3 -45757 4518.65 0.0100022 0.100011 0.02 0 0 0.123444 -0.158121 -0.102311
219 -41237.1 -45757 4519.86 0.00993416 0.0996703 0.02 0 0 0.124091 -0.158805 -0.102758
220 -41244.4 -45757 4512.57 0.00994 0.0996996 0.02 0 0 0.125668 -0.159599 -0.10368
221 -41257.6 -45757 4499.42 0.0100021 0.10001 0.02 0 0 0.126278 -0.160711 -0.103776
222 -41255.3 -45757 4501.7 0.00999635 0.0999817 0.02 0 0 0.126467 -0.161115 -0.103796
223 -41255.6 -45757 4501.39 0.010033 0.100165 0.02 0 0 0.126287 -0.162478 -0.105576
224 -41289 -45757 4467.99 0.00995012 0.0997503 0.02 0 0 0.127829 -0.163618 -0.105709
225 -41313.1 -45757 4443.87 0.0100499 0.100249 0.02 0 0 0.1277 -0.164096 -0.106183
226 -41342 -45757 4414.96 0.00994837 0.0997415 0.02 0 0 0.129112 -0.16364 -0.106389
227 -41358.4 -45757 4398.59 0.0100634 0.100317 0.02 0 0 0.129348 -0.164598 -0.106601
228 -41364.4 -45757 4392.54 0.00995867 0.0997931 0.02 0 0 0.130637 -0.164937 -0.106771
229 -41391.9 -45757 4365.05 0.0099522 0.0997607 0.02 0 0 0.129933 -0.165865 -0.107827
230 -41410.3 -45757 4346.67 0.00997761 0.099888 0.02 0 0 0.129505 -0.166812 -0.107556
231 -41429.1 -45757 4327.9 0.0100134 0.100067 0.02 0 0 0.129541 -0.167828 -0.108717
232 -41417.6 -45757 4339.34 0.0100658 0.100328 0.02 0 0 0.130662 -0.167697 -0.108485
233 -41417.2 -45757 4339.75 0.0100686 0.100343 0.02 0 0 0.131818 -0.169369 -0.109207
234 -41418.2 -45757 4338.76 0.00997309 0.0998654 0.02 0 0 0.132918 -0.170104 -0.108625
235 -41429.3 -45757 4327.68 0.0100205 0.100103 0.02 0 0 0.133729 -0.171925 -0.109643
236 -41432.8 -45757 4324.12 0.0100499 0.100249 0.02 0 0 0.13302 -0.171771 -0.109728
237 -41473.7 -45757 4283.26 0.00997388 0.0998693 0.02 0 0 0.133548 -0.172949 -0.109404
238 -41492.2 -45757 4264.77 0.0100132 0.100066 0.02 0 0 0.134316 -0.174284 -0.109061
239 -41486.6 -45757 4270.33 0.0100111 0.100056 0.02 0 0 0.134991 -0.175257 -0.109021
240 -41484.1 -45757 4272.83 0.0100942 0.10047 0.02 0 0 0.136124 -0.175969 -0.108434
241 -41490 -45757 4266.95 0.00999745 0.0999873 0.02 0 0 0.136326 -0.176721 -0.109338
242 -41508.6 -45757 4248.37 0.00999944 0.0999972 0.02 0 0 0.135935 -0.17733 -0.109874
243 -41534 -45757 4223.01 0.00997934 0.0998967 0.02 0 0 0.136723 -0.177586 -0.108965
244 -41548 -45757 4208.96 0.00992224 0.0996104 0.02 0 0 0.137577 -0.177127 -0.10898
245 -41560 -45757 4196.95 0.0100041 0.10002 0.02 0 0 0.139094 -0.177323 -0.10957
246 -41581.4 -45757 4175.57 0.00999817 0.0999909 0.02 0 0 0.139057 -0.177278 -0.109985
247 -41589.4 -45757 4167.52 0.0099036 0.0995168 0.02 0 0 0.139418 -0.178398 -0.112139
248 -41595.7 -45757 4161.31 0.00998658 0.0999329 0.02 0 0 0.139764 -0.17894 -0.112551
249 -41609.3 -45757 4147.67 0.010029 0.100145 0.02 0 0 0.139693 -0.181049 -0.11384
250 -41616.3 -45757 4140.7 0.00997634 0.0998816 0.02 0 0 0.140235 -0.182727 -0.114481
251 -41623.5 -45757 4133.48 0.0100219 0.100109 0.02 0 0 0.14089 -0.181453 -0.115859
252 -41644.5 -45757 4112.48 0.0100096 0.100048 0.02 0 0 0.141982 -0.18297 -0.115474
253 -41655.8 -45757 4101.14 0.0100284 0.100142 0.02 0 0 0.142217 -0.183449 -0.11589
254 -41658.2 -45757 4098.79 0.00990992 0.0995486 0.02 0 0 0.143339 -0.183973 -0.116278
255 -41685 -45757 4071.94 0.00992141 0.0996063 0.02 0 0 0.14399 -0.184158 -0.115718
256 -41702.3 -45757 4054.7 0.0100773 0.100386 0.02 0 0 0.144263 -0.185441 -0.11616
257 -41717.4 -45757 4039.59 0.00997432 0.0998715 0.02 0 0 0.145253 -0.185734 -0.116947
258 -41725.3 -45757 4031.65 0.0100477 0.100238 0.02 0 0 0.146356 -0.186375 -0.117778
259 -41714.4 -45757 4042.56 0.0100761 0.10038 0.02 0 0 0.146526 -0.186814 -0.116808
260 -41719.8 -45757 4037.2 0.0100933 0.100466 0.02 0 0 0.146832 -0.186231 -0.117701
261 -41727.1 -45757 4029.92 0.00997051 0.0998525 0.02 0 0 0.147845 -0.186615 -0.118926
262 -41754.6 -45757 4002.34 0.0100652 0.100326 0.02 0 0 0.149734 -0.187089 -0.119703
263 -41757.8 -45757 3999.2 0.00998622 0.0999311 0.02 0 0 0.149248 -0.186705 -0.120558
264 -41754.3 -45757 4002.62 0.00999732 0.0999866 0.02 0 0 0.150377 -0.187085 -0.121193
265 -41765.1 -45757 3991.85 0.0100405 0.100202 0.02 0 0 0.150791 -0.187073 -0.121102
266 -41769.1 -45757 3987.87 0.0100407 0.100203 0.02 0 0 0.151104 -0.188112 -0.122505
267 -41779.4 -45757 3977.59 0.00996945 0.0998472 0.02 0 0 0.151341 -0.188549 -0.12262
268 -41786.6 -45757 3970.37 0.0100242 0.100121 0.02 0 0 0.151029 -0.188667 -0.123063
269 -41813.5 -45757 3943.44 0.0100539 0.100269 0.02 0 0 0.151838 -0.188746 -0.123718
270 -41816.8 -45757 3940.18 0.0100465 0.100232 0.02 0 0 0.153105 -0.189344 -0.123649
271 -41815.2 -45757 3941.79 0.0100673 0.100336 0.02 0 0 0.153218 -0.189995 -0.123652
272 -41824.1 -45757 3932.85 0.0100014 0.100007 0.02 0 0 0.155402 -0.191724 -0.122635
273 -41859.4 -45757 3897.54 0.00993365 0.0996677 0.02 0 0 0.155261 -0.192735 -0.123822
274 -41864.7 -45757 3892.28 0.00997058 0.0998528 0.02 0 0 0.155581 -0.192891 -0.124275
275 -41867.3 -45757 3889.62 0.00994581 0.0997287 0.02 0 0 0.156135 -0.193253 -0.125907
276 -41864.2 -45757 3892.8 0.00995129 0.0997561 0.02 0 0 0.15731 -0.193867 -0.127128
277 -41877.5 -45757 3879.48 0.0100815 0.100407 0.02 0 0 0.158074 -0.194342 -0.127407
278 -41881.8 -45757 3875.18 0.0100348 0.100174 0.02 0 0 0.159453 -0.194724 -0.127406
279 -41891.6 -45757 3865.37 0.0100523 0.100261 0.02 0 0 0.159002 -0.195165 -0.127696
280 -41886.5 -45757 3870.44 0.0100173 0.100087 0.02 0 0 0.159326 -0.195819 -0.128678
281 -41901.4 -45757 3855.59 0.00999251 0.0999625 0.02 0 0 0.160219 -0.197783 -0.129357
282 -41904 -45757 3852.97 0.00993499 0.0996744 0.02 0 0 0.160333 -0.19845 -0.130149
283 -41911.9 -45757 3845.06 0.0100471 0.100235 0.02 0 0 0.161384 -0.198929 -0.131453
284 -41928.7 -45757 3828.27 0.00999 0.09995 0.02 0 0 0.162753 -0.199493 -0.131777
285 -41939.4 -45757 3817.52 0.0100795 0.100397 0.02 0 0 0.163112 -0.200494 -0.13161
286 -41946.2 -45757 3810.77 0.00996324 0.0998161 0.02 0 0 0.164826 -0.201414 -0.130633
287 -41953 -45757 3804.02 0.010028 0.10014 0.02 0 0 0.166416 -0.202459 -0.131454
288 -41954.9 -45757 3802.07 0.0100022 0.100011 0.02 0 0 0.167075 -0.203477 -0.131891
289 -41968.7 -45757 3788.31 0.00998744 0.0999372 0.02 0 0 0.16771 -0.203793 -0.131229
290 -41960.8 -45757 3796.15 0.0100633 0.100316 0.02 0 0 0.168831 -0.204351 -0.131692
291 -41981.4 -45757 3775.62 0.00999516 0.0999758 0.02 0 0 0.169238 -0.204528 -0.131812
292 -41966.9 -45757 3790.11 0.0100595 0.100297 0.02 0 0 0.169551 -0.205762 -0.133031
293 -41986 -45757 3770.97 0.00996129 0.0998063 0.02 0 0 0.169958 -0.206886 -0.132317
294 -42009.1 -45757 3747.84 0.0101033 0.100515 0.02 0 0 0.170566 -0.208328 -0.133019
295 -42007.6 -45757 3749.33 0.0100148 0.100074 0.02 0 0 0.171664 -0.209599 -0.133044
296 -42002.7 -45757 3754.25 0.0100437 0.100218 0.02 0 0 0.171829 -0.210772 -0.133156
297 -42027.3 -45757 3729.62 0.00997269 0.0998634 0.02 0 0 0.171207 -0.211423 -0.132765
298 -42043.1 -45757 3713.85 0.0100029 0.100014 0.02 0 0 0.17245 -0.212727 -0.132997
299 -42041.6 -45757 3715.38 0.00992166 0.0996075 0.02 0 0 0.173226 -0.213898 -0.133363
300 -42056.5 -45757 3700.5 0.0100268 0.100134 0.02 0 0 0.173793 -0.214955 -0.132924
301 -42075.8 -45757 3681.19 0.00998247 0.0999123 0.02 0 0 0.174857 -0.215635 -0.134038
302 -42070.7 -45757 3686.3 0.0100888 0.100443 0.02 0 0 0.175811 -0.217085 -0.13434
303 -42077.6 -45757 3679.41 0.0100161 0.10008 0.02 0 0 0.177443 -0.217562 -0.134798
304 -42088.3 -45757 3668.65 0.00992394 0.099619 0.02 0 0 0.177898 -0.218452 -0.135028
305 -42097.4 -45757 3659.59 0.0100677 0.100338 0.02 0 0 0.177378 -0.218504 -0.134309
306 -42082.1 -45757 3674.89 0.0100011 0.100006 0.02 0 0 0.177825 -0.21992 -0.133794
307 -42112.1 -45757 3644.9 0.0100007 0.100004 0.02 0 0 0.178239 -0.219401 -0.134317
308 -42135.9 -45757 3621.09 0.00997663 0.0998831 0.02 0 0 0.178815 -0.220649 -0.134779
309 -42126.8 -45757 3630.12 0.0100342 0.100171 0.02 0 0 0.179231 -0.221148 -0.135218
310 -42125.9 -45757 3631.08 0.00999427 0.0999714 0.02 0 0 0.178835 -0.221028 -0.135911
311 -42119.9 -45757 3637.11 0.00999513 0.0999756 0.02 0 0 0.178312 -0.220316 -0.135873
312 -42117.2 -45757 3639.79 0.00996583 0.099829 0.02 0 0 0.179337 -0.220282 -0.136828
313 -42105.4 -45757 3651.58 0.0100332 0.100166 0.02 0 0 0.180026 -0.220801 -0.137413
314 -42114.3 -45757 3642.62 0.00998432 0.0999216 0.02 0 0 0.180109 -0.22225 -0.137188
315 -42128.6 -45757 3628.41 0.00995396 0.0997695 0.02 0 0 0.179679 -0.223064 -0.138614
316 -42131 -45757 3625.98 0.010058 0.10029 0.02 0 0 0.181916 -0.223868 -0.13826
317 -42142.5 -45757 3614.48 0.0100188 0.100094 0.02 0 0 0.181967 -0.223264 -0.138273
318 -42142.8 -45757 3614.17 0.00997584 0.0998791 0.02 0 0 0.183219 -0.223693 -0.136642
319 -42148.3 -45757 3608.68 0.0100711 0.100355 0.02 0 0 0.18334 -0.224346 -0.137054
320 -42161.5 -45757 3595.52 0.00995052 0.0997523 0.02 0 0 0.183586 -0.225411 -0.13782
321 -42169.2 -45757 3587.72 0.0100117 0.100059 0.02 0 0 0.185321 -0.225743 -0.138
322 -42173.1 -45757 3583.9 0.00999346 0.0999673 0.02 0 0 0.186681 -0.22583 -0.13861
323 -42174.4 -45757 3582.54 0.0100062 0.100031 0.02 0 0 0.187516 -0.22686 -0.140208
324 -42177 -45757 3579.96 0.0099596 0.0997978 0.02 0 0 0.187086 -0.226846 -0.140276
325 -42180.8 -45757 3576.15 0.0100412 0.100206 0.02 0 0 0.18733 -0.227038 -0.141092
326 -42192.7 -45757 3564.28 0.00997623 0.0998811 0.02 0 0 0.187323 -0.227784 -0.141353
327 -42217.6 -45757 3539.34 0.0100075 0.100038 0.02 0 0 0.188063 -0.227296 -0.141228
328 -42221.1 -45757 3535.86 0.00999861 0.0999931 0.02 0 0 0.189224 -0.227477 -0.141352
329 -42216 -45757 3540.96 0.0100562 0.100281 0.02 0 0 0.189543 -0.22821 -0.141345
330 -42243.8 -45757 3513.19 0.010014 0.10007 0.02 0 0 0.190166 -0.229189 -0.140523
331 -42246.9 -45757 3510.05 0.0100282 0.100141 0.02 0 0 0.19123 -0.229223 -0.141416
332 -42241.1 -45757 3515.87 0.0100503 0.100251 0.02 0 0 0.190522 -0.229371 -0.141281
333 -42253.6 -45757 3503.32 0.0100148 0.100074 0.02 0 0 0.190601 -0.229497 -0.142274
334 -42263.6 -45757 3493.39 0.0100029 0.100014 0.02 0 0 0.191233 -0.230369 -0.143439
335 -42266.3 -45757 3490.69 0.0100384 0.100192 0.02 0 0 0.193122 -0.230391 -0.145042
336 -42283.3 -45757 3473.71 0.0100559 0.100279 0.02 0 0 0.192872 -0.23082 -0.146339
337 -42282.4 -45757 3474.62 0.00996762 0.099838 0.02 0 0 0.193393 -0.230453 -0.147249
338 -42295.2 -45757 3461.76 0.0100025 0.100012 0.02 0 0 0.193129 -0.230673 -0.14657
339 -42281.1 -45757 3475.89 0.0100144 0.100072 0.02 0 0 0.194059 -0.231316 -0.14741
340 -42280 -45757 3476.96 0.00998217 0.0999108 0.02 0 0 0.194073 -0.231672 -0.147057
341 -42281.6 -45757 3475.32 0.0100482 0.10024 0.02 0 0 0.19521 -0.232281 -0.14815
342 -42282.9 -45757 3474.08 0.0099809 0.0999044 0.02 0 0 0.196203 -0.233501 -0.14842
343 -42281.3 -45757 3475.7 0.0100383 0.100191 0.02 0 0 0.196803 -0.235203 -0.149433
344 -42274 -45757 3482.98 0.00998382 0.0999191 0.02 0 0 0.19825 -0.234865 -0.149128
345 -42295.5 -45757 3461.46 0.00993151 0.099657 0.02 0 0 0.197623 -0.235442 -0.149153
346 -42314.5 -45757 3442.51 0.010025 0.100125 0.02 0 0 0.198903 -0.235399 -0.148429
347 -42322.8 -45757 3434.17 0.00992482 0.0996234 0.02 0 0 0.199104 -0.236546 -0.148706
348 -42328.9 -45757 3428.05 0.0099454 0.0997266 0.02 0 0 0.200044 -0.237951 -0.148197
349 -42325.4 -45757 3431.56 0.00998317 0.0999158 0.02 0 0 0.200832 -0.238174 -0.148212
350 -42317.1 -45757 3439.84 0.00997917 0.0998958 0.02 0 0 0.201121 -0.23868 -0.149001
351 -42315.1 -45757 3441.89 0.00992536 0.0996261 0.02 0 0 0.202025 -0.239179 -0.149342
352 -42318.6 -45757 3438.41 0.0100861 0.10043 0.02 0 0 0.20073 -0.240804 -0.149296
353 -42314.9 -45757 3442.04 0.0100699 0.100349 0.02 0 0 0.202303 -0.24231 -0.148847
354 -42325.6 -45757 3431.38 0.00989656 0.0994814 0.02 0 0 0.202705 -0.243506 -0.148864
355 -42320.9 -45757 3436.07 0.00997396 0.0998697 0.02 0 0 0.202627 -0.243578 -0.148321
356 -42338.7 -45757 3418.26 0.00992309 0.0996147 0.02 0 0 0.203553 -0.244079 -0.148728
357 -42355.3 -45757 3401.66 0.00997228 0.0998613 0.02 0 0 0.20444 -0.245043 -0.149806
358 -42374.6 -45757 3382.4 0.00998955 0.0999478 0.02 0 0 0.206031 -0.246156 -0.149548
359 -42364 -45757 3393.01 0.00997145 0.0998572 0.02 0 0 0.205506 -0.247319 -0.149963
360 -42362.3 -45757 3394.69 0.00997668 0.0998833 0.02 0 0 0.205081 -0.248775 -0.150694
361 -42381.4 -45757 3375.54 0.00997939 0.0998969 0.02 0 0 0.206102 -0.24939 -0.150079
362 -42385.4 -45757 3371.59 0.010059 0.100294 0.02 0 0 0.206919 -0.250309 -0.150752
363 -42393.2 -45757 3363.73 0.0100033 0.100016 0.02 0 0 0.208844 -0.251583 -0.150022
364 -42409.8 -45757 3347.12 0.0100242 0.100121 0.02 0 0 0.209365 -0.252531 -0.150296
365 -42410.7 -45757 3346.22 0.00992714 0.0996351 0.02 0 0 0.20981 -0.252207 -0.149601
366 -42410.1 -45757 3346.91 0.00998476 0.0999238 0.02 0 0 0.209338 -0.252291 -0.14892
367 -42405.3 -45757 3351.71 0.0100734 0.100366 0.02 0 0 0.210111 -0.252989 -0.148685
368 -42400.2 -45757 3356.75 0.0100324 0.100162 0.02 0 0 0.2109 -0.25355 -0.148794
369 -42385.2 -45757 3371.78 0.00999883 0.0999942 0.02 0 0 0.212008 -0.254049 -0.149636
370 -42376.2 -45757 3380.81 0.00994594 0.0997293 0.02 0 0 0.212255 -0.253634 -0.150803
371 -42393.2 -45757 3363.81 0.0100679 0.100339 0.02 0 0 0.21294 -0.254793 -0.150384
372 -42402.7 -45757 3354.22 0.00998001 0.0999 0.02 0 0 0.213105 -0.25473 -0.150806
373 -42427.3 -45757 3329.66 0.00996798 0.0998398 0.02 0 0 0.214297 -0.255341 -0.152295
374 -42436.8 -45757 3320.16 0.010006 0.10003 0.02 0 0 0.214168 -0.255874 -0.152947
375 -42436.4 -45757 3320.54 0.00996032 0.0998014 0.02 0 0 0.213877 -0.256944 -0.15217
376 -42454.1 -45757 3302.84 0.010046 0.10023 0.02 0 0 0.214045 -0.256634 -0.15318
377 -42444.1 -45757 3312.84 0.00996544 0.099827 0.02 0 0 0.214128 -0.257617 -0.153983
378 -42446.1 -45757 3310.84 0.00994239 0.0997115 0.02 0 0 0.213739 -0.256882 -0.154603
379 -42447.8 -45757 3309.15 0.0100313 0.100156 0.02 0 0 0.214758 -0.257791 -0.154876
380 -42439.5 -45757 3317.48 0.00998929 0.0999465 0.02 0 0 0.215392 -0.257537 -0.155273
381 -42450.8 -45757 3306.17 0.00999727 0.0999864 0.02 0 0 0.215686 -0.257304 -0.154711
382 -42439.9 -45757 3317.09 0.00999165 0.0999582 0.02 0 0 0.216275 -0.256994 -0.155035
383 -42438.3 -45757 3318.66 0.0100278 0.100139 0.02 0 0 0.216745 -0.258088 -0.15532
384 -42452.6 -45757 3304.33 0.00996708 0.0998353 0.02 0 0 0.218109 -0.259213 -0.155516
385 -42496.8 -45757 3260.18 0.0100696 0.100347 0.02 0 0 0.21845 -0.260082 -0.155458
386 -42494.8 -45757 3262.13 0.00989704 0.0994839 0.02 0 0 0.21962 -0.260452 -0.155082
387 -42498.1 -45757 3258.86 0.00996834 0.0998416 0.02 0 0 0.220927 -0.259959 -0.154368
388 -42491.3 -45757 3265.64 0.0100652 0.100326 0.02 0 0 0.222003 -0.260375 -0.155127
389 -42488.6 -45757 3268.36 0.0100395 0.100197 0.02 0 0 0.221886 -0.260728 -0.156265
390 -42498 -45757 3258.98 0.00996384 0.0998191 0.02 0 0 0.221625 -0.262049 -0.156335
391 -42505.1 -45757 3251.84 0.00999267 0.0999634 0.02 0 0 0.222599 -0.263062 -0.155839
392 -42491.1 -45757 3265.82 0.0100545 0.100272 0.02 0 0 0.223858 -0.262877 -0.15479
393 -42479.2 -45757 3277.75 0.010006 0.10003 0.02 0 0 0.224648 -0.263155 -0.154469
394 -42490.6 -45757 3266.36 0.0100321 0.10016 0.02 0 0 0.224996 -0.26335 -0.153637
395 -42506.1 -45757 3250.9 0.00996581 0.0998289 0.02 0 0 0.225215 -0.264371 -0.153197
396 -42524.8 -45757 3232.12 0.00993769 0.099688 0.02 0 0 0.224812 -0.265846 -0.154108
397 -42522.6 -45757 3234.35 0.0100411 0.100205 0.02 0 0 0.225586 -0.266509 -0.153171
398 -42523.9 -45757 3233.04 0.00999577 0.0999788 0.02 0 0 0.225203 -0.267704 -0.153411
399 -42539.8 -45757 3217.19 0.0100409 0.100204 0.02 0 0 0.2256 -0.266647 -0.154485
400 -42524.1 -45757 3232.88 0.0100072 0.100036 0.02 0 0 0.225341 -0.267315 -0.155023
401 -42530.7 -45757 3226.23 0.00999636 0.0999818 0.02 0 0 0.224862 -0.267908 -0.154873
402 -42534.2 -45757 3222.77 0.0100841 0.10042 0.02 0 0 0.226219 -0.268575 -0.155223
403 -42547.7 -45757 3209.29 0.010047 0.100235 0.02 0 0 0.227104 -0.269074 -0.156309
404 -42517 -45757 3239.97 0.0100043 0.100021 0.02 0 0 0.22811 -0.26954 -0.155989
405 -42520.7 -45757 3236.3 0.0100263 0.100132 0.02 0 0 0.22979 -0.270095 -0.155846
406 -42519.4 -45757 3237.61 0.00994077 0.0997034 0.02 0 0 0.22958 -0.270683 -0.155792
407 -42505.2 -45757 3251.74 0.0100348 0.100174 0.02 0 0 0.230095 -0.271604 -0.156677
408 -42526.4 -45757 3230.53 0.00997924 0.0998962 0.02 0 0 0.230511 -0.272682 -0.15713
409 -42543.7 -45757 3213.3 0.010042 0.10021 0.02 0 0 0.231065 -0.273895 -0.15714
410 -42539.3 -45757 3217.66 0.00990223 0.09951 0.02 0 0 0.230586 -0.274808 -0.157074
411 -42546.1 -45757 3210.87 0.0100141 0.100071 0.02 0 0 0.231503 -0.274685 -0.156832
412 -42541.5 -45757 3215.5 0.0100493 0.100246 0.02 0 0 0.231747 -0.275057 -0.157029
413 -42548.8 -45757 3208.2 0.0100275 0.100137 0.02 0 0 0.23111 -0.275269 -0.1579
414 -42534.1 -45757 3222.85 0.00999362 0.0999681 0.02 0 0 0.230018 -0.275897 -0.15754
415 -42542 -45757 3214.93 0.0100371 0.100185 0.02 0 0 0.229616 -0.275957 -0.157963
416 -42562.7 -45757 3194.3 0.0100062 0.100031 0.02 0 0 0.230312 -0.276436 -0.157508
417 -42561.7 -45757 3195.32 0.0100426 0.100213 0.02 0 0 0.231678 -0.276899 -0.1577
418 -42562.4 -45757 3194.59 0.00996309 0.0998153 0.02 0 0 0.231939 -0.277645 -0.156913
419 -42570.5 -45757 3186.51 0.0100108 0.100054 0.02 0 0 0.233317 -0.277524 -0.156704
420 -42573.9 -45757 3183.05 0.0100117 0.100059 0.02 0 0 0.234434 -0.278229 -0.157197
421 -42583.1 -45757 3173.89 0.00993728 0.0996859 0.02 0 0 0.235687 -0.277878 -0.158597
422 -42565.7 -45757 3191.29 0.00998804 0.0999402 0.02 0 0 0.236486 -0.278581 -0.158734
423 -42565.3 -45757 3191.71 0.0100184 0.100092 0.02 0 0 0.238618 -0.27891 -0.159161
424 -42570.8 -45757 3186.22 0.0100295 0.100147 0.02 0 0 0.238085 -0.279811 -0.158466
425 -42532.3 -45757 3224.68 0.00997166 0.0998582 0.02 0 0 0.238603 -0.280749 -0.158675
426 -42555.8 -45757 3201.12 0.0100082 0.100041 0.02 0 0 0.237578 -0.280712 -0.159267
427 -42568.4 -45757 3188.53 0.00992221 0.0996103 0.02 0 0 0.237933 -0.280705 -0.158571
428 -42576.5 -45757 3180.45 0.00995266 0.099763 0.02 0 0 0.237313 -0.280814 -0.158384
429 -42582.3 -45757 3174.64 0.0100001 0.1 0.02 0 0 0.237438 -0.280908 -0.158364
430 -42583 -45757 3173.96 0.0099744 0.0998719 0.02 0 0 0.237974 -0.281468 -0.158597
431 -42605.4 -45757 3151.6 0.0100142 0.100071 0.02 0 0 0.238506 -0.282632 -0.159215
432 -42611 -45757 3145.97 0.00989818 0.0994896 0.02 0 0 0.239769 -0.283061 -0.160467
433 -42594.9 -45757 3162.03 0.010073 0.100364 0.02 0 0 0.240051 -0.283345 -0.161488
434 -42608.4 -45757 3148.6 0.0100354 0.100177 0.02 0 0 0.240954 -0.283327 -0.162085
435 -42619.8 -45757 3137.19 0.0100241 0.10012 0.02 0 0 0.243004 -0.283911 -0.161936
436 -42634.2 -45757 3122.76 0.00998611 0.0999305 0.02 0 0 0.242732 -0.284171 -0.161656
437 -42645.7 -45757 3111.28 0.00994232 0.0997112 0.02 0 0 0.243264 -0.28409 -0.161813
438 -42661.6 -45757 3095.39 0.0100576 0.100288 0.02 0 0 0.243872 -0.284688 -0.162333
439 -42655.8 -45757 3101.15 0.00999359 0.099968 0.02 0 0 0.244847 -0.285074 -0.162445
440 -42647.3 -45757 3109.69 0.0100216 0.100108 0.02 0 0 0.244785 -0.28765 -0.162185
441 -42641.1 -45757 3115.88 0.0100902 0.10045 0.02 0 0 0.246011 -0.288027 -0.16194
442 -42639.2 -45757 3117.77 0.0099907 0.0999535 0.02 0 0 0.245679 -0.288546 -0.162372
443 -42654.3 -45757 3102.67 0.0100216 0.100108 0.02 0 0 0.246585 -0.290188 -0.161826
444 -42653.1 -45757 3103.84 0.00993725 0.0996858 0.02 0 0 0.247642 -0.290323 -0.161828
445 -42636.5 -45757 3120.47 0.0100256 0.100128 0.02 0 0 0.247533 -0.290977 -0.161361
446 -42641.1 -45757 3115.92 0.0100115 0.100057 0.02 0 0 0.248406 -0.292254 -0.162008
447 -42666.2 -45757 3090.72 0.0100683 0.100341 0.02 0 0 0.249156 -0.292853 -0.163009
448 -42678 -45757 3079 0.0100503 0.100251 0.02 0 0 0.249706 -0.293512 -0.16367
449 -42680.8 -45757 3076.13 0.0100044 0.100022 0.02 0 0 0.249674 -0.294124 -0.164487
450 -42686.9 -45757 3070.04 0.0100041 0.100021 0.02 0 0 0.249401 -0.294099 -0.165278
451 -42683.2 -45757 3073.81 0.0099757 0.0998784 0.02 0 0 0.249258 -0.29387 -0.164287
452 -42689.9 -45757 3067.11 0.010041 0.100205 0.02 0 0 0.249139 -0.294264 -0.165584
453 -42693 -45757 3063.98 0.0100685 0.100342 0.02 0 0 0.250039 -0.295405 -0.164373
454 -42694.5 -45757 3062.45 0.0100063 0.100032 0.02 0 0 0.250208 -0.295934 -0.163497
455 -42700.6 -45757 3056.36 0.0100263 0.100131 0.02 0 0 0.251334 -0.296043 -0.16331
456 -42729.3 -45757 3027.62 0.0100467 0.100233 0.02 0 0 0.251754 -0.295803 -0.16428
457 -42726.9 -45757 3030.09 0.0098822 0.0994093 0.02 0 0 0.251969 -0.294568 -0.164485
458 -42705.9 -45757 3051.04 0.00996519 0.0998258 0.02 0 0 0.25201 -0.295175 -0.165987
459 -42702.3 -45757 3054.64 0.00998146 0.0999072 0.02 0 0 0.252042 -0.294804 -0.165962
460 -42732.3 -45757 3024.64 0.0100343 0.100171 0.02 0 0 0.252802 -0.295346 -0.166156
461 -42733 -45757 3023.96 0.00992242 0.0996113 0.02 0 0 0.253761 -0.296441 -0.16622
462 -42719.7 -45757 3037.26 0.0100373 0.100186 0.02 0 0 0.255504 -0.297001 -0.166015
463 -42732.4 -45757 3024.55 0.00994617 0.0997305 0.02 0 0 0.255536 -0.297513 -0.165289
464 -42725.4 -45757 3031.59 0.00998122 0.099906 0.02 0 0 0.256899 -0.297045 -0.166423
465 -42729.5 -45757 3027.46 0.00996015 0.0998006 0.02 0 0 0.257022 -0.296764 -0.167164
466 -42746.9 -45757 3010.02 0.0099637 0.0998183 0.02 0 0 0.258084 -0.297139 -0.16672
467 -42746.6 -45757 3010.41 0.00992758 0.0996372 0.02 0 0 0.258697 -0.2971 -0.167676
468 -42743.7 -45757 3013.29 0.010042 0.10021 0.02 0 0 0.259407 -0.297995 -0.167726
469 -42733.4 -45757 3023.59 0.00995867 0.0997931 0.02 0 0 0.259931 -0.299212 -0.167419
470 -42745.7 -45757 3011.25 0.0100591 0.100295 0.02 0 0 0.260251 -0.300255 -0.166995
471 -42761.8 -45757 2995.2 0.00996373 0.0998185 0.02 0 0 0.260715 -0.299394 -0.166489
472 -42760 -45757 2996.97 0.0100437 0.100218 0.02 0 0 0.261784 -0.298874 -0.165421
473 -42751 -45757 3005.98 0.00995247 0.099762 0.02 0 0 0.262433 -0.298507 -0.165322
474 -42734.1 -45757 3022.84 0.0100063 0.100032 0.02 0 0 0.262701 -0.299096 -0.165546
475 -42743.3 -45757 3013.65 0.00998319 0.0999159 0.02 0 0 0.263757 -0.299579 -0.165134
476 -42770.4 -45757 2986.59 0.0100248 0.100124 0.02 0 0 0.264365 -0.301353 -0.164884
477 -42772.7 -45757 2984.26 0.0100691 0.100345 0.02 0 0 0.265032 -0.301524 -0.165895
478 -42784.5 -45757 2972.48 0.0100756 0.100377 0.02 0 0 0.265227 -0.301194 -0.165949
479 -42771.1 -45757 2985.89 0.00993519 0.0996754 0.02 0 0 0.265431 -0.302685 -0.166118
480 -42757.2 -45757 2999.79 0.0101121 0.100559 0.02 0 0 0.265561 -0.303171 -0.165425
481 -42786.9 -45757 2970.03 0.00999364 0.0999682 0.02 0 0 0.2669 -0.303629 -0.164853
482 -42803.1 -45757 2953.89 0.0100348 0.100174 0.02 0 0 0.26822 -0.304786 -0.164164
483 -42818.1 -45757 2938.9 0.00996529 0.0998263 0.02 0 0 0.268984 -0.30592 -0.164682
484 -42832.5 -45757 2924.5 0.00998562 0.0999281 0.02 0 0 0.269453 -0.307421 -0.165348
485 -42841.3 -45757 2915.64 0.00998427 0.0999213 0.02 0 0 0.269844 -0.307103 -0.166388
486 -42840.6 -45757 2916.34 0.0100045 0.100022 0.02 0 0 0.269899 -0.307007 -0.166876
487 -42834.4 -45757 2922.61 0.0100259 0.100129 0.02 0 0 0.270104 -0.308706 -0.166553
488 -42834 -45757 2923.01 0.00995976 0.0997986 0.02 0 0 0.270569 -0.309364 -0.165204
489 -42849.2 -45757 2907.76 0.00998003 0.0999001 0.02 0 0 0.272155 -0.309633 -0.165678
490 -42834.6 -45757 2922.33 0.00999646 0.0999823 0.02 0 0 0.272516 -0.309694 -0.165672
491 -42845.1 -45757 2911.88 0.00996638 0.0998318 0.02 0 0 0.272659 -0.309571 -0.165684
492 -42846.2 -45757 2910.73 0.00999181 0.099959 0.02 0 0 0.272863 -0.310467 -0.166452
493 -42837 -45757 2920 0.00994348 0.099717 0.02 0 0 0.273474 -0.310225 -0.166443
494 -42830.6 -45757 2926.35 0.00997305 0.0998652 0.02 0 0 0.274881 -0.310463 -0.165953
495 -42831.6 -45757 2925.38 0.00995352 0.0997673 0.02 0 0 0.276689 -0.310993 -0.166629
496 -42834.6 -45757 2922.37 0.00997758 0.0998878 0.02 0 0 0.276824 -0.310782 -0.167337
497 -42843.7 -45757 2913.24 0.0100113 0.100056 0.02 0 0 0.277686 -0.311172 -0.167049
498 -42862.7 -45757 2894.23 0.00996564 0.099828 0.02 0 0 0.278426 -0.312342 -0.165764
499 -42875.1 -45757 2881.9 0.00995059 0.0997526 0.02 0 0 0.279734 -0.31367 -0.166469
500 -42865.1 -45757 2891.87 0.00999252 0.0999626 0.02 0 0 0.27984 -0.314086 -0.167079
501 -42872.5 -45757 2884.5 0.0100054 0.100027 0.02 0 0 0.280362 -0.315015 -0.166448
502 -42852.3 -45757 2904.62 0.0100072 0.100036 0.02 0 0 0.280835 -0.314732 -0.167666
503 -42858.4 -45757 2898.58 0.0100175 0.100088 0.02 0 0 0.281041 -0.314502 -0.168504
504 -42850.3 -45757 2906.68 0.0100217 0.100108 0.02 0 0 0.282019 -0.314769 -0.168001
505 -42849.5 -45757 2907.51 0.00997505 0.0998752 0.02 0 0 0.282379 -0.315158 -0.16689
506 -42864.9 -45757 2892.09 0.0100594 0.100297 0.02 0 0 0.282405 -0.31545 -0.167688
507 -42871.3 -45757 2885.62 0.00999044 0.0999522 0.02 0 0 0.282645 -0.316062 -0.168545
508 -42892.7 -45757 2864.25 0.00994222 0.0997107 0.02 0 0 0.282564 -0.316817 -0.168144
509 -42900.9 -45757 2856.08 0.00997148 0.0998573 0.02 0 0 0.28447 -0.316459 -0.168099
510 -42878.3 -45757 2878.68 0.00999978 0.0999989 0.02 0 0 0.285506 -0.316383 -0.167632
511 -42867.7 -45757 2889.27 0.00999375 0.0999687 0.02 0 0 0.286504 -0.315533 -0.168462
512 -42879.2 -45757 2877.76 0.010055 0.100275 0.02 0 0 0.287908 -0.315932 -0.168776
513 -42895.4 -45757 2861.54 0.00999791 0.0999895 0.02 0 0 0.289687 -0.31728 -0.169358
514 -42896.6 -45757 2860.36 0.0100242 0.100121 0.02 0 0 0.290534 -0.317631 -0.170207
515 -42898.2 -45757 2858.82 0.0099974 0.099987 0.02 0 0 0.290632 -0.31731 -0.16927
516 -42907.5 -45757 2849.48 0.00996288 0.0998142 0.02 0 0 0.292864 -0.317297 -0.169165
517 -42913.5 -45757 2843.46 0.00998702 0.0999351 0.02 0 0 0.29316 -0.317226 -0.168898
518 -42936.3 -45757 2820.66 0.0100126 0.100063 0.02 0 0 0.292744 -0.319252 -0.168953
519 -42940.7 -45757 2816.25 0.010007 0.100035 0.02 0 0 0.293141 -0.320182 -0.168821
520 -42962.6 -45757 2794.32 0.00995155 0.0997575 0.02 0 0 0.293563 -0.32123 -0.170477
521 -42978.2 -45757 2778.82 0.00993024 0.0996506 0.02 0 0 0.293367 -0.32204 -0.170039
522 -42993.4 -45757 2763.61 0.00997318 0.0998658 0.02 0 0 0.293479 -0.321634 -0.170817
523 -42981.4 -45757 2775.59 0.0100117 0.100058 0.02 0 0 0.294104 -0.322099 -0.169929
524 -42989.7 -45757 2767.27 0.0100732 0.100366 0.02 0 0 0.296654 -0.322441 -0.169577
525 -42995.3 -45757 2761.62 0.00999879 0.0999939 0.02 0 0 0.296832 -0.322282 -0.168952
526 -43009.5 -45757 2747.46 0.0099894 0.099947 0.02 0 0 0.297396 -0.32329 -0.168411
527 -42999.4 -45757 2757.56 0.00997923 0.0998961 0.02 0 0 0.298715 -0.324161 -0.169047
528 -42994.7 -45757 2762.31 0.00997651 0.0998825 0.02 0 0 0.299384 -0.324761 -0.169653
529 -42994.5 -45757 2762.5 0.0099557 0.0997783 0.02 0 0 0.300897 -0.325546 -0.169827
530 -42971.5 -45757 2785.51 0.00991685 0.0995834 0.02 0 0 0.30271 -0.325835 -0.169929
531 -42974.4 -45757 2782.55 0.00997078 0.0998538 0.02 0 0 0.304125 -0.327446 -0.169141
532 -42981 -45757 2776.01 0.00996911 0.0998454 0.02 0 0 0.306313 -0.326964 -0.169727
533 -42959.3 -45757 2797.71 0.0100496 0.100247 0.02 0 0 0.307553 -0.326472 -0.170548
534 -42968.8 -45757 2788.22 0.00997714 0.0998856 0.02 0 0 0.309143 -0.326444 -0.171428
535 -42975.6 -45757 2781.33 0.0100028 0.100014 0.02 0 0 0.310899 -0.327341 -0.170034
536 -42968.3 -45757 2788.67 0.0100108 0.100054 0.02 0 0 0.311199 -0.326546 -0.169748
537 -42974.4 -45757 2782.57 0.00995242 0.0997618 0.02 0 0 0.311477 -0.327273 -0.169129
538 -42977.1 -45757 2779.84 0.0100467 0.100233 0.02 0 0 0.312238 -0.32829 -0.169357
539 -42976.7 -45757 2780.3 0.00999146 0.0999573 0.02 0 0 0.312255 -0.327945 -0.170622
540 -42959.8 -45757 2797.12 0.00996694 0.0998346 0.02 0 0 0.312303 -0.328753 -0.170428
541 -42975.6 -45757 2781.32 0.00999021 0.099951 0.02 0 0 0.312581 -0.329274 -0.170518
542 -42984.9 -45757 2772.08 0.0100427 0.100213 0.02 0 0 0.312369 -0.329349 -0.170294
543 -43006 -45757 2750.95 0.0099607 0.0998033 0.02 0 0 0.313704 -0.328834 -0.171277
544 -43017.9 -45757 2739.1 0.00992865 0.0996426 0.02 0 0 0.314954 -0.329425 -0.170952
545 -43003.7 -45757 2753.26 0.0100449 0.100224 0.02 0 0 0.315633 -0.329895 -0.171523
546 -43004.1 -45757 2752.91 0.00993844 0.0996917 0.02 0 0 0.316434 -0.32999 -0.172832
547 -43002.4 -45757 2754.52 0.00999549 0.0999774 0.02 0 0 0.317211 -0.329766 -0.172623
548 -42999.7 -45757 2757.31 0.0100428 0.100214 0.02 0 0 0.316852 -0.329973 -0.171524
549 -43010.9 -45757 2746.05 0.0100416 0.100208 0.02 0 0 0.317086 -0.330464 -0.172323
550 -43038.8 -45757 2718.15 0.00989938 0.0994956 0.02 0 0 0.318891 -0.329923 -0.173168
551 -43021.8 -45757 2735.22 0.0100717 0.100358 0.02 0 0 0.318545 -0.330869 -0.174143
552 -43011.8 -45757 2745.21 0.0100043 0.100022 0.02 0 0 0.318278 -0.331669 -0.173722
553 -42999.5 -45757 2757.5 0.0100332 0.100166 0.02 0 0 0.318535 -0.332091 -0.174515
554 -43024.8 -45757 2732.19 0.0100632 0.100315 0.02 0 0 0.318909 -0.332886 -0.173025
555 -43023.5 -45757 2733.44 0.0100405 0.100202 0.02 0 0 0.318844 -0.333627 -0.173817
556 -43025.5 -45757 2731.52 0.010058 0.10029 0.02 0 0 0.319148 -0.332714 -0.173735
557 -43024.3 -45757 2732.64 0.0100883 0.100441 0.02 0 0 0.319154 -0.332268 -0.174626
558 -43035.8 -45757 2721.12 0.0100766 0.100382 0.02 0 0 0.321044 -0.332365 -0.175821
559 -43041.8 -45757 2715.18 0.00991889 0.0995936 0.02 0 0 0.32183 -0.333728 -0.177285
560 -43062.5 -45757 2694.46 0.00992466 0.0996226 0.02 0 0 0.321792 -0.335129 -0.178075
561 -43073.6 -45757 2683.34 0.00996998 0.0998498 0.02 0 0 0.322577 -0.335057 -0.178979
562 -43087 -45757 2670 0.0099779 0.0998894 0.02 0 0 0.323563 -0.335479 -0.178469
563 -43087.6 -45757 2669.33 0.00997251 0.0998624 0.02 0 0 0.324618 -0.335574 -0.1792
564 -43105.5 -45757 2651.46 0.00989187 0.0994579 0.02 0 0 0.325686 -0.335515 -0.180486
565 -43098 -45757 2658.95 0.0100285 0.100143 0.02 0 0 0.326602 -0.335597 -0.180617
566 -43074.1 -45757 2682.9 0.00998855 0.0999427 0.02 0 0 0.326303 -0.335504 -0.180463
567 -43063 -45757 2693.94 0.0100698 0.100348 0.02 0 0 0.327438 -0.335688 -0.180648
568 -43068.5 -45757 2688.47 0.0100479 0.100239 0.02 0 0 0.32728 -0.335679 -0.182124
569 -43076.7 -45757 2680.3 0.00993835 0.0996913 0.02 0 0 0.328329 -0.335639 -0.183018
570 -43079 -45757 2678.02 0.00998722 0.0999361 0.02 0 0 0.328386 -0.33597 -0.183436
571 -43090.1 -45757 2666.86 0.00993361 0.0996675 0.02 0 0 0.328546 -0.336804 -0.182552
572 -43087.9 -45757 2669.04 0.00996587 0.0998292 0.02 0 0 0.329816 -0.337558 -0.184129
573 -43090.7 -45757 2666.26 0.00998079 0.0999039 0.02 0 0 0.330423 -0.3371 -0.183952
574 -43090.2 -45757 2666.81 0.010017 0.100085 0.02 0 0 0.33222 -0.337741 -0.185236
575 -43080.7 -45757 2676.27 0.0099894 0.099947 0.02 0 0 0.332986 -0.337722 -0.185141
576 -43086 -45757 2670.99 0.0100527 0.100263 0.02 0 0 0.333723 -0.338226 -0.184862
577 -43076.2 -45757 2680.76 0.00998743 0.0999371 0.02 0 0 0.334781 -0.338265 -0.185031
578 -43084.4 -45757 2672.62 0.010029 0.100145 0.02 0 0 0.33562 -0.338219 -0.185536
579 -43088.5 -45757 2668.43 0.0100662 0.100331 0.02 0 0 0.336548 -0.33877 -0.186516
580 -43106.5 -45757 2650.48 0.00998463 0.0999231 0.02 0 0 0.337589 -0.339304 -0.188119
581 -43095.5 -45757 2661.48 0.0100052 0.100026 0.02 0 0 0.337582 -0.340019 -0.188777
582 -43095.6 -45757 2661.4 0.00997233 0.0998615 0.02 0 0 0.338165 -0.340543 -0.188397
583 -43108.9 -45757 2648.05 0.00995564 0.099778 0.02 0 0 0.337935 -0.340525 -0.187827
584 -43120.5 -45757 2636.46 0.0100057 0.100028 0.02 0 0 0.337684 -0.341079 -0.187928
585 -43132.1 -45757 2624.92 0.0100444 0.100222 0.02 0 0 0.338872 -0.341098 -0.188291
586 -43134.8 -45757 2622.19 0.0100355 0.100177 0.02 0 0 0.340255 -0.341117 -0.187263
587 -43139 -45757 2618.01 0.0100144 0.100072 0.02 0 0 0.341299 -0.341075 -0.187044
588 -43131.7 -45757 2625.3 0.0100217 0.100108 0.02 0 0 0.341639 -0.340209 -0.187223
589 -43118.2 -45757 2638.76 0.00998898 0.0999449 0.02 0 0 0.342116 -0.340404 -0.186797
590 -43139 -45757 2618 0.0100009 0.100004 0.02 0 0 0.34415 -0.340632 -0.187109
591 -43107.1 -45757 2649.86 0.00998707 0.0999353 0.02 0 0 0.34473 -0.340746 -0.186007
592 -43124.8 -45757 2632.18 0.00998402 0.09992 0.02 0 0 0.345243 -0.340618 -0.186548
593 -43126.6 -45757 2630.32 0.0100725 0.100362 0.02 0 0 0.346436 -0.341911 -0.188217
594 -43146 -45757 2610.94 0.00996798 0.0998398 0.02 0 0 0.346046 -0.343246 -0.188377
595 -43134.1 -45757 2622.86 0.0100057 0.100029 0.02 0 0 0.345819 -0.3431 -0.18836
596 -43136.6 -45757 2620.36 0.0100341 0.100171 0.02 0 0 0.346953 -0.343369 -0.188349
597 -43152.4 -45757 2604.55 0.0100456 0.100228 0.02 0 0 0.34728 -0.34415 -0.188965
598 -43151.7 -45757 2605.29 0.0100073 0.100037 0.02 0 0 0.347829 -0.344249 -0.188037
599 -43144.6 -45757 2612.42 0.0100189 0.100094 0.02 0 0 0.347651 -0.345409 -0.189261
600 -43138.5 -45757 2618.49 0.00998902 0.0999451 0.02 0 0 0.347284 -0.34535 -0.18908
601 -43122 -45757 2634.92 0.0100517 0.100258 0.02 0 0 0.348962 -0.345036 -0.189647
602 -43116.8 -45757 2640.13 0.00995 0.0997497 0.02 0 0 0.349631 -0.345497 -0.189576
603 -43130 -45757 2627.01 0.0100543 0.100271 0.02 0 0 0.350518 -0.345896 -0.188422
604 -43128.1 -45757 2628.84 0.00994283 0.0997138 0.02 0 0 0.350931 -0.345037 -0.188223
605 -43134.1 -45757 2622.85 0.00996641 0.0998319 0.02 0 0 0.351857 -0.346035 -0.187075
606 -43143 -45757 2613.93 0.0100714 0.100356 0.02 0 0 0.351805 -0.345421 -0.187366
607 -43148.6 -45757 2608.36 0.0100094 0.100047 0.02 0 0 0.351891 -0.345805 -0.188491
608 -43156.3 -45757 2600.66 0.00990053 0.0995014 0.02 0 0 0.35278 -0.34699 -0.188473
609 -43160 -45757 2596.93 0.0100677 0.100338 0.02 0 0 0.351923 -0.34647 -0.188593
610 -43157.5 -45757 2599.51 0.00997987 0.0998993 0.02 0 0 0.352555 -0.346715 -0.188356
611 -43154.4 -45757 2602.55 0.00996291 0.0998144 0.02 0 0 0.353092 -0.347202 -0.186968
612 -43157.7 -45757 2599.29 0.0100334 0.100167 0.02 0 0 0.354104 -0.348194 -0.18723
613 -43167.3 -45757 2589.63 0.0100348 0.100174 0.02 0 0 0.354258 -0.349318 -0.187207
614 -43176 -45757 2581.01 0.0100565 0.100282 0.02 0 0 0.355292 -0.349547 -0.186341
615 -43181 -45757 2575.96 0.0100193 0.100096 0.02 0 0 0.355427 -0.350135 -0.185953
616 -43193.1 -45757 2563.88 0.0100022 0.100011 0.02 0 0 0.355875 -0.35113 -0.185027
617 -43202.6 -45757 2554.35 0.0100031 0.100015 0.02 0 0 0.356495 -0.350101 -0.185729
618 -43186.2 -45757 2570.8 0.0100616 0.100307 0.02 0 0 0.3566 -0.350179 -0.186168
619 -43194.1 -45757 2562.88 0.0100448 0.100224 0.02 0 0 0.35681 -0.350105 -0.186233
620 -43180.9 -45757 2576.09 0.0100172 0.100086 0.02 0 0 0.357426 -0.350365 -0.186564
621 -43203.1 -45757 2553.86 0.00993553 0.0996771 0.02 0 0 0.358029 -0.350454 -0.188271
622 -43178.2 -45757 2578.74 0.00998442 0.0999221 0.02 0 0 0.359464 -0.350501 -0.18869
623 -43171.6 -45757 2585.33 0.0100561 0.10028 0.02 0 0 0.360158 -0.350875 -0.189672
624 -43165.3 -45757 2591.66 0.00998692 0.0999346 0.02 0 0 0.360696 -0.350832 -0.18968
625 -43162.9 -45757 2594.06 0.00995045 0.0997519 0.02 0 0 0.361748 -0.351263 -0.1887
626 -43185.8 -45757 2571.13 0.00997888 0.0998944 0.02 0 0 0.36393 -0.351795 -0.189461
627 -43173.8 -45757 2583.14 0.00996363 0.099818 0.02 0 0 0.364897 -0.351811 -0.188599
628 -43202.8 -45757 2554.21 0.00994252 0.0997122 0.02 0 0 0.365507 -0.351268 -0.189118
629 -43191.3 -45757 2565.7 0.0100262 0.100131 0.02 0 0 0.365704 -0.350979 -0.188574
630 -43190.2 -45757 2566.76 0.00993905 0.0996948 0.02 0 0 0.367009 -0.35127 -0.188939
631 -43193.4 -45757 2563.56 0.0100175 0.100087 0.02 0 0 0.368261 -0.351428 -0.189134
632 -43202.4 -45757 2554.59 0.0100211 0.100105 0.02 0 0 0.368982 -0.350877 -0.189377
633 -43202.7 -45757 2554.31 0.0100101 0.100051 0.02 0 0 0.368969 -0.349858 -0.189154
634 -43207.4 -45757 2549.53 0.0100208 0.100104 0.02 0 0 0.369901 -0.350705 -0.188787
635 -43214.8 -45757 2542.21 0.00997475 0.0998737 0.02 0 0 0.370498 -0.350436 -0.188914
636 -43214.3 -45757 2542.66 0.0101167 0.100582 0.02 0 0 0.369917 -0.350357 -0.188625
637 -43229.2 -45757 2527.77 0.00996942 0.099847 0.02 0 0 0.371004 -0.349432 -0.188285
638 -43214.2 -45757 2542.77 0.00996269 0.0998133 0.02 0 0 0.371357 -0.349697 -0.188482
639 -43229.9 -45757 2527.05 0.0099612 0.0998058 0.02 0 0 0.37196 -0.350057 -0.188771
640 -43219.3 -45757 2537.66 0.00995205 0.0997599 0.02 0 0 0.372197 -0.349512 -0.189442
641 -43210.9 -45757 2546.07 0.0100081 0.10004 0.02 0 0 0.372513 -0.350366 -0.18996
642 -43232.9 -45757 2524.07 0.0098978 0.0994877 0.02 0 0 0.373094 -0.35059 -0.19075
643 -43218.5 -45757 2538.42 0.0100131 0.100066 0.02 0 0 0.372946 -0.349755 -0.191622
644 -43228.5 -45757 2528.51 0.00999479 0.0999739 0.02 0 0 0.374884 -0.350445 -0.191474
645 -43221.7 -45757 2535.29 0.0099802 0.0999009 0.02 0 0 0.37672 -0.350259 -0.191603
646 -43213.8 -45757 2543.15 0.0100094 0.100047 0.02 0 0 0.376059 -0.349076 -0.19143
647 -43213.2 -45757 2543.82 0.0100179 0.10009 0.02 0 0 0.377016 -0.349489 -0.191959
648 -43238.1 -45757 2518.86 0.00992778 0.0996383 0.02 0 0 0.37836 -0.349842 -0.192401
649 -43232.6 -45757 2524.36 0.0100521 0.10026 0.02 0 0 0.379762 -0.350142 -0.193092
650 -43233.1 -45757 2523.86 0.0100506 0.100253 0.02 0 0 0.38059 -0.34981 -0.194377
651 -43239.6 -45757 2517.35 0.0100487 0.100243 0.02 0 0 0.381802 -0.350268 -0.194125
652 -43218.1 -45757 2538.82 0.0100346 0.100173 0.02 0 0 0.381944 -0.350603 -0.193776
653 -43214.8 -45757 2542.2 0.00996265 0.0998131 0.02 0 0 0.383173 -0.350737 -0.193433
654 -43224.2 -45757 2532.73 0.0100968 0.100483 0.02 0 0 0.385309 -0.351447 -0.192867
655 -43237.1 -45757 2519.83 0.0100052 0.100026 0.02 0 0 0.386479 -0.351262 -0.194185
656 -43224.3 -45757 2532.68 0.0100085 0.100043 0.02 0 0 0.386777 -0.351986 -0.193746
657 -43236.8 -45757 2520.14 0.00996103 0.0998049 0.02 0 0 0.38694 -0.352547 -0.193847
658 -43245.9 -45757 2511.04 0.0100249 0.100125 0.02 0 0 0.388824 -0.351849 -0.194249
659 -43256.3 -45757 2500.7 0.00998649 0.0999324 0.02 0 0 0.38959 -0.351235 -0.194238
660 -43264.6 -45757 2492.36 0.0100009 0.100004 0.02 0 0 0.389415 -0.3516 -0.194311
661 -43266.4 -45757 2490.57 0.00996617 0.0998307 0.02 0 0 0.389611 -0.351664 -0.193942
662 -43238.9 -45757 2518.05 0.00997028 0.0998513 0.02 0 0 0.391466 -0.352379 -0.193858
663 -43218.1 -45757 2538.9 0.00995231 0.0997613 0.02 0 0 0.393264 -0.352054 -0.193358
664 -43223.6 -45757 2533.36 0.00995153 0.0997574 0.02 0 0 0.39352 -0.352729 -0.192928
665 -43232 -45757 2525 0.0100592 0.100295 0.02 0 0 0.395518 -0.353654 -0.193892
666 -43235.2 -45757 2521.75 0.00997181 0.099859 0.02 0 0 0.397079 -0.352965 -0.194242
667 -43245.7 -45757 2511.29 0.00994734 0.0997363 0.02 0 0 0.39718 -0.353165 -0.194704
668 -43226.4 -45757 2530.56 0.00997751 0.0998875 0.02 0 0 0.397116 -0.353356 -0.19361
669 -43233.4 -45757 2523.56 0.0100175 0.100088 0.02 0 0 0.39696 -0.353529 -0.193389
670 -43243.4 -45757 2513.56 0.0100373 0.100186 0.02 0 0 0.397191 -0.353927 -0.194578
671 -43261 -45757 2496 0.0100333 0.100166 0.02 0 0 0.39794 -0.354491 -0.194228
672 -43274.6 -45757 2482.36 0.0100326 0.100163 0.02 0 0 0.399062 -0.355481 -0.194572
673 -43261.9 -45757 2495.09 0.00996266 0.0998131 0.02 0 0 0.399762 -0.356091 -0.195612
674 -43251.2 -45757 2505.75 0.00998105 0.0999052 0.02 0 0 0.400236 -0.357503 -0.195333
675 -43241.6 -45757 2515.4 0.00995241 0.0997618 0.02 0 0 0.401369 -0.356901 -0.194649
676 -43239.6 -45757 2517.42 0.0101147 0.100572 0.02 0 0 0.401895 -0.357948 -0.194444
677 -43261.1 -45757 2495.82 0.0100502 0.100251 0.02 0 0 0.402526 -0.35839 -0.19537
678 -43264.6 -45757 2492.36 0.0099613 0.0998063 0.02 0 0 0.403261 -0.359674 -0.195877
679 -43259.4 -45757 2497.54 0.00995191 0.0997593 0.02 0 0 0.403688 -0.359346 -0.197183
680 -43257.5 -45757 2499.45 0.00991303 0.0995642 0.02 0 0 0.405419 -0.358284 -0.19773
681 -43273.5 -45757 2483.48 0.00998448 0.0999224 0.02 0 0 0.404955 -0.358722 -0.197697
682 -43257.6 -45757 2499.32 0.0100573 0.100286 0.02 0 0 0.406384 -0.358641 -0.198205
683 -43260.7 -45757 2496.32 0.00995648 0.0997822 0.02 0 0 0.407086 -0.359809 -0.196723
684 -43272.7 -45757 2484.31 0.0100009 0.100005 0.02 0 0 0.407264 -0.360934 -0.196016
685 -43294.2 -45757 2462.78 0.00995181 0.0997587 0.02 0 0 0.408873 -0.360962 -0.196103
686 -43308.4 -45757 2448.53 0.0100234 0.100117 0.02 0 0 0.409566 -0.361667 -0.196359
687 -43318.6 -45757 2438.39 0.0100307 0.100153 0.02 0 0 0.411034 -0.362378 -0.197077
688 -43305.5 -45757 2451.45 0.0100098 0.100049 0.02 0 0 0.410492 -0.363127 -0.196791
689 -43294.2 -45757 2462.73 0.0099952 0.099976 0.02 0 0 0.410749 -0.363343 -0.195726
690 -43311.7 -45757 2445.27 0.00998164 0.0999082 0.02 0 0 0.411495 -0.36363 -0.19539
691 -43283.9 -45757 2473.06 0.00992944 0.0996466 0.02 0 0 0.411706 -0.36242 -0.195666
692 -43294.2 -45757 2462.72 0.00995595 0.0997795 0.02 0 0 0.411901 -0.362603 -0.196318
693 -43317.6 -45757 2439.33 0.00996342 0.0998169 0.02 0 0 0.412225 -0.361288 -0.196325
694 -43312.9 -45757 2444.08 0.0100323 0.100162 0.02 0 0 0.412418 -0.360561 -0.195426
695 -43305.6 -45757 2451.39 0.0100179 0.10009 0.02 0 0 0.412745 -0.360504 -0.195083
696 -43315.3 -45757 2441.7 0.00994662 0.0997327 0.02 0 0 0.412652 -0.361325 -0.194838
697 -43315.1 -45757 2441.92 0.00999269 0.0999634 0.02 0 0 0.413773 -0.361303 -0.194181
698 -43317.1 -45757 2439.84 0.0100015 0.100007 0.02 0 0 0.414085 -0.361342 -0.19458
699 -43302.2 -45757 2454.75 0.0101027 0.100512 0.02 0 0 0.415166 -0.361864 -0.195257
700 -43302.6 -45757 2454.37 0.00999889 0.0999945 0.02 0 0 0.415485 -0.361697 -0.194976
701 -43307.5 -45757 2449.45 0.0099468 0.0997336 0.02 0 0 0.416836 -0.361442 -0.195514
702 -43303 -45757 2453.95 0.00993728 0.0996859 0.02 0 0 0.416858 -0.362166 -0.195144
703 -43284.9 -45757 2472.02 0.00998089 0.0999044 0.02 0 0 0.417196 -0.36269 -0.196435
704 -43283.2 -45757 2473.78 0.00996152 0.0998074 0.02 0 0 0.417162 -0.36357 -0.196089
705 -43299.8 -45757 2457.15 0.0099939 0.0999695 0.02 0 0 0.417717 -0.365118 -0.196405
706 -43284.4 -45757 2472.59 0.0100261 0.10013 0.02 0 0 0.418231 -0.364765 -0.19681
707 -43293.7 -45757 2463.24 0.010042 0.10021 0.02 0 0 0.417498 -0.36556 -0.1975
708 -43283.3 -45757 2473.65 0.0100493 0.100246 0.02 0 0 0.418478 -0.365829 -0.197819
709 -43285.3 -45757 2471.66 0.00991371 0.0995676 0.02 0 0 0.418681 -0.366005 -0.197978
710 -43285.8 -45757 2471.19 0.00992725 0.0996356 0.02 0 0 0.419421 -0.36639 -0.196891
711 -43310.3 -45757 2446.63 0.0100561 0.10028 0.02 0 0 0.420446 -0.366908 -0.196269
712 -43351.1 -45757 2405.87 0.00996015 0.0998005 0.02 0 0 0.41976 -0.366834 -0.198318
713 -43346.7 -45757 2410.25 0.00989176 0.0994573 0.02 0 0 0.420969 -0.366553 -0.198399
714 -43347.6 -45757 2409.38 0.0100388 0.100194 0.02 0 0 0.421795 -0.366877 -0.199576
715 -43326.5 -45757 2430.46 0.0100016 0.100008 0.02 0 0 0.421849 -0.367187 -0.19902
716 -43328 -45757 2428.99 0.00999464 0.0999732 0.02 0 0 0.4228 -0.367366 -0.197912
717 -43337.6 -45757 2419.33 0.00995549 0.0997772 0.02 0 0 0.423948 -0.367979 -0.197656
718 -43357.5 -45757 2399.51 0.0100635 0.100317 0.02 0 0 0.425386 -0.367381 -0.197802
719 -43337.6 -45757 2419.34 0.0100451 0.100225 0.02 0 0 0.425758 -0.367347 -0.197983
720 -43342.5 -45757 2414.5 0.0100138 0.100069 0.02 0 0 0.426488 -0.367816 -0.198949
721 -43341.4 -45757 2415.55 0.00995956 0.0997976 0.02 0 0 0.427084 -0.36785 -0.199774
722 -43331.8 -45757 2425.12 0.00999064 0.0999532 0.02 0 0 0.427532 -0.367793 -0.20059
723 -43335.1 -45757 2421.85 0.0100323 0.100161 0.02 0 0 0.427948 -0.369051 -0.199406
724 -43339.1 -45757 2417.88 0.00999458 0.0999729 0.02 0 0 0.428606 -0.369722 -0.199154
725 -43360.7 -45757 2396.3 0.0100152 0.100076 0.02 0 0 0.429822 -0.369905 -0.199374
726 -43355.4 -45757 2401.62 0.0100531 0.100265 0.02 0 0 0.430909 -0.369695 -0.200148
727 -43341.7 -45757 2415.27 0.0099613 0.0998063 0.02 0 0 0.430897 -0.368956 -0.199927
728 -43339.9 -45757 2417.04 0.0100125 0.100063 0.02 0 0 0.431347 -0.369606 -0.200624
729 -43341.6 -45757 2415.41 0.0100215 0.100107 0.02 0 0 0.431299 -0.370302 -0.200546
730 -43337.1 -45757 2419.89 0.00997021 0.099851 0.02 0 0 0.432225 -0.370038 -0.200062
731 -43348.7 -45757 2408.22 0.0100822 0.10041 0.02 0 0 0.432538 -0.370669 -0.201458
732 -43357.7 -45757 2399.24 0.00998972 0.0999486 0.02 0 0 0.433262 -0.370458 -0.201505
733 -43364 -45757 2392.98 0.00999411 0.0999705 0.02 0 0 0.434644 -0.371418 -0.201645
734 -43362.7 -45757 2394.23 0.0100203 0.100101 0.02 0 0 0.43523 -0.370101 -0.202042
735 -43351.3 -45757 2405.66 0.00998133 0.0999066 0.02 0 0 0.435939 -0.369119 -0.201229
736 -43367 -45757 2389.98 0.0100393 0.100196 0.02 0 0 0.437115 -0.36964 -0.200526
737 -43358.1 -45757 2398.86 0.0100497 0.100248 0.02 0 0 0.437931 -0.369443 -0.201769
738 -43354.2 -45757 2402.78 0.0100711 0.100355 0.02 0 0 0.438118 -0.369859 -0.201549
739 -43352.7 -45757 2404.3 0.00996333 0.0998165 0.02 0 0 0.438827 -0.370097 -0.201271
740 -43356.7 -45757 2400.27 0.0100043 0.100021 0.02 0 0 0.439737 -0.369677 -0.203044
741 -43348.3 -45757 2408.68 0.0100364 0.100182 0.02 0 0 0.44002 -0.370623 -0.202934
742 -43351.5 -45757 2405.48 0.00998996 0.0999498 0.02 0 0 0.441329 -0.371719 -0.201821
743 -43331.2 -45757 2425.73 0.00996906 0.0998452 0.02 0 0 0.44171 -0.371974 -0.202335
744 -43332 -45757 2424.95 0.0100584 0.100292 0.02 0 0 0.442107 -0.371181 -0.203337
745 -43326.4 -45757 2430.55 0.0100536 0.100268 0.02 0 0 0.442404 -0.371067 -0.204036
746 -43318.9 -45757 2438.05 0.0100398 0.100199 0.02 0 0 0.442969 -0.371566 -0.203907
747 -43355.4 -45757 2401.52 0.00994803 0.0997398 0.02 0 0 0.443007 -0.370983 -0.204239
748 -43360.7 -45757 2396.27 0.00998979 0.0999489 0.02 0 0 0.443961 -0.371127 -0.203806
749 -43339.5 -45757 2417.5 0.01002 0.1001 0.02 0 0 0.444714 -0.371272 -0.203537
750 -43326 -45757 2431 0.0100744 0.100371 0.02 0 0 0.445276 -0.371741 -0.20546
751 -43344.1 -45757 2412.86 0.00999022 0.0999511 0.02 0 0 0.445641 -0.371945 -0.205813
752 -43347.9 -45757 2409.06 0.0100003 0.100001 0.02 0 0 0.446793 -0.371902 -0.205841
753 -43355.5 -45757 2401.45 0.0101126 0.100562 0.02 0 0 0.446672 -0.372174 -0.206481
754 -43364.2 -45757 2392.8 0.0100095 0.100048 0.02 0 0 0.44598 -0.372518 -0.207255
755 -43392 -45757 2364.96 0.0099978 0.099989 0.02 0 0 0.445846 -0.375295 -0.207075
756 -43391.4 -45757 2365.61 0.00998008 0.0999003 0.02 0 0 0.446061 -0.375496 -0.207222
757 -43390.9 -45757 2366.09 0.010012 0.10006 0.02 0 0 0.44686 -0.37512 -0.207004
758 -43393.7 -45757 2363.26 0.00997738 0.0998868 0.02 0 0 0.447013 -0.375322 -0.206784
759 -43371 -45757 2386 0.00998709 0.0999354 0.02 0 0 0.447627 -0.375985 -0.206086
760 -43373.5 -45757 2383.47 0.0100516 0.100258 0.02 0 0 0.448016 -0.376059 -0.206412
761 -43379.7 -45757 2377.31 0.00996822 0.099841 0.02 0 0 0.448575 -0.375742 -0.207312
762 -43386.6 -45757 2370.36 0.00991999 0.0995991 0.02 0 0 0.449269 -0.375852 -0.206228
763 -43397.3 -45757 2359.68 0.00991962 0.0995973 0.02 0 0 0.449556 -0.376921 -0.207301
764 -43392.2 -45757 2364.72 0.0100133 0.100066 0.02 0 0 0.45059 -0.377087 -0.207891
765 -43387.2 -45757 2369.78 0.0100343 0.100171 0.02 0 0 0.451694 -0.378282 -0.209213
766 -43370.1 -45757 2386.9 0.0100271 0.100136 0.02 0 0 0.451162 -0.378486 -0.209403
767 -43359.4 -45757 2397.58 0.0100433 0.100216 0.02 0 0 0.450241 -0.380073 -0.210162
768 -43374.3 -45757 2382.68 0.00994578 0.0997285 0.02 0 0 0.45172 -0.38004 -0.211329
769 -43370.6 -45757 2386.41 0.00993157 0.0996573 0.02 0 0 0.452459 -0.381848 -0.210525
770 -43358.3 -45757 2398.66 0.0100121 0.100061 0.02 0 0 0.453403 -0.381474 -0.211234
771 -43355.7 -45757 2401.29 0.00999258 0.0999629 0.02 0 0 0.45325 -0.382195 -0.211512
772 -43363.8 -45757 2393.21 0.0100483 0.100241 0.02 0 0 0.453711 -0.382213 -0.210865
773 -43366.5 -45757 2390.43 0.00998285 0.0999142 0.02 0 0 0.454731 -0.381791 -0.211319
774 -43369.8 -45757 2387.14 0.0100463 0.100231 0.02 0 0 0.454323 -0.382143 -0.212077
775 -43386.3 -45757 2370.64 0.01006 0.1003 0.02 0 0 0.455673 -0.381808 -0.212038
776 -43388.3 -45757 2368.68 0.00999186 0.0999593 0.02 0 0 0.456042 -0.382363 -0.21126
777 -43375.2 -45757 2381.8 0.0100417 0.100208 0.02 0 0 0.45629 -0.382119 -0.211403
778 -43391.4 -45757 2365.6 0.00996904 0.0998451 0.02 0 0 0.457144 -0.382564 -0.211183
779 -43399.5 -45757 2357.45 0.0100398 0.100199 0.02 0 0 0.457412 -0.383371 -0.21182
780 -43372.4 -45757 2384.53 0.0100409 0.100204 0.02 0 0 0.458005 -0.383367 -0.211806
781 -43366.5 -45757 2390.43 0.0100204 0.100102 0.02 0 0 0.459678 -0.383268 -0.21132
782 -43349.1 -45757 2407.89 0.0100395 0.100197 0.02 0 0 0.459377 -0.383217 -0.211212
783 -43357.8 -45757 2399.18 0.0100145 0.100072 0.02 0 0 0.460456 -0.383407 -0.211953
784 -43382.1 -45757 2374.84 0.00995417 0.0997706 0.02 0 0 0.460465 -0.38298 -0.21279
785 -43369.6 -45757 2387.36 0.0100143 0.100072 0.02 0 0 0.460424 -0.382481 -0.212552
786 -43354.6 -45757 2402.39 0.00995856 0.0997926 0.02 0 0 0.460842 -0.38184 -0.212602
787 -43359.7 -45757 2397.25 0.010007 0.100035 0.02 0 0 0.462186 -0.38224 -0.212861
788 -43388.6 -45757 2368.42 0.00996041 0.0998018 0.02 0 0 0.463744 -0.382584 -0.212619
789 -43395.5 -45757 2361.47 0.0099687 0.0998434 0.02 0 0 0.465106 -0.381966 -0.214766
790 -43396.9 -45757 2360.08 0.00995628 0.0997812 0.02 0 0 0.465777 -0.382803 -0.214774
791 -43390.2 -45757 2366.8 0.00995162 0.0997578 0.02 0 0 0.46731 -0.382452 -0.215012
792 -43398.7 -45757 2358.23 0.010012 0.10006 0.02 0 0 0.467915 -0.381828 -0.215068
793 -43387.3 -45757 2369.7 0.0100201 0.100101 0.02 0 0 0.467684 -0.382431 -0.214524
794 -43404.5 -45757 2352.43 0.0099562 0.0997808 0.02 0 0 0.467409 -0.382446 -0.215298
795 -43406.9 -45757 2350.11 0.00996637 0.0998317 0.02 0 0 0.468044 -0.382037 -0.214307
796 -43388.8 -45757 2368.2 0.0100455 0.100227 0.02 0 0 0.468599 -0.381667 -0.213639
797 -43406 -45757 2350.98 0.0100079 0.100039 0.02 0 0 0.468974 -0.382238 -0.213494
798 -43401.6 -45757 2355.39 0.0100191 0.100096 0.02 0 0 0.468704 -0.382696 -0.214736
799 -43408.2 -45757 2348.76 0.0100619 0.100309 0.02 0 0 0.469978 -0.383206 -0.214381
800 -43423.2 -45757 2333.77 0.0100068 0.100034 0.02 0 0 0.472298 -0.382684 -0.214333
801 -43418 -45757 2338.97 0.010021 0.100105 0.02 0 0 0.473678 -0.382953 -0.214222
802 -43436.9 -45757 2320.07 0.00987564 0.0993763 0.02 0 0 0.474648 -0.382396 -0.213881
803 -43436.7 -45757 2320.23 0.0100419 0.100209 0.02 0 0 0.476385 -0.381844 -0.214575
804 -43409.2 -45757 2347.73 0.0099783 0.0998914 0.02 0 0 0.47531 -0.381812 -0.214047
805 -43386 -45757 2371 0.0100243 0.100122 0.02 0 0 0.475901 -0.382832 -0.21499
806 -43395.8 -45757 2361.14 0.0100044 0.100022 0.02 0 0 0.476307 -0.38336 -0.214024
807 -43403.8 -45757 2353.17 0.00995019 0.0997506 0.02 0 0 0.476854 -0.383463 -0.213262
808 -43400.4 -45757 2356.6 0.0100237 0.100118 0.02 0 0 0.476974 -0.383112 -0.214457
809 -43406.5 -45757 2350.45 0.00998904 0.0999452 0.02 0 0 0.477456 -0.383062 -0.215311
810 -43410 -45757 2347 0.00996113 0.0998055 0.02 0 0 0.477447 -0.384273 -0.215624
811 -43403 -45757 2353.94 0.0100441 0.10022 0.02 0 0 0.477487 -0.384574 -0.215856
812 -43383.9 -45757 2373.09 0.0100362 0.100181 0.02 0 0 0.47792 -0.384608 -0.215768
813 -43384.1 -45757 2372.85 0.0100125 0.100063 0.02 0 0 0.47944 -0.384047 -0.216603
814 -43401.7 -45757 2355.31 0.010057 0.100285 0.02 0 0 0.479206 -0.384909 -0.217087
815 -43397.3 -45757 2359.68 0.0101075 0.100536 0.02 0 0 0.479597 -0.385469 -0.216941
816 -43406.9 -45757 2350.12 0.00996669 0.0998333 0.02 0 0 0.481077 -0.385141 -0.217264
817 -43412.6 -45757 2344.38 0.0099983 0.0999915 0.02 0 0 0.480449 -0.385392 -0.21672
818 -43423.6 -45757 2333.32 0.00995868 0.0997932 0.02 0 0 0.481102 -0.38592 -0.216711
819 -43432 -45757 2325.01 0.00998226 0.0999112 0.02 0 0 0.481232 -0.384843 -0.217218
820 -43442.3 -45757 2314.7 0.00990324 0.099515 0.02 0 0 0.48185 -0.383519 -0.217958
821 -43417.6 -45757 2339.38 0.010008 0.10004 0.02 0 0 0.482198 -0.38391 -0.217855
822 -43410.1 -45757 2346.86 0.0099531 0.0997652 0.02 0 0 0.482443 -0.384124 -0.218469
823 -43424.5 -45757 2332.43 0.00999963 0.0999981 0.02 0 0 0.483288 -0.384844 -0.218868
824 -43404.8 -45757 2352.18 0.00993367 0.0996678 0.02 0 0 0.484111 -0.385033 -0.219686
825 -43432.6 -45757 2324.38 0.00997589 0.0998794 0.02 0 0 0.48415 -0.385441 -0.220239
826 -43440.5 -45757 2316.47 0.00999369 0.0999684 0.02 0 0 0.483571 -0.38609 -0.219167
827 -43443.6 -45757 2313.42 0.0100483 0.100241 0.02 0 0 0.484787 -0.387432 -0.220072
828 -43435.4 -45757 2321.59 0.00995811 0.0997903 0.02 0 0 0.484551 -0.38864 -0.221079
829 -43427.4 -45757 2329.6 0.00997545 0.0998772 0.02 0 0 0.484362 -0.388883 -0.221022
830 -43429.4 -45757 2327.58 0.00993739 0.0996865 0.02 0 0 0.484648 -0.388072 -0.2214
831 -43424.7 -45757 2332.31 0.0100291 0.100146 0.02 0 0 0.48519 -0.387206 -0.222287
832 -43409.7 -45757 2347.27 0.00999528 0.0999764 0.02 0 0 0.485291 -0.386567 -0.223016
833 -43408.9 -45757 2348.04 0.0100947 0.100472 0.02 0 0 0.485223 -0.386152 -0.223972
834 -43423.8 -45757 2333.2 0.010098 0.100489 0.02 0 0 0.486454 -0.385546 -0.223774
835 -43399 -45757 2357.93 0.0100727 0.100363 0.02 0 0 0.48734 -0.386942 -0.223529
836 -43413.3 -45757 2343.7 0.0100043 0.100021 0.02 0 0 0.488297 -0.38714 -0.223262
837 -43430.2 -45757 2326.73 0.00995904 0.099795 0.02 0 0 0.48884 -0.387481 -0.222606
838 -43425.3 -45757 2331.68 0.0100877 0.100437 0.02 0 0 0.488334 -0.387442 -0.224075
839 -43429.6 -45757 2327.32 0.00994606 0.0997299 0.02 0 0 0.48834 -0.388424 -0.224423
840 -43413.4 -45757 2343.54 0.0100258 0.100129 0.02 0 0 0.488575 -0.389351 -0.225476
841 -43417.9 -45757 2339.1 0.00999692 0.0999846 0.02 0 0 0.489033 -0.389873 -0.225498
842 -43423.3 -45757 2333.68 0.00993192 0.099659 0.02 0 0 0.488787 -0.388544 -0.225726
843 -43419.2 -45757 2337.81 0.00995845 0.0997921 0.02 0 0 0.489078 -0.388335 -0.226593
844 -43429.7 -45757 2327.23 0.0100048 0.100024 0.02 0 0 0.489942 -0.388273 -0.226752
845 -43458.7 -45757 2298.25 0.00995038 0.0997516 0.02 0 0 0.490408 -0.388182 -0.226825
846 -43465.3 -45757 2291.69 0.0100197 0.100098 0.02 0 0 0.491704 -0.387612 -0.227547
847 -43446.3 -45757 2310.62 0.00998612 0.0999306 0.02 0 0 0.491671 -0.387216 -0.228354
848 -43446.3 -45757 2310.69 0.0100091 0.100045 0.02 0 0 0.49227 -0.388036 -0.228696
849 -43452.5 -45757 2304.5 0.010008 0.10004 0.02 0 0 0.492765 -0.387483 -0.229131
850 -43452.9 -45757 2304.04 0.0100169 0.100085 0.02 0 0 0.493099 -0.388104 -0.230086
851 -43454.9 -45757 2302.05 0.0100435 0.100217 0.02 0 0 0.493802 -0.388323 -0.230137
852 -43444.4 -45757 2312.54 0.0100257 0.100129 0.02 0 0 0.494832 -0.388694 -0.230172
853 -43426.1 -45757 2330.86 0.00997906 0.0998953 0.02 0 0 0.495712 -0.388284 -0.230846
854 -43458.2 -45757 2298.73 0.0100192 0.100096 0.02 0 0 0.495884 -0.387363 -0.231326
855 -43462.7 -45757 2294.29 0.0099171 0.0995847 0.02 0 0 0.497967 -0.38798 -0.231919
856 -43457.7 -45757 2299.31 0.00999213 0.0999606 0.02 0 0 0.498882 -0.387404 -0.23244
857 -43468 -45757 2289 0.0100161 0.100081 0.02 0 0 0.499017 -0.387917 -0.232643
858 -43469.8 -45757 2287.17 0.00999208 0.0999604 0.02 0 0 0.499944 -0.386903 -0.233681
859 -43480.7 -45757 2276.31 0.0100178 0.100089 0.02 0 0 0.500627 -0.386933 -0.234752
860 -43459.2 -45757 2297.73 0.0099898 0.099949 0.02 0 0 0.501769 -0.385742 -0.235217
861 -43458.8 -45757 2298.17 0.00995421 0.0997708 0.02 0 0 0.501713 -0.386289 -0.234612
862 -43466.2 -45757 2290.77 0.010067 0.100334 0.02 0 0 0.502396 -0.385727 -0.234318
863 -43456.8 -45757 2300.19 0.00997111 0.0998554 0.02 0 0 0.504571 -0.38515 -0.233457
864 -43460.5 -45757 2296.52 0.0100326 0.100163 0.02 0 0 0.504217 -0.385446 -0.233796
865 -43470.7 -45757 2286.32 0.00998633 0.0999316 0.02 0 0 0.505149 -0.386463 -0.23538
866 -43484.4 -45757 2272.57 0.0099916 0.099958 0.02 0 0 0.505706 -0.385554 -0.234709
867 -43503.9 -45757 2253.08 0.010029 0.100145 0.02 0 0 0.505967 -0.38634 -0.234843
868 -43506.2 -45757 2250.8 0.00997972 0.0998985 0.02 0 0 0.506206 -0.386573 -0.234433
869 -43495.7 -45757 2261.27 0.0100869 0.100434 0.02 0 0 0.506533 -0.387256 -0.234543
870 -43497.2 -45757 2259.74 0.00999613 0.0999807 0.02 0 0 0.506827 -0.387503 -0.234277
871 -43503.4 -45757 2253.55 0.0100497 0.100248 0.02 0 0 0.50633 -0.388742 -0.233054
872 -43514.1 -45757 2242.9 0.0100497 0.100248 0.02 0 0 0.506381 -0.389553 -0.233376
873 -43507.4 -45757 2249.54 0.00998539 0.0999269 0.02 0 0 0.507286 -0.389232 -0.232655
874 -43511.4 -45757 2245.55 0.0100438 0.100219 0.02 0 0 0.508521 -0.388969 -0.232902
875 -43504.7 -45757 2252.23 0.0100186 0.100093 0.02 0 0 0.509316 -0.389455 -0.232447
876 -43492.3 -45757 2264.71 0.0099787 0.0998934 0.02 0 0 0.510161 -0.388875 -0.23208
877 -43499.3 -45757 2257.67 0.00995013 0.0997503 0.02 0 0 0.510357 -0.389151 -0.23206
878 -43490.4 -45757 2266.56 0.00999869 0.0999935 0.02 0 0 0.51062 -0.388446 -0.233119
879 -43490 -45757 2266.96 0.0100294 0.100147 0.02 0 0 0.509938 -0.388618 -0.233231
880 -43484.8 -45757 2272.21 0.0100315 0.100157 0.02 0 0 0.51111 -0.388984 -0.234509
881 -43489.5 -45757 2267.51 0.00993551 0.099677 0.02 0 0 0.511365 -0.390162 -0.234417
882 -43509 -45757 2248.01 0.00996392 0.0998195 0.02 0 0 0.511913 -0.389919 -0.235407
883 -43510.3 -45757 2246.66 0.0099604 0.0998018 0.02 0 0 0.512612 -0.390311 -0.235699
884 -43504.3 -45757 2252.68 0.0100405 0.100202 0.02 0 0 0.512729 -0.390428 -0.235727
885 -43520.8 -45757 2236.17 0.00996565 0.0998281 0.02 0 0 0.513348 -0.390736 -0.236474
886 -43542.1 -45757 2214.82 0.00995681 0.0997838 0.02 0 0 0.513914 -0.390603 -0.237223
887 -43536.2 -45757 2220.73 0.00995254 0.0997624 0.02 0 0 0.513653 -0.390469 -0.236215
888 -43532.2 -45757 2224.8 0.00999099 0.0999549 0.02 0 0 0.51323 -0.390576 -0.23536
889 -43509.3 -45757 2247.71 0.0100244 0.100122 0.02 0 0 0.513823 -0.390117 -0.235064
890 -43500.1 -45757 2256.92 0.010048 0.10024 0.02 0 0 0.513599 -0.389826 -0.235002
891 -43487.3 -45757 2269.63 0.009967 0.0998349 0.02 0 0 0.51386 -0.390181 -0.233974
892 -43490.2 -45757 2266.82 0.0100173 0.100087 0.02 0 0 0.514355 -0.391111 -0.235531
893 -43493.7 -45757 2263.24 0.0100769 0.100384 0.02 0 0 0.514751 -0.391948 -0.235045
894 -43503.1 -45757 2253.89 0.00999996 0.0999998 0.02 0 0 0.515809 -0.392052 -0.235974
895 -43502.1 -45757 2254.87 0.00997453 0.0998726 0.02 0 0 0.516495 -0.392961 -0.235411
896 -43511.5 -45757 2245.5 0.00997251 0.0998624 0.02 0 0 0.517956 -0.392874 -0.235956
897 -43498.5 -45757 2258.49 0.0100548 0.100274 0.02 0 0 0.518218 -0.393371 -0.236795
898 -43497.4 -45757 2259.59 0.00999891 0.0999945 0.02 0 0 0.518998 -0.392559 -0.236902
899 -43489.3 -45757 2267.68 0.0100402 0.100201 0.02 0 0 0.518648 -0.391857 -0.237426
900 -43498.1 -45757 2258.92 0.0100124 0.100062 0.02 0 0 0.519859 -0.392063 -0.236772
901 -43492.4 -45757 2264.59 0.00990374 0.0995175 0.02 0 0 0.521186 -0.391486 -0.235994
902 -43505 -45757 2251.97 0.0100497 0.100248 0.02 0 0 0.522089 -0.390887 -0.236061
903 -43494.5 -45757 2262.52 0.00997627 0.0998813 0.02 0 0 0.523203 -0.390865 -0.235722
904 -43493.9 -45757 2263.04 0.0100807 0.100403 0.02 0 0 0.523926 -0.39104 -0.235662
905 -43518.6 -45757 2238.38 0.00998307 0.0999153 0.02 0 0 0.524967 -0.392175 -0.236361
906 -43518 -45757 2239.01 0.00998905 0.0999452 0.02 0 0 0.525479 -0.393417 -0.237033
907 -43520.1 -45757 2236.9 0.0099334 0.0996665 0.02 0 0 0.52592 -0.393666 -0.238079
908 -43534.3 -45757 2222.66 0.00993756 0.0996873 0.02 0 0 0.526473 -0.392785 -0.238819
909 -43528.8 -45757 2228.18 0.0100272 0.100136 0.02 0 0 0.526536 -0.393928 -0.238044
910 -43536.4 -45757 2220.62 0.00999619 0.0999809 0.02 0 0 0.52619 -0.393752 -0.23816
911 -43518.9 -45757 2238.05 0.0101221 0.100608 0.02 0 0 0.527 -0.394271 -0.238214
912 -43527.3 -45757 2229.67 0.00999962 0.0999981 0.02 0 0 0.527032 -0.394249 -0.238512
913 -43547.7 -45757 2209.3 0.0100196 0.100098 0.02 0 0 0.527558 -0.394001 -0.237647
914 -43549.2 -45757 2207.79 0.0100784 0.100391 0.02 0 0 0.527262 -0.394062 -0.238519
915 -43534 -45757 2222.99 0.0100472 0.100236 0.02 0 0 0.527156 -0.394462 -0.239648
916 -43524.1 -45757 2232.82 0.0100085 0.100043 0.02 0 0 0.526921 -0.39477 -0.241563
917 -43534.2 -45757 2222.73 0.00993195 0.0996592 0.02 0 0 0.527094 -0.394333 -0.242443
918 -43535.3 -45757 2221.69 0.00993383 0.0996686 0.02 0 0 0.527429 -0.394224 -0.242164
919 -43535 -45757 2221.94 0.0100134 0.100067 0.02 0 0 0.528384 -0.394345 -0.242948
920 -43548.7 -45757 2208.27 0.0100373 0.100187 0.02 0 0 0.529328 -0.394792 -0.244872
921 -43551.5 -45757 2205.47 0.00997386 0.0998692 0.02 0 0 0.530016 -0.394061 -0.244273
922 -43547.3 -45757 2209.68 0.010005 0.100025 0.02 0 0 0.52971 -0.393051 -0.245824
923 -43537.5 -45757 2219.44 0.00996423 0.099821 0.02 0 0 0.529999 -0.393299 -0.246127
924 -43522.7 -45757 2234.28 0.0100164 0.100082 0.02 0 0 0.529676 -0.393576 -0.245287
925 -43539.8 -45757 2217.2 0.0100156 0.100078 0.02 0 0 0.530088 -0.394054 -0.246294
926 -43553.2 -45757 2203.82 0.00995413 0.0997704 0.02 0 0 0.531071 -0.393973 -0.245756
927 -43535.8 -45757 2221.17 0.010004 0.10002 0.02 0 0 0.53184 -0.394516 -0.245744
928 -43525 -45757 2231.92 0.0100708 0.100353 0.02 0 0 0.531773 -0.395265 -0.245758
929 -43514.2 -45757 2242.75 0.00997664 0.0998831 0.02 0 0 0.531692 -0.396567 -0.245399
930 -43520.5 -45757 2236.46 0.0099938 0.099969 0.02 0 0 0.531817 -0.39761 -0.24423
931 -43525.6 -45757 2231.41 0.00997982 0.099899 0.02 0 0 0.532207 -0.396479 -0.245169
932 -43525.9 -45757 2231.05 0.00996756 0.0998377 0.02 0 0 0.532737 -0.398054 -0.244763
933 -43541 -45757 2215.96 0.0099508 0.0997537 0.02 0 0 0.532313 -0.398071 -0.24477
934 -43532.9 -45757 2224.08 0.0100776 0.100387 0.02 0 0 0.532469 -0.398037 -0.244561
935 -43556.1 -45757 2200.88 0.00998298 0.0999149 0.02 0 0 0.532708 -0.398017 -0.244805
936 -43572.8 -45757 2184.21 0.00995847 0.0997921 0.02 0 0 0.532809 -0.398623 -0.245003
937 -43548.4 -45757 2208.56 0.0100121 0.10006 0.02 0 0 0.532696 -0.3993 -0.245239
938 -43553.4 -45757 2203.62 0.00996162 0.0998079 0.02 0 0 0.533305 -0.398851 -0.246056
939 -43541.1 -45757 2215.84 0.0099684 0.0998419 0.02 0 0 0.533002 -0.399487 -0.245191
940 -43530.5 -45757 2226.45 0.0100133 0.100067 0.02 0 0 0.534273 -0.397893 -0.245567
941 -43545.9 -45757 2211.05 0.00995153 0.0997573 0.02 0 0 0.535326 -0.39693 -0.245377
942 -43542 -45757 2215 0.0100398 0.100199 0.02 0 0 0.535273 -0.396859 -0.245933
943 -43519.2 -45757 2237.77 0.010017 0.100085 0.02 0 0 0.536128 -0.396721 -0.24525
944 -43531 -45757 2225.95 0.0099686 0.0998429 0.02 0 0 0.53666 -0.395927 -0.244026
945 -43540.7 -45757 2216.24 0.0100575 0.100287 0.02 0 0 0.535822 -0.396128 -0.244322
946 -43539.1 -45757 2217.89 0.0100802 0.1004 0.02 0 0 0.535937 -0.39627 -0.242577
947 -43547.8 -45757 2209.21 0.0100688 0.100343 0.02 0 0 0.536805 -0.3964 -0.242664
948 -43537.2 -45757 2219.75 0.0100765 0.100382 0.02 0 0 0.537841 -0.395848 -0.242795
949 -43534.7 -45757 2222.29 0.00999939 0.099997 0.02 0 0 0.538608 -0.39627 -0.243017
950 -43523.2 -45757 2233.73 0.0100356 0.100178 0.02 0 0 0.539153 -0.394704 -0.243827
951 -43525.5 -45757 2231.47 0.0100122 0.100061 0.02 0 0 0.539259 -0.396084 -0.244206
952 -43537.1 -45757 2219.89 0.00994506 0.0997249 0.02 0 0 0.53963 -0.396903 -0.243797
953 -43530.5 -45757 2226.5 0.00998338 0.0999169 0.02 0 0 0.538903 -0.396549 -0.242891
954 -43532.1 -45757 2224.9 0.00999845 0.0999922 0.02 0 0 0.539312 -0.396949 -0.242157
955 -43517.3 -45757 2239.69 0.00999906 0.0999953 0.02 0 0 0.540059 -0.396563 -0.242163
956 -43515.8 -45757 2241.16 0.0100222 0.100111 0.02 0 0 0.540698 -0.397016 -0.241935
957 -43529.3 -45757 2227.66 0.00998839 0.0999419 0.02 0 0 0.541413 -0.398009 -0.241659
958 -43534.3 -45757 2222.68 0.00996686 0.0998342 0.02 0 0 0.542525 -0.398209 -0.24056
959 -43529.3 -45757 2227.66 0.0100253 0.100126 0.02 0 0 0.543068 -0.398826 -0.23973
960 -43539.2 -45757 2217.73 0.0100031 0.100015 0.02 0 0 0.543326 -0.399387 -0.239935
961 -43530 -45757 2226.95 0.0100344 0.100172 0.02 0 0 0.543324 -0.39928 -0.240881
962 -43539.5 -45757 2217.51 0.00996113 0.0998054 0.02 0 0 0.543189 -0.400154 -0.240766
963 -43531.7 -45757 2225.23 0.0100252 0.100126 0.02 0 0 0.543189 -0.400294 -0.240934
964 -43539.1 -45757 2217.91 0.0100525 0.100262 0.02 0 0 0.543296 -0.399932 -0.240726
965 -43557.4 -45757 2199.53 0.00999368 0.0999684 0.02 0 0 0.544935 -0.400264 -0.240466
966 -43584.1 -45757 2172.9 0.00995265 0.099763 0.02 0 0 0.544767 -0.401436 -0.240847
967 -43573.8 -45757 2183.14 0.0100482 0.100241 0.02 0 0 0.545393 -0.401959 -0.241023
968 -43576.3 -45757 2180.66 0.0100408 0.100204 0.02 0 0 0.545437 -0.402739 -0.240984
969 -43553.6 -45757 2203.36 0.0100475 0.100237 0.02 0 0 0.545998 -0.402469 -0.24089
970 -43547 -45757 2210.02 0.0100123 0.100061 0.02 0 0 0.546116 -0.401835 -0.241041
971 -43553.1 -45757 2203.91 0.0100159 0.100079 0.02 0 0 0.546121 -0.401058 -0.241827
972 -43549.7 -45757 2207.23 0.0100273 0.100136 0.02 0 0 0.546499 -0.400724 -0.242795
973 -43562.3 -45757 2194.62 0.00998234 0.0999116 0.02 0 0 0.546511 -0.400364 -0.243778
974 -43576.4 -45757 2180.53 0.00999947 0.0999973 0.02 0 0 0.547292 -0.39962 -0.243783
975 -43587.4 -45757 2169.56 0.0100084 0.100042 0.02 0 0 0.547028 -0.399886 -0.24392
976 -43578.8 -45757 2178.21 0.0099953 0.0999765 0.02 0 0 0.547602 -0.399614 -0.243988
977 -43574.8 -45757 2182.13 0.0100113 0.100056 0.02 0 0 0.547603 -0.399354 -0.245147
978 -43554.3 -45757 2202.68 0.00996585 0.0998291 0.02 0 0 0.547668 -0.399348 -0.244965
979 -43561.8 -45757 2195.13 0.00999471 0.0999736 0.02 0 0 0.548319 -0.40056 -0.244161
980 -43570.3 -45757 2186.67 0.00997393 0.0998696 0.02 0 0 0.549395 -0.4009 -0.244217
981 -43572.3 -45757 2184.68 0.00994056 0.0997024 0.02 0 0 0.549644 -0.400247 -0.244395
982 -43556.4 -45757 2200.59 0.00995333 0.0997664 0.02 0 0 0.550852 -0.398902 -0.24408
983 -43556.8 -45757 2200.21 0.010051 0.100255 0.02 0 0 0.551307 -0.398603 -0.243667
984 -43568.6 -45757 2188.37 0.0100396 0.100198 0.02 0 0 0.551083 -0.399327 -0.243522
985 -43564.1 -45757 2192.87 0.00996562 0.099828 0.02 0 0 0.551193 -0.399317 -0.244599
986 -43567.9 -45757 2189.08 0.00991308 0.0995644 0.02 0 0 0.552424 -0.399824 -0.245006
987 -43553.5 -45757 2203.46 0.0100294 0.100147 0.02 0 0 0.552692 -0.399634 -0.245058
988 -43556 -45757 2201.01 0.0100368 0.100184 0.02 0 0 0.553236 -0.399395 -0.244407
989 -43547.6 -45757 2209.37 0.0100371 0.100185 0.02 0 0 0.552902 -0.400186 -0.243577
990 -43538 -45757 2219.01 0.0100404 0.100202 0.02 0 0 0.55232 -0.399928 -0.243749
991 -43545.2 -45757 2211.77 0.00998819 0.0999409 0.02 0 0 0.55206 -0.399934 -0.243511
992 -43542.3 -45757 2214.71 0.00999984 0.0999992 0.02 0 0 0.552123 -0.400239 -0.243958
993 -43522.2 -45757 2234.77 0.0098983 0.0994902 0.02 0 0 0.553253 -0.39941 -0.243869
994 -43530.5 -45757 2226.46 0.00997092 0.0998545 0.02 0 0 0.552792 -0.399906 -0.243182
995 -43542.3 -45757 2214.66 0.00999774 0.0999887 0.02 0 0 0.553833 -0.399778 -0.243451
996 -43560.6 -45757 2196.41 0.01005 0.10025 0.02 0 0 0.554918 -0.400352 -0.242539
997 -43561.5 -45757 2195.46 0.00995554 0.0997775 0.02 0 0 0.555453 -0.399716 -0.2425
998 -43551.4 -45757 2205.56 0.010037 0.100185 0.02 0 0 0.555532 -0.400542 -0.241626
999 -43543.7 -45757 2213.23 0.0100309 0.100155 0.02 0 0 0.555602 -0.400488 -0.242157
1000 -43553.8 -45757 2203.14 0.0100562 0.100281 0.02 0 0 0.555701 -0.400571 -0.242766
