# Iteration Energy MinEnergy Delta temp realtemp dtheta realdtheta MagneticFieldX Y Z MagnetizationX Y Z
1 -1542.14 -46284.7 44742.6 0.01 0.00999396 0.1 0.0999698 0.085 0 0 0.00406171 -0.010345 -0.00133048
2 -2780.4 -46284.7 43504.3 0.01 0.0100035 0.1 0.100017 0.085 0 0 0.00608775 -0.0116721 -0.00172888
3 -3915.49 -46284.7 42369.2 0.01 0.00999712 0.1 0.0999856 0.085 0 0 0.0085919 -0.012708 -0.00299765
4 -4990.07 -46284.7 41294.7 0.01 0.0100025 0.1 0.100013 0.085 0 0 0.0112312 -0.0131986 -0.00324366
5 -6005.34 -46284.7 40279.4 0.01 0.00999917 0.1 0.0999959 0.085 0 0 0.0138956 -0.0141238 -0.00337991
6 -6980.38 -46284.7 39304.3 0.01 0.0099917 0.1 0.0999585 0.085 0 0 0.0168341 -0.0154868 -0.00363965
7 -7938.01 -46284.7 38346.7 0.01 0.00999393 0.1 0.0999696 0.085 0 0 0.0191382 -0.0166602 -0.00341911
8 -8878.93 -46284.7 37405.8 0.01 0.00999545 0.1 0.0999773 0.085 0 0 0.023105 -0.0173846 -0.00438158
9 -9769.67 -46284.7 36515 0.01 0.00999908 0.1 0.0999954 0.085 0 0 0.0267492 -0.0193006 -0.0038961
10 -10699.4 -46284.7 35585.3 0.01 0.0100023 0.1 0.100012 0.085 0 0 0.0300807 -0.020824 -0.00407011
11 -11625.8 -46284.7 34658.9 0.01 0.00999981 0.1 0.0999991 0.085 0 0 0.0327304 -0.022622 -0.00383202
12 -12539.7 -46284.7 33745 0.01 0.0100019 0.1 0.10001 0.085 0 0 0.034921 -0.023595 -0.00357788
13 -13489.4 -46284.7 32795.3 0.01 0.0100024 0.1 0.100012 0.085 0 0 0.0384166 -0.0249739 -0.00307194
14 -14416.7 -46284.7 31868 0.01 0.00999434 0.1 0.0999717 0.085 0 0 0.0430341 -0.0259277 -0.00311742
15 -15318.6 -46284.7 30966.1 0.01 0.0099984 0.1 0.099992 0.085 0 0 0.0471056 -0.0280286 -0.00314404
16 -16226 -46284.7 30058.7 0.01 0.00999668 0.1 0.0999834 0.085 0 0 0.0517089 -0.0289961 -0.00305208
17 -17172.7 -46284.7 29112 0.01 0.00999402 0.1 0.0999701 0.085 0 0 0.0550496 -0.0306986 -0.00396732
18 -18068.3 -46284.7 28216.5 0.01 0.00999932 0.1 0.0999966 0.085 0 0 0.0578516 -0.0323342 -0.00403804
19 -18954.7 -46284.7 27330 0.01 0.00999759 0.1 0.0999879 0.085 0 0 0.061802 -0.0341749 -0.00428999
20 -19819.5 -46284.7 26465.2 0.01 0.00999644 0.1 0.0999822 0.085 0 0 0.0663728 -0.0343315 -0.0035963
21 -20649.7 -46284.7 25635 0.01 0.00999577 0.1 0.0999788 0.085 0 0 0.0706317 -0.0356206 -0.00355788
22 -21473.1 -46284.7 24811.6 0.01 0.00999585 0.1 0.0999793 0.085 0 0 0.0749763 -0.0368446 -0.00238307
23 -22311.1 -46284.7 23973.6 0.01 0.00999725 0.1 0.0999863 0.085 0 0 0.0792522 -0.0383041 -0.00255231
24 -23087 -46284.7 23197.7 0.01 0.0100029 0.1 0.100015 0.085 0 0 0.0826913 -0.0390034 -0.00282812
25 -23828.5 -46284.7 22456.2 0.01 0.0100066 0.1 0.100033 0.085 0 0 0.086733 -0.0397397 -0.00399139
26 -24549.5 -46284.7 21735.2 0.01 0.0100128 0.1 0.100064 0.085 0 0 0.0902489 -0.0412849 -0.00443471
27 -25255.4 -46284.7 21029.3 0.01 0.00999788 0.1 0.0999894 0.085 0 0 0.0951533 -0.0435578 -0.00419098
28 -25911.6 -46284.7 20373.1 0.01 0.0100009 0.1 0.100004 0.085 0 0 0.0998643 -0.0436128 -0.00474259
29 -26515 -46284.7 19769.7 0.01 0.0099987 0.1 0.0999935 0.085 0 0 0.103453 -0.0457029 -0.00478463
30 -27106.9 -46284.7 19177.8 0.01 0.00999459 0.1 0.0999729 0.085 0 0 0.107551 -0.0467446 -0.00522462
31 -27649.9 -46284.7 18634.8 0.01 0.010001 0.1 0.100005 0.085 0 0 0.111252 -0.0478796 -0.00598466
32 -28201.8 -46284.7 18082.9 0.01 0.0100018 0.1 0.100009 0.085 0 0 0.115395 -0.0489534 -0.0060247
33 -28712.3 -46284.7 17572.4 0.01 0.00999663 0.1 0.0999831 0.085 0 0 0.118847 -0.0503821 -0.0060818
34 -29214.6 -46284.7 17070.2 0.01 0.0100029 0.1 0.100014 0.085 0 0 0.12215 -0.0525545 -0.00553813
35 -29672.9 -46284.7 16611.8 0.01 0.00999354 0.1 0.0999677 0.085 0 0 0.125482 -0.0542273 -0.00577481
36 -30094 -46284.7 16190.8 0.01 0.0100056 0.1 0.100028 0.085 0 0 0.127938 -0.0553651 -0.00673041
37 -30495.6 -46284.7 15789.2 0.01 0.00999915 0.1 0.0999958 0.085 0 0 0.132079 -0.0558699 -0.00706891
38 -30900.4 -46284.7 15384.4 0.01 0.00999657 0.1 0.0999828 0.085 0 0 0.135967 -0.0564491 -0.00682014
39 -31243.7 -46284.7 15041 0.01 0.0100009 0.1 0.100005 0.085 0 0 0.138831 -0.0587432 -0.00737293
40 -31573.6 -46284.7 14711.1 0.01 0.00999738 0.1 0.0999869 0.085 0 0 0.141827 -0.060668 -0.00833965
41 -31908.4 -46284.7 14376.4 0.01 0.0100053 0.1 0.100027 0.085 0 0 0.144345 -0.0637719 -0.00789889
42 -32208.9 -46284.7 14075.8 0.01 0.00999264 0.1 0.0999632 0.085 0 0 0.146352 -0.065496 -0.00820953
43 -32510 -46284.7 13774.7 0.01 0.0100016 0.1 0.100008 0.085 0 0 0.14896 -0.066296 -0.00859736
44 -32807 -46284.7 13477.8 0.01 0.00999753 0.1 0.0999877 0.085 0 0 0.152746 -0.0670363 -0.0106229
45 -33072.7 -46284.7 13212 0.01 0.00999991 0.1 0.0999995 0.085 0 0 0.155769 -0.0688395 -0.0107284
46 -33319.5 -46284.7 12965.2 0.01 0.0099945 0.1 0.0999725 0.085 0 0 0.159672 -0.0689899 -0.00976217
47 -33531.9 -46284.7 12752.8 0.01 0.0100048 0.1 0.100024 0.085 0 0 0.162488 -0.0702931 -0.0101139
48 -33739 -46284.7 12545.7 0.01 0.00999556 0.1 0.0999778 0.085 0 0 0.165148 -0.0723476 -0.0102911
49 -33952.8 -46284.7 12332 0.01 0.00999683 0.1 0.0999841 0.085 0 0 0.16751 -0.0733045 -0.0106038
50 -34163.8 -46284.7 12121 0.01 0.00999338 0.1 0.0999669 0.085 0 0 0.169897 -0.0738484 -0.012593
51 -34373.7 -46284.7 11911 0.01 0.00999697 0.1 0.0999848 0.085 0 0 0.172873 -0.0747009 -0.0134857
52 -34558.2 -46284.7 11726.6 0.01 0.0099958 0.1 0.099979 0.085 0 0 0.175055 -0.0757316 -0.0130677
53 -34733.8 -46284.7 11550.9 0.01 0.0100002 0.1 0.100001 0.085 0 0 0.177534 -0.0773271 -0.0139255
54 -34895.8 -46284.7 11388.9 0.01 0.0099955 0.1 0.0999775 0.085 0 0 0.179957 -0.0781085 -0.0157662
55 -35077 -46284.7 11207.7 0.01 0.00999992 0.1 0.0999996 0.085 0 0 0.183799 -0.0800324 -0.0151252
56 -35229 -46284.7 11055.7 0.01 0.00999984 0.1 0.0999992 0.085 0 0 0.186461 -0.0807373 -0.0146054
57 -35396.9 -46284.7 10887.8 0.01 0.0100017 0.1 0.100008 0.085 0 0 0.189041 -0.0824147 -0.0157056
58 -35542 -46284.7 10742.8 0.01 0.00999765 0.1 0.0999883 0.085 0 0 0.192174 -0.0835813 -0.015431
59 -35674 -46284.7 10610.7 0.01 0.0100005 0.1 0.100003 0.085 0 0 0.19453 -0.0838676 -0.0141397
60 -35812 -46284.7 10472.7 0.01 0.0100018 0.1 0.100009 0.085 0 0 0.197494 -0.0852862 -0.0149319
61 -35952.6 -46284.7 10332.1 0.01 0.00999795 0.1 0.0999897 0.085 0 0 0.20081 -0.086684 -0.016122
62 -36092.8 -46284.7 10192 0.01 0.0100074 0.1 0.100037 0.085 0 0 0.204047 -0.0871647 -0.0160361
63 -36235.1 -46284.7 10049.7 0.01 0.0100014 0.1 0.100007 0.085 0 0 0.206585 -0.0879476 -0.0174169
64 -36362 -46284.7 9922.68 0.01 0.00999528 0.1 0.0999764 0.085 0 0 0.209302 -0.0902904 -0.0168906
65 -36476 -46284.7 9808.76 0.01 0.00999773 0.1 0.0999886 0.085 0 0 0.211864 -0.092158 -0.0163104
66 -36595.6 -46284.7 9689.12 0.01 0.00999268 0.1 0.0999634 0.085 0 0 0.214862 -0.0925167 -0.0161234
67 -36685.6 -46284.7 9599.14 0.01 0.00999983 0.1 0.0999991 0.085 0 0 0.216743 -0.0930198 -0.0155
68 -36806.9 -46284.7 9477.83 0.01 0.0100081 0.1 0.10004 0.085 0 0 0.219502 -0.09444 -0.014114
69 -36903.2 -46284.7 9381.53 0.01 0.0100049 0.1 0.100024 0.085 0 0 0.221509 -0.0956262 -0.0144778
70 -37020.5 -46284.7 9264.26 0.01 0.0100097 0.1 0.100049 0.085 0 0 0.224297 -0.0960215 -0.0150806
71 -37116.9 -46284.7 9167.83 0.01 0.00999623 0.1 0.0999811 0.085 0 0 0.227344 -0.0981197 -0.0146817
72 -37212.9 -46284.7 9071.84 0.01 0.00999777 0.1 0.0999888 0.085 0 0 0.228774 -0.0999519 -0.0147597
73 -37286.6 -46284.7 8998.12 0.01 0.00999692 0.1 0.0999846 0.085 0 0 0.231761 -0.101497 -0.0155239
74 -37362.6 -46284.7 8922.09 0.01 0.00999558 0.1 0.0999779 0.085 0 0 0.234468 -0.102477 -0.01535
75 -37466.3 -46284.7 8818.45 0.01 0.0099947 0.1 0.0999735 0.085 0 0 0.237262 -0.103126 -0.0150675
76 -37541.4 -46284.7 8743.32 0.01 0.0100032 0.1 0.100016 0.085 0 0 0.239858 -0.103073 -0.0153731
77 -37602.3 -46284.7 8682.38 0.01 0.0099979 0.1 0.0999895 0.085 0 0 0.242184 -0.103795 -0.01572
78 -37705.3 -46284.7 8579.39 0.01 0.00999836 0.1 0.0999918 0.085 0 0 0.243849 -0.104022 -0.0171242
79 -37772 -46284.7 8512.68 0.01 0.0100027 0.1 0.100013 0.085 0 0 0.244958 -0.106333 -0.0169774
80 -37841.4 -46284.7 8443.35 0.01 0.00999951 0.1 0.0999976 0.085 0 0 0.246246 -0.10773 -0.0172065
81 -37927.9 -46284.7 8356.8 0.01 0.010002 0.1 0.10001 0.085 0 0 0.248688 -0.108883 -0.0181177
82 -38010.8 -46284.7 8273.9 0.01 0.0100054 0.1 0.100027 0.085 0 0 0.251273 -0.109544 -0.0178782
83 -38108.2 -46284.7 8176.5 0.01 0.00999503 0.1 0.0999751 0.085 0 0 0.253513 -0.110803 -0.0190097
84 -38172 -46284.7 8112.69 0.01 0.01 0.1 0.1 0.085 0 0 0.255808 -0.111819 -0.0194432
85 -38244 -46284.7 8040.73 0.01 0.0100047 0.1 0.100023 0.085 0 0 0.258502 -0.112108 -0.0196015
86 -38326.8 -46284.7 7957.96 0.01 0.00999651 0.1 0.0999825 0.085 0 0 0.262418 -0.113826 -0.0201201
87 -38407.7 -46284.7 7876.98 0.01 0.0100012 0.1 0.100006 0.085 0 0 0.264832 -0.114752 -0.0206673
88 -38461.8 -46284.7 7822.89 0.01 0.00999787 0.1 0.0999893 0.085 0 0 0.26728 -0.116094 -0.0212611
89 -38528.4 -46284.7 7756.29 0.01 0.00999646 0.1 0.0999823 0.085 0 0 0.269998 -0.11751 -0.0210789
90 -38600.1 -46284.7 7684.62 0.01 0.0100038 0.1 0.100019 0.085 0 0 0.272242 -0.11837 -0.0212662
91 -38665.5 -46284.7 7619.25 0.01 0.0100021 0.1 0.10001 0.085 0 0 0.274348 -0.119088 -0.0206768
92 -38712.8 -46284.7 7571.89 0.01 0.00999418 0.1 0.0999709 0.085 0 0 0.277077 -0.120053 -0.0207649
93 -38754.9 -46284.7 7529.78 0.01 0.0100092 0.1 0.100046 0.085 0 0 0.279045 -0.121635 -0.0208952
94 -38811.4 -46284.7 7473.31 0.01 0.00999735 0.1 0.0999868 0.085 0 0 0.281092 -0.122118 -0.0212367
95 -38859 -46284.7 7425.71 0.01 0.0100026 0.1 0.100013 0.085 0 0 0.284148 -0.12296 -0.0208501
96 -38910.5 -46284.7 7374.2 0.01 0.00999607 0.1 0.0999804 0.085 0 0 0.286272 -0.124764 -0.0212373
97 -38958 -46284.7 7326.76 0.01 0.010006 0.1 0.10003 0.085 0 0 0.287907 -0.126034 -0.021027
98 -39033.1 -46284.7 7251.58 0.01 0.0100055 0.1 0.100027 0.085 0 0 0.289834 -0.127579 -0.0209296
99 -39095.5 -46284.7 7189.21 0.01 0.00999567 0.1 0.0999784 0.085 0 0 0.291283 -0.128959 -0.0207755
100 -39162.9 -46284.7 7121.83 0.01 0.0100062 0.1 0.100031 0.085 0 0 0.293811 -0.129753 -0.0208733
101 -39215.1 -46284.7 7069.57 0.01 0.0100037 0.1 0.100019 0.085 0 0 0.295622 -0.130183 -0.0211689
102 -39275.1 -46284.7 7009.57 0.01 0.0100034 0.1 0.100017 0.085 0 0 0.298003 -0.130235 -0.0226022
103 -39323.1 -46284.7 6961.6 0.01 0.00999815 0.1 0.0999908 0.085 0 0 0.3001 -0.131998 -0.0238916
104 -39380.7 -46284.7 6904.05 0.01 0.00999758 0.1 0.0999879 0.085 0 0 0.302941 -0.132981 -0.0247174
105 -39439.4 -46284.7 6845.3 0.01 0.00999194 0.1 0.0999597 0.085 0 0 0.305142 -0.134235 -0.0240479
106 -39488.4 -46284.7 6796.29 0.01 0.0100019 0.1 0.10001 0.085 0 0 0.307628 -0.135569 -0.0246078
107 -39542.3 -46284.7 6742.4 0.01 0.010003 0.1 0.100015 0.085 0 0 0.308573 -0.135781 -0.0247412
108 -39559.5 -46284.7 6725.18 0.01 0.0100026 0.1 0.100013 0.085 0 0 0.31132 -0.136337 -0.0255658
109 -39631.4 -46284.7 6653.36 0.01 0.00999689 0.1 0.0999845 0.085 0 0 0.314316 -0.137184 -0.0254586
110 -39688.1 -46284.7 6596.63 0.01 0.00999951 0.1 0.0999975 0.085 0 0 0.316958 -0.138574 -0.0253626
111 -39723 -46284.7 6561.72 0.01 0.0100008 0.1 0.100004 0.085 0 0 0.318571 -0.139701 -0.0254433
112 -39771.7 -46284.7 6512.98 0.01 0.0100008 0.1 0.100004 0.085 0 0 0.32057 -0.140757 -0.0259762
113 -39802.4 -46284.7 6482.33 0.01 0.00999534 0.1 0.0999767 0.085 0 0 0.322465 -0.141142 -0.0265259
114 -39846 -46284.7 6438.75 0.01 0.0100052 0.1 0.100026 0.085 0 0 0.324398 -0.141697 -0.0266411
115 -39893.8 -46284.7 6390.97 0.01 0.0100062 0.1 0.100031 0.085 0 0 0.325912 -0.142835 -0.0272461
116 -39938 -46284.7 6346.69 0.01 0.0100012 0.1 0.100006 0.085 0 0 0.327643 -0.143983 -0.0278522
117 -39966.1 -46284.7 6318.61 0.01 0.00999434 0.1 0.0999717 0.085 0 0 0.32918 -0.144272 -0.0277093
118 -40005 -46284.7 6279.75 0.01 0.00999269 0.1 0.0999634 0.085 0 0 0.331534 -0.145996 -0.0285966
119 -40038.9 -46284.7 6245.86 0.01 0.00999741 0.1 0.0999871 0.085 0 0 0.333629 -0.147834 -0.0288812
120 -40076.2 -46284.7 6208.56 0.01 0.0100007 0.1 0.100003 0.085 0 0 0.336017 -0.14924 -0.0304015
121 -40133.9 -46284.7 6150.83 0.01 0.0100011 0.1 0.100006 0.085 0 0 0.337963 -0.150179 -0.030133
122 -40158 -46284.7 6126.73 0.01 0.0100014 0.1 0.100007 0.085 0 0 0.340201 -0.150679 -0.031987
123 -40207.5 -46284.7 6077.21 0.01 0.0100012 0.1 0.100006 0.085 0 0 0.342305 -0.152935 -0.031344
124 -40236.5 -46284.7 6048.25 0.01 0.00999523 0.1 0.0999761 0.085 0 0 0.344015 -0.153418 -0.0314538
125 -40284.2 -46284.7 6000.49 0.01 0.00999955 0.1 0.0999978 0.085 0 0 0.345882 -0.154386 -0.0315979
126 -40313.9 -46284.7 5970.85 0.01 0.00999461 0.1 0.099973 0.085 0 0 0.347951 -0.156318 -0.0326869
127 -40341.5 -46284.7 5943.18 0.01 0.00999537 0.1 0.0999768 0.085 0 0 0.349782 -0.155237 -0.0330801
128 -40371.4 -46284.7 5913.32 0.01 0.0100053 0.1 0.100027 0.085 0 0 0.350977 -0.155768 -0.0334931
129 -40414.8 -46284.7 5869.95 0.01 0.00999688 0.1 0.0999844 0.085 0 0 0.354132 -0.157132 -0.0351016
130 -40464 -46284.7 5820.77 0.01 0.00999942 0.1 0.0999971 0.085 0 0 0.355332 -0.157893 -0.0349835
131 -40477.8 -46284.7 5806.89 0.01 0.0100024 0.1 0.100012 0.085 0 0 0.357097 -0.159516 -0.0360789
132 -40507.4 -46284.7 5777.36 0.01 0.00999437 0.1 0.0999718 0.085 0 0 0.358922 -0.159953 -0.0365719
133 -40563 -46284.7 5721.68 0.01 0.0100004 0.1 0.100002 0.085 0 0 0.360279 -0.160566 -0.0356275
134 -40593.2 -46284.7 5691.51 0.01 0.0100062 0.1 0.100031 0.085 0 0 0.361972 -0.161628 -0.0362709
135 -40627.3 -46284.7 5657.43 0.01 0.00999968 0.1 0.0999984 0.085 0 0 0.362947 -0.163133 -0.0367457
136 -40658.4 -46284.7 5626.28 0.01 0.00999991 0.1 0.0999995 0.085 0 0 0.365139 -0.16275 -0.037238
137 -40684.9 -46284.7 5599.8 0.01 0.0100025 0.1 0.100012 0.085 0 0 0.36689 -0.164912 -0.0372941
138 -40718 -46284.7 5566.72 0.01 0.0100057 0.1 0.100028 0.085 0 0 0.368485 -0.165794 -0.0374715
139 -40738.2 -46284.7 5546.54 0.01 0.00999231 0.1 0.0999615 0.085 0 0 0.370322 -0.167131 -0.0372638
140 -40786.1 -46284.7 5498.58 0.01 0.0100107 0.1 0.100053 0.085 0 0 0.371261 -0.167987 -0.0375927
141 -40820.7 -46284.7 5463.98 0.01 0.00999716 0.1 0.0999858 0.085 0 0 0.373881 -0.169024 -0.0386749
142 -40844.4 -46284.7 5440.34 0.01 0.0100026 0.1 0.100013 0.085 0 0 0.376067 -0.169729 -0.038565
143 -40871 -46284.7 5413.72 0.01 0.00999432 0.1 0.0999716 0.085 0 0 0.377113 -0.171706 -0.0386551
144 -40889 -46284.7 5395.68 0.01 0.00999873 0.1 0.0999936 0.085 0 0 0.378609 -0.172232 -0.0396976
145 -40939.5 -46284.7 5345.21 0.01 0.00999741 0.1 0.099987 0.085 0 0 0.380987 -0.171929 -0.0397835
146 -40952.7 -46284.7 5332.05 0.01 0.00998574 0.1 0.0999287 0.085 0 0 0.381951 -0.172037 -0.0404854
147 -40967 -46284.7 5317.73 0.01 0.0100015 0.1 0.100008 0.085 0 0 0.384004 -0.17283 -0.0406509
148 -40997.4 -46284.7 5287.29 0.01 0.00999454 0.1 0.0999727 0.085 0 0 0.385528 -0.173944 -0.0410524
149 -41002.7 -46284.7 5281.98 0.01 0.00999778 0.1 0.0999889 0.085 0 0 0.38701 -0.174724 -0.0418306
150 -41033.4 -46284.7 5251.37 0.01 0.0100012 0.1 0.100006 0.085 0 0 0.387755 -0.174974 -0.0437331
151 -41046.5 -46284.7 5238.2 0.01 0.00999972 0.1 0.0999986 0.085 0 0 0.389466 -0.175565 -0.0438254
152 -41044.4 -46284.7 5240.3 0.01 0.0099988 0.1 0.099994 0.085 0 0 0.390483 -0.177201 -0.0444367
153 -41063.3 -46284.7 5221.38 0.01 0.00999958 0.1 0.0999979 0.085 0 0 0.392453 -0.176971 -0.044572
154 -41077.7 -46284.7 5207.07 0.01 0.0100015 0.1 0.100008 0.085 0 0 0.393051 -0.177272 -0.0438166
155 -41119.3 -46284.7 5165.39 0.01 0.00999956 0.1 0.0999978 0.085 0 0 0.395057 -0.176926 -0.0437694
156 -41129.7 -46284.7 5154.98 0.01 0.00999949 0.1 0.0999974 0.085 0 0 0.395871 -0.177913 -0.0439546
157 -41138.7 -46284.7 5146.07 0.01 0.0100025 0.1 0.100013 0.085 0 0 0.397623 -0.17905 -0.0436947
158 -41166.1 -46284.7 5118.6 0.01 0.0100061 0.1 0.100031 0.085 0 0 0.398742 -0.179161 -0.0434241
159 -41215.3 -46284.7 5069.44 0.01 0.0100016 0.1 0.100008 0.085 0 0 0.399912 -0.180847 -0.0446493
160 -41251 -46284.7 5033.75 0.01 0.010001 0.1 0.100005 0.085 0 0 0.402024 -0.180961 -0.0452629
161 -41284.1 -46284.7 5000.62 0.01 0.0100045 0.1 0.100022 0.085 0 0 0.405031 -0.180545 -0.0461019
162 -41289.5 -46284.7 4995.22 0.01 0.0099937 0.1 0.0999685 0.085 0 0 0.406229 -0.180945 -0.0466522
163 -41319.3 -46284.7 4965.4 0.01 0.0100027 0.1 0.100014 0.085 0 0 0.408166 -0.181523 -0.0470645
164 -41340.4 -46284.7 4944.28 0.01 0.00999281 0.1 0.099964 0.085 0 0 0.410801 -0.182462 -0.0483642
165 -41374.3 -46284.7 4910.42 0.01 0.00999486 0.1 0.0999743 0.085 0 0 0.412188 -0.182221 -0.0477891
166 -41393.2 -46284.7 4891.57 0.01 0.00999771 0.1 0.0999886 0.085 0 0 0.413593 -0.183226 -0.047686
167 -41409.5 -46284.7 4875.27 0.01 0.0100014 0.1 0.100007 0.085 0 0 0.41557 -0.184227 -0.0480681
168 -41418.9 -46284.7 4865.84 0.01 0.0100017 0.1 0.100009 0.085 0 0 0.416942 -0.184378 -0.0482808
169 -41434 -46284.7 4850.71 0.01 0.0100014 0.1 0.100007 0.085 0 0 0.418407 -0.185523 -0.0485783
170 -41476 -46284.7 4808.73 0.01 0.00999691 0.1 0.0999845 0.085 0 0 0.418972 -0.185418 -0.0483719
171 -41487.3 -46284.7 4797.42 0.01 0.0099985 0.1 0.0999925 0.085 0 0 0.420542 -0.186007 -0.0492159
172 -41510.8 -46284.7 4773.93 0.01 0.00999962 0.1 0.0999981 0.085 0 0 0.42118 -0.186823 -0.0481961
173 -41521.1 -46284.7 4763.61 0.01 0.0100034 0.1 0.100017 0.085 0 0 0.42205 -0.186678 -0.04746
174 -41552.6 -46284.7 4732.17 0.01 0.0100004 0.1 0.100002 0.085 0 0 0.423214 -0.187057 -0.0472144
175 -41560.5 -46284.7 4724.21 0.01 0.00999953 0.1 0.0999977 0.085 0 0 0.424476 -0.188312 -0.0457373
176 -41591.5 -46284.7 4693.18 0.01 0.00999711 0.1 0.0999856 0.085 0 0 0.425378 -0.188632 -0.0455714
177 -41598.9 -46284.7 4685.87 0.01 0.0100046 0.1 0.100023 0.085 0 0 0.425684 -0.189777 -0.0466094
178 -41613 -46284.7 4671.7 0.01 0.00999717 0.1 0.0999858 0.085 0 0 0.427152 -0.190942 -0.0468969
179 -41625.5 -46284.7 4659.25 0.01 0.0100028 0.1 0.100014 0.085 0 0 0.428525 -0.191424 -0.0469755
180 -41639.6 -46284.7 4645.11 0.01 0.0100059 0.1 0.10003 0.085 0 0 0.430561 -0.192009 -0.0474523
181 -41663.2 -46284.7 4621.5 0.01 0.0100031 0.1 0.100016 0.085 0 0 0.432959 -0.191591 -0.0483719
182 -41686.2 -46284.7 4598.47 0.01 0.0100088 0.1 0.100044 0.085 0 0 0.434838 -0.191457 -0.0485797
183 -41716.1 -46284.7 4568.58 0.01 0.0099965 0.1 0.0999825 0.085 0 0 0.436665 -0.192789 -0.0481475
184 -41749.5 -46284.7 4535.21 0.01 0.00999808 0.1 0.0999904 0.085 0 0 0.438231 -0.193172 -0.0473682
185 -41780 -46284.7 4504.72 0.01 0.0100026 0.1 0.100013 0.085 0 0 0.440394 -0.193751 -0.047949
186 -41817.1 -46284.7 4467.62 0.01 0.00999815 0.1 0.0999908 0.085 0 0 0.442214 -0.195022 -0.0484782
187 -41836.6 -46284.7 4448.15 0.01 0.00999591 0.1 0.0999795 0.085 0 0 0.443341 -0.195052 -0.0483341
188 -41849.7 -46284.7 4435.06 0.01 0.0100053 0.1 0.100027 0.085 0 0 0.445143 -0.194266 -0.0472684
189 -41869.6 -46284.7 4415.1 0.01 0.0100003 0.1 0.100001 0.085 0 0 0.446427 -0.195603 -0.0477593
190 -41896.1 -46284.7 4388.66 0.01 0.0100063 0.1 0.100031 0.085 0 0 0.448359 -0.196754 -0.0479271
191 -41933.6 -46284.7 4351.15 0.01 0.00999923 0.1 0.0999962 0.085 0 0 0.450399 -0.197409 -0.0482801
192 -41951.4 -46284.7 4333.3 0.01 0.00999545 0.1 0.0999772 0.085 0 0 0.452254 -0.19772 -0.0492726
193 -41979.5 -46284.7 4305.18 0.01 0.00999329 0.1 0.0999665 0.085 0 0 0.453804 -0.198199 -0.0509466
194 -41973.1 -46284.7 4311.61 0.01 0.0100008 0.1 0.100004 0.085 0 0 0.455284 -0.198574 -0.052715
195 -42004.9 -46284.7 4279.77 0.01 0.0100027 0.1 0.100013 0.085 0 0 0.457498 -0.199647 -0.0534665
196 -42025.2 -46284.7 4259.54 0.01 0.0100012 0.1 0.100006 0.085 0 0 0.459019 -0.199872 -0.0527502
197 -42040.9 -46284.7 4243.86 0.01 0.00999463 0.1 0.0999732 0.085 0 0 0.461143 -0.200102 -0.0526407
198 -42046.9 -46284.7 4237.77 0.01 0.0100021 0.1 0.10001 0.085 0 0 0.462327 -0.200943 -0.0522223
199 -42046.5 -46284.7 4238.21 0.01 0.0100019 0.1 0.100009 0.085 0 0 0.464933 -0.200563 -0.052211
200 -42059.8 -46284.7 4224.9 0.01 0.010002 0.1 0.10001 0.085 0 0 0.466872 -0.201762 -0.0528549
201 -42068.4 -46284.7 4216.33 0.01 0.00999906 0.1 0.0999953 0.085 0 0 0.467853 -0.201644 -0.0533861
202 -42106 -46284.7 4178.73 0.01 0.00999734 0.1 0.0999867 0.085 0 0 0.470034 -0.201919 -0.0536003
203 -42128.1 -46284.7 4156.62 0.01 0.00999911 0.1 0.0999955 0.085 0 0 0.471786 -0.20447 -0.0541882
204 -42139.2 -46284.7 4145.57 0.01 0.00999444 0.1 0.0999722 0.085 0 0 0.473464 -0.205338 -0.0550368
205 -42179.4 -46284.7 4105.33 0.01 0.00999737 0.1 0.0999869 0.085 0 0 0.474243 -0.206179 -0.0554896
206 -42177.5 -46284.7 4107.22 0.01 0.00999653 0.1 0.0999826 0.085 0 0 0.475629 -0.206751 -0.0555834
207 -42205.9 -46284.7 4078.86 0.01 0.00999566 0.1 0.0999783 0.085 0 0 0.477353 -0.208502 -0.0551485
208 -42225.5 -46284.7 4059.23 0.01 0.00999821 0.1 0.099991 0.085 0 0 0.478978 -0.208634 -0.0564694
209 -42224.7 -46284.7 4060.05 0.01 0.00999769 0.1 0.0999884 0.085 0 0 0.480199 -0.209226 -0.0563265
210 -42237.3 -46284.7 4047.38 0.01 0.0100011 0.1 0.100005 0.085 0 0 0.482066 -0.209684 -0.057531
211 -42256.1 -46284.7 4028.58 0.01 0.0100078 0.1 0.100039 0.085 0 0 0.483678 -0.210689 -0.0576414
212 -42266.3 -46284.7 4018.43 0.01 0.0100033 0.1 0.100017 0.085 0 0 0.484077 -0.211687 -0.0564878
213 -42271.8 -46284.7 4012.91 0.01 0.010002 0.1 0.10001 0.085 0 0 0.485457 -0.21262 -0.056844
214 -42292.2 -46284.7 3992.5 0.01 0.00999975 0.1 0.0999987 0.085 0 0 0.487215 -0.213047 -0.0566946
215 -42322.1 -46284.7 3962.58 0.01 0.0100031 0.1 0.100015 0.085 0 0 0.488259 -0.214156 -0.0561034
216 -42342.4 -46284.7 3942.31 0.01 0.00999659 0.1 0.0999829 0.085 0 0 0.489553 -0.21484 -0.0566197
217 -42346 -46284.7 3938.7 0.01 0.0100017 0.1 0.100008 0.085 0 0 0.491555 -0.214964 -0.0562648
218 -42369.7 -46284.7 3915.04 0.01 0.00999768 0.1 0.0999884 0.085 0 0 0.492982 -0.216224 -0.0563196
219 -42370 -46284.7 3914.75 0.01 0.0100104 0.1 0.100052 0.085 0 0 0.493694 -0.21655 -0.0559981
220 -42391.9 -46284.7 3892.83 0.01 0.0100001 0.1 0.1 0.085 0 0 0.494702 -0.21648 -0.0559772
221 -42426.6 -46284.7 3858.11 0.01 0.0100011 0.1 0.100005 0.085 0 0 0.495976 -0.215853 -0.0559723
222 -42441 -46284.7 3843.7 0.01 0.0099998 0.1 0.099999 0.085 0 0 0.496976 -0.215859 -0.0565274
223 -42454.4 -46284.7 3830.28 0.01 0.00999614 0.1 0.0999807 0.085 0 0 0.497882 -0.216369 -0.0571649
224 -42450.4 -46284.7 3834.37 0.01 0.00999868 0.1 0.0999934 0.085 0 0 0.49913 -0.217798 -0.0573855
225 -42476.5 -46284.7 3808.21 0.01 0.010002 0.1 0.10001 0.085 0 0 0.500337 -0.218602 -0.057897
226 -42493.4 -46284.7 3791.29 0.01 0.009995 0.1 0.099975 0.085 0 0 0.501988 -0.219584 -0.0573406
227 -42490.6 -46284.7 3794.15 0.01 0.0099964 0.1 0.099982 0.085 0 0 0.503117 -0.219766 -0.0560822
228 -42497.8 -46284.7 3786.91 0.01 0.00999846 0.1 0.0999923 0.085 0 0 0.504905 -0.21981 -0.0565539
229 -42496.3 -46284.7 3788.45 0.01 0.00999948 0.1 0.0999974 0.085 0 0 0.505694 -0.220532 -0.0569448
230 -42496.5 -46284.7 3788.21 0.01 0.00999887 0.1 0.0999944 0.085 0 0 0.505725 -0.220723 -0.0563326
231 -42493.6 -46284.7 3791.09 0.01 0.0100028 0.1 0.100014 0.085 0 0 0.5075 -0.220912 -0.0561013
232 -42503 -46284.7 3781.76 0.01 0.0100013 0.1 0.100006 0.085 0 0 0.508993 -0.221341 -0.0561216
233 -42509.4 -46284.7 3775.31 0.01 0.0100056 0.1 0.100028 0.085 0 0 0.508968 -0.22201 -0.0565436
234 -42524.3 -46284.7 3760.41 0.01 0.00999927 0.1 0.0999964 0.085 0 0 0.510684 -0.22229 -0.0573338
235 -42551.8 -46284.7 3732.95 0.01 0.00999637 0.1 0.0999819 0.085 0 0 0.512201 -0.223733 -0.0588389
236 -42572.8 -46284.7 3711.88 0.01 0.00999751 0.1 0.0999876 0.085 0 0 0.513258 -0.224246 -0.0578313
237 -42566.6 -46284.7 3718.14 0.01 0.0100057 0.1 0.100029 0.085 0 0 0.514354 -0.223504 -0.0584086
238 -42582.9 -46284.7 3701.77 0.01 0.00999498 0.1 0.0999749 0.085 0 0 0.516369 -0.223405 -0.0592843
239 -42589.9 -46284.7 3694.77 0.01 0.0100015 0.1 0.100007 0.085 0 0 0.518647 -0.223871 -0.0592948
240 -42588.4 -46284.7 3696.3 0.01 0.0100009 0.1 0.100005 0.085 0 0 0.52066 -0.224397 -0.0598842
241 -42606.9 -46284.7 3677.78 0.01 0.00999774 0.1 0.0999887 0.085 0 0 0.521809 -0.224197 -0.0594201
242 -42597.4 -46284.7 3687.34 0.01 0.0100043 0.1 0.100022 0.085 0 0 0.523086 -0.224555 -0.0602511
243 -42630.1 -46284.7 3654.66 0.01 0.0100022 0.1 0.100011 0.085 0 0 0.524785 -0.224746 -0.0606516
244 -42678.3 -46284.7 3606.46 0.01 0.0100017 0.1 0.100009 0.085 0 0 0.526721 -0.225099 -0.0599543
245 -42687.3 -46284.7 3597.39 0.01 0.0100029 0.1 0.100015 0.085 0 0 0.527979 -0.226448 -0.0597145
246 -42698.9 -46284.7 3585.8 0.01 0.00999991 0.1 0.0999996 0.085 0 0 0.530005 -0.226631 -0.0613848
247 -42694.2 -46284.7 3590.49 0.01 0.00999449 0.1 0.0999724 0.085 0 0 0.531544 -0.227439 -0.0621385
248 -42718.4 -46284.7 3566.35 0.01 0.0100043 0.1 0.100021 0.085 0 0 0.533169 -0.229106 -0.0637972
249 -42712.9 -46284.7 3571.82 0.01 0.0100041 0.1 0.100021 0.085 0 0 0.534121 -0.229028 -0.0637563
250 -42734.8 -46284.7 3549.97 0.01 0.0100023 0.1 0.100011 0.085 0 0 0.536592 -0.2289 -0.0641232
251 -42759 -46284.7 3525.75 0.01 0.00999548 0.1 0.0999774 0.085 0 0 0.536895 -0.229143 -0.0642497
252 -42784.7 -46284.7 3499.98 0.01 0.00999945 0.1 0.0999973 0.085 0 0 0.539377 -0.229353 -0.0650819
253 -42802.1 -46284.7 3482.59 0.01 0.010004 0.1 0.10002 0.085 0 0 0.541547 -0.229575 -0.0666059
254 -42806.9 -46284.7 3477.81 0.01 0.00999699 0.1 0.0999849 0.085 0 0 0.54205 -0.230828 -0.0653953
255 -42834.1 -46284.7 3450.62 0.01 0.00999797 0.1 0.0999898 0.085 0 0 0.543991 -0.232586 -0.0663088
256 -42828.3 -46284.7 3456.39 0.01 0.0100086 0.1 0.100043 0.085 0 0 0.544893 -0.232146 -0.0664346
257 -42825.7 -46284.7 3459.04 0.01 0.0100017 0.1 0.100008 0.085 0 0 0.546084 -0.231971 -0.0663315
258 -42825.6 -46284.7 3459.1 0.01 0.0100031 0.1 0.100016 0.085 0 0 0.547353 -0.231396 -0.0668261
259 -42830.1 -46284.7 3454.66 0.01 0.0100015 0.1 0.100008 0.085 0 0 0.548506 -0.231482 -0.0677042
260 -42865.6 -46284.7 3419.09 0.01 0.00999656 0.1 0.0999828 0.085 0 0 0.549558 -0.231172 -0.0685576
261 -42853.2 -46284.7 3431.5 0.01 0.00999428 0.1 0.0999714 0.085 0 0 0.550204 -0.232122 -0.0688144
262 -42875.7 -46284.7 3409.05 0.01 0.00999842 0.1 0.0999921 0.085 0 0 0.551912 -0.231668 -0.0695861
263 -42886.4 -46284.7 3398.3 0.01 0.0100018 0.1 0.100009 0.085 0 0 0.553523 -0.230877 -0.0694562
264 -42900.8 -46284.7 3383.93 0.01 0.00999981 0.1 0.0999991 0.085 0 0 0.555663 -0.230369 -0.071642
265 -42913.1 -46284.7 3371.6 0.01 0.00999658 0.1 0.0999829 0.085 0 0 0.55729 -0.231095 -0.0714368
266 -42929.9 -46284.7 3354.82 0.01 0.00999396 0.1 0.0999698 0.085 0 0 0.559046 -0.230352 -0.0729298
267 -42947.4 -46284.7 3337.36 0.01 0.0100026 0.1 0.100013 0.085 0 0 0.55968 -0.231021 -0.072174
268 -42955 -46284.7 3329.75 0.01 0.00999908 0.1 0.0999954 0.085 0 0 0.561441 -0.23077 -0.0716566
269 -42950 -46284.7 3334.76 0.01 0.0100034 0.1 0.100017 0.085 0 0 0.563513 -0.231589 -0.0721395
270 -42981.1 -46284.7 3303.62 0.01 0.0100005 0.1 0.100002 0.085 0 0 0.565693 -0.232642 -0.0721867
271 -43000.4 -46284.7 3284.33 0.01 0.00999762 0.1 0.0999881 0.085 0 0 0.56674 -0.233329 -0.0727137
272 -43010.7 -46284.7 3273.98 0.01 0.0100029 0.1 0.100015 0.085 0 0 0.567665 -0.233246 -0.0710658
273 -43029.4 -46284.7 3255.31 0.01 0.010002 0.1 0.10001 0.085 0 0 0.569194 -0.234027 -0.0715137
274 -43032.5 -46284.7 3252.22 0.01 0.0100002 0.1 0.100001 0.085 0 0 0.570744 -0.233977 -0.0710686
275 -43036.5 -46284.7 3248.23 0.01 0.00999787 0.1 0.0999894 0.085 0 0 0.57169 -0.233779 -0.0703275
276 -43038.8 -46284.7 3245.93 0.01 0.0100102 0.1 0.100051 0.085 0 0 0.573188 -0.234178 -0.0712561
277 -43045.7 -46284.7 3239.01 0.01 0.0100058 0.1 0.100029 0.085 0 0 0.573543 -0.235173 -0.0719813
278 -43058.4 -46284.7 3226.32 0.01 0.0100007 0.1 0.100004 0.085 0 0 0.574154 -0.235879 -0.0732446
279 -43077.9 -46284.7 3206.78 0.01 0.00999897 0.1 0.0999949 0.085 0 0 0.576008 -0.236189 -0.0726902
280 -43084.7 -46284.7 3200.06 0.01 0.00999302 0.1 0.0999651 0.085 0 0 0.576865 -0.237467 -0.0723394
281 -43077 -46284.7 3207.73 0.01 0.0100072 0.1 0.100036 0.085 0 0 0.578179 -0.237643 -0.0733068
282 -43114.2 -46284.7 3170.48 0.01 0.00999733 0.1 0.0999867 0.085 0 0 0.579585 -0.238816 -0.0745852
283 -43117.7 -46284.7 3167.06 0.01 0.00999936 0.1 0.0999968 0.085 0 0 0.580949 -0.238944 -0.0744597
284 -43119 -46284.7 3165.71 0.01 0.00999519 0.1 0.099976 0.085 0 0 0.581745 -0.240223 -0.0742673
285 -43111.7 -46284.7 3172.98 0.01 0.0100064 0.1 0.100032 0.085 0 0 0.582071 -0.241017 -0.0736568
286 -43123.8 -46284.7 3160.93 0.01 0.00999693 0.1 0.0999847 0.085 0 0 0.584046 -0.242695 -0.075415
287 -43121 -46284.7 3163.71 0.01 0.00999906 0.1 0.0999953 0.085 0 0 0.585321 -0.242564 -0.0748035
288 -43135.1 -46284.7 3149.57 0.01 0.0100049 0.1 0.100024 0.085 0 0 0.587588 -0.242131 -0.0750204
289 -43154.6 -46284.7 3130.12 0.01 0.00999522 0.1 0.0999761 0.085 0 0 0.588643 -0.241246 -0.0748212
290 -43155 -46284.7 3129.68 0.01 0.0100058 0.1 0.100029 0.085 0 0 0.590631 -0.241144 -0.0735081
291 -43166.8 -46284.7 3117.96 0.01 0.0100003 0.1 0.100002 0.085 0 0 0.592179 -0.241303 -0.0742775
292 -43182.6 -46284.7 3102.07 0.01 0.00999801 0.1 0.0999901 0.085 0 0 0.593039 -0.242099 -0.074288
293 -43203.9 -46284.7 3080.84 0.01 0.00999836 0.1 0.0999918 0.085 0 0 0.59418 -0.242643 -0.0744878
294 -43216.4 -46284.7 3068.3 0.01 0.00999847 0.1 0.0999924 0.085 0 0 0.594293 -0.241758 -0.0763531
295 -43224.3 -46284.7 3060.4 0.01 0.0100008 0.1 0.100004 0.085 0 0 0.59508 -0.241685 -0.0753473
296 -43225.9 -46284.7 3058.8 0.01 0.0100017 0.1 0.100009 0.085 0 0 0.596801 -0.241942 -0.0751483
297 -43246.2 -46284.7 3038.54 0.01 0.010011 0.1 0.100055 0.085 0 0 0.597986 -0.242185 -0.0753146
298 -43243.7 -46284.7 3041.07 0.01 0.00999785 0.1 0.0999893 0.085 0 0 0.599534 -0.243307 -0.0762369
299 -43247.4 -46284.7 3037.32 0.01 0.00999454 0.1 0.0999727 0.085 0 0 0.600639 -0.243048 -0.0758561
300 -43258.3 -46284.7 3026.39 0.01 0.00999538 0.1 0.0999769 0.085 0 0 0.601939 -0.243761 -0.076756
301 -43244.5 -46284.7 3040.23 0.01 0.00999749 0.1 0.0999874 0.085 0 0 0.603037 -0.243858 -0.0757668
302 -43253.4 -46284.7 3031.29 0.01 0.0100059 0.1 0.100029 0.085 0 0 0.604643 -0.245075 -0.0767819
303 -43275 -46284.7 3009.68 0.01 0.0100013 0.1 0.100006 0.085 0 0 0.605906 -0.245551 -0.0772079
304 -43281.5 -46284.7 3003.23 0.01 0.0100017 0.1 0.100009 0.085 0 0 0.607186 -0.245387 -0.0769579
305 -43299.2 -46284.7 2985.57 0.01 0.00999476 0.1 0.0999738 0.085 0 0 0.608647 -0.246265 -0.0771109
306 -43284.1 -46284.7 3000.64 0.01 0.00999245 0.1 0.0999623 0.085 0 0 0.610381 -0.246114 -0.0779994
307 -43291.7 -46284.7 2993.05 0.01 0.00999855 0.1 0.0999927 0.085 0 0 0.611758 -0.245304 -0.0785084
308 -43294.1 -46284.7 2990.6 0.01 0.0099972 0.1 0.099986 0.085 0 0 0.612292 -0.246211 -0.0783178
309 -43308.5 -46284.7 2976.26 0.01 0.0100005 0.1 0.100002 0.085 0 0 0.613537 -0.246828 -0.0769954
310 -43306.3 -46284.7 2978.41 0.01 0.0100118 0.1 0.100059 0.085 0 0 0.614852 -0.24822 -0.0762822
311 -43323.4 -46284.7 2961.31 0.01 0.00999921 0.1 0.0999961 0.085 0 0 0.61609 -0.247852 -0.0775646
312 -43349 -46284.7 2935.7 0.01 0.00999959 0.1 0.0999979 0.085 0 0 0.617464 -0.248287 -0.0776126
313 -43350.1 -46284.7 2934.64 0.01 0.0100021 0.1 0.10001 0.085 0 0 0.619008 -0.249 -0.0780621
314 -43351.8 -46284.7 2932.95 0.01 0.00999669 0.1 0.0999835 0.085 0 0 0.620096 -0.25059 -0.0786593
315 -43369.6 -46284.7 2915.16 0.01 0.0100018 0.1 0.100009 0.085 0 0 0.621673 -0.251647 -0.0782225
316 -43344.3 -46284.7 2940.38 0.01 0.0100022 0.1 0.100011 0.085 0 0 0.622939 -0.251262 -0.0780499
317 -43345.6 -46284.7 2939.13 0.01 0.0100043 0.1 0.100021 0.085 0 0 0.624873 -0.252059 -0.0780533
318 -43353.2 -46284.7 2931.51 0.01 0.00999628 0.1 0.0999814 0.085 0 0 0.625781 -0.251031 -0.0786172
319 -43364.7 -46284.7 2920.04 0.01 0.0100041 0.1 0.10002 0.085 0 0 0.626861 -0.252319 -0.0791125
320 -43383.1 -46284.7 2901.61 0.01 0.0100039 0.1 0.10002 0.085 0 0 0.629164 -0.252251 -0.0782981
321 -43397.5 -46284.7 2887.21 0.01 0.0100055 0.1 0.100028 0.085 0 0 0.631699 -0.252977 -0.0777444
322 -43390.8 -46284.7 2893.9 0.01 0.00999968 0.1 0.0999984 0.085 0 0 0.632748 -0.252991 -0.0788598
323 -43394.1 -46284.7 2890.62 0.01 0.0100004 0.1 0.100002 0.085 0 0 0.63414 -0.253911 -0.0793402
324 -43388.4 -46284.7 2896.36 0.01 0.00999401 0.1 0.09997 0.085 0 0 0.63516 -0.2542 -0.0792967
325 -43416.6 -46284.7 2868.09 0.01 0.00999807 0.1 0.0999904 0.085 0 0 0.637221 -0.254135 -0.0785696
326 -43408.2 -46284.7 2876.54 0.01 0.0100008 0.1 0.100004 0.085 0 0 0.63836 -0.254256 -0.0791885
327 -43406.1 -46284.7 2878.62 0.01 0.00999595 0.1 0.0999797 0.085 0 0 0.639092 -0.253587 -0.0800774
328 -43433.8 -46284.7 2850.88 0.01 0.0100016 0.1 0.100008 0.085 0 0 0.640451 -0.253036 -0.0803472
329 -43429.5 -46284.7 2855.2 0.01 0.00999939 0.1 0.099997 0.085 0 0 0.641759 -0.254565 -0.0801101
330 -43425.9 -46284.7 2858.8 0.01 0.00999977 0.1 0.0999989 0.085 0 0 0.64326 -0.253534 -0.0794501
331 -43429.1 -46284.7 2855.67 0.01 0.0100042 0.1 0.100021 0.085 0 0 0.644498 -0.252955 -0.0786566
332 -43441.8 -46284.7 2842.92 0.01 0.00999839 0.1 0.0999919 0.085 0 0 0.64549 -0.254247 -0.0778563
333 -43461.3 -46284.7 2823.45 0.01 0.00999856 0.1 0.0999928 0.085 0 0 0.646956 -0.254038 -0.0787001
334 -43466.3 -46284.7 2818.41 0.01 0.0100054 0.1 0.100027 0.085 0 0 0.648629 -0.254172 -0.0789492
335 -43474.7 -46284.7 2810.04 0.01 0.01 0.1 0.1 0.085 0 0 0.650102 -0.253689 -0.0780904
336 -43480.2 -46284.7 2804.52 0.01 0.0100018 0.1 0.100009 0.085 0 0 0.651143 -0.254015 -0.0767957
337 -43483.7 -46284.7 2800.99 0.01 0.00999908 0.1 0.0999954 0.085 0 0 0.652349 -0.254113 -0.0767985
338 -43506.6 -46284.7 2778.08 0.01 0.0099981 0.1 0.0999905 0.085 0 0 0.653157 -0.254031 -0.0779897
339 -43485.8 -46284.7 2798.96 0.01 0.0100004 0.1 0.100002 0.085 0 0 0.653952 -0.254829 -0.0768262
340 -43496.9 -46284.7 2787.83 0.01 0.00999578 0.1 0.0999789 0.085 0 0 0.656211 -0.254411 -0.0775522
341 -43507.7 -46284.7 2776.99 0.01 0.0100047 0.1 0.100024 0.085 0 0 0.656923 -0.255285 -0.0766861
342 -43517.6 -46284.7 2767.15 0.01 0.00999871 0.1 0.0999935 0.085 0 0 0.659393 -0.255426 -0.0770051
343 -43511.6 -46284.7 2773.12 0.01 0.00999258 0.1 0.0999629 0.085 0 0 0.661022 -0.255313 -0.07669
344 -43530.4 -46284.7 2754.33 0.01 0.00999364 0.1 0.0999682 0.085 0 0 0.661943 -0.255382 -0.0771574
345 -43534.2 -46284.7 2750.51 0.01 0.00999916 0.1 0.0999958 0.085 0 0 0.66337 -0.254108 -0.0769713
346 -43539.6 -46284.7 2745.15 0.01 0.00999564 0.1 0.0999782 0.085 0 0 0.664973 -0.252822 -0.0768339
347 -43536.3 -46284.7 2748.46 0.01 0.010003 0.1 0.100015 0.085 0 0 0.665637 -0.252974 -0.0766656
348 -43535.8 -46284.7 2748.95 0.01 0.00999881 0.1 0.0999941 0.085 0 0 0.666517 -0.253088 -0.075623
349 -43529.2 -46284.7 2755.57 0.01 0.00999767 0.1 0.0999884 0.085 0 0 0.667793 -0.252156 -0.0762723
350 -43522.8 -46284.7 2761.88 0.01 0.0100014 0.1 0.100007 0.085 0 0 0.6692 -0.252358 -0.0777672
351 -43528.1 -46284.7 2756.63 0.01 0.00999604 0.1 0.0999802 0.085 0 0 0.670133 -0.253018 -0.0779967
352 -43554.2 -46284.7 2730.53 0.01 0.00999293 0.1 0.0999646 0.085 0 0 0.670857 -0.253775 -0.0793054
353 -43555.1 -46284.7 2729.6 0.01 0.00999857 0.1 0.0999928 0.085 0 0 0.671672 -0.254054 -0.07971
354 -43549 -46284.7 2735.68 0.01 0.0100008 0.1 0.100004 0.085 0 0 0.672444 -0.253677 -0.0801156
355 -43544.5 -46284.7 2740.21 0.01 0.00999903 0.1 0.0999952 0.085 0 0 0.673821 -0.254199 -0.0817342
356 -43536.9 -46284.7 2747.84 0.01 0.00999889 0.1 0.0999945 0.085 0 0 0.674168 -0.254682 -0.0810468
357 -43548.1 -46284.7 2736.66 0.01 0.0100051 0.1 0.100026 0.085 0 0 0.675693 -0.254837 -0.080349
358 -43553.1 -46284.7 2731.64 0.01 0.00999867 0.1 0.0999933 0.085 0 0 0.676952 -0.25512 -0.0804825
359 -43569.5 -46284.7 2715.19 0.01 0.0099993 0.1 0.0999965 0.085 0 0 0.677973 -0.255809 -0.0802616
360 -43559.6 -46284.7 2725.16 0.01 0.0100059 0.1 0.100029 0.085 0 0 0.679235 -0.255031 -0.0813294
361 -43553 -46284.7 2731.69 0.01 0.0100111 0.1 0.100056 0.085 0 0 0.680893 -0.25409 -0.0812744
362 -43568.6 -46284.7 2716.15 0.01 0.0100023 0.1 0.100011 0.085 0 0 0.681961 -0.252822 -0.0824341
363 -43585.4 -46284.7 2699.31 0.01 0.00999737 0.1 0.0999868 0.085 0 0 0.683854 -0.25153 -0.0817766
364 -43572.5 -46284.7 2712.22 0.01 0.00999302 0.1 0.0999651 0.085 0 0 0.685241 -0.250863 -0.0804962
365 -43570.5 -46284.7 2714.18 0.01 0.00999914 0.1 0.0999957 0.085 0 0 0.686087 -0.252113 -0.0803966
366 -43584.7 -46284.7 2700.07 0.01 0.00999461 0.1 0.0999731 0.085 0 0 0.68765 -0.251841 -0.0805345
367 -43600.3 -46284.7 2684.39 0.01 0.0100002 0.1 0.100001 0.085 0 0 0.689059 -0.25148 -0.0792372
368 -43605.2 -46284.7 2679.55 0.01 0.0100083 0.1 0.100042 0.085 0 0 0.689966 -0.251158 -0.0798282
369 -43621 -46284.7 2663.71 0.01 0.0100002 0.1 0.100001 0.085 0 0 0.691415 -0.250467 -0.0809714
370 -43614.5 -46284.7 2670.24 0.01 0.00999528 0.1 0.0999764 0.085 0 0 0.691994 -0.251131 -0.0821042
371 -43622.8 -46284.7 2661.94 0.01 0.0100025 0.1 0.100012 0.085 0 0 0.693171 -0.250471 -0.0825155
372 -43620.4 -46284.7 2664.29 0.01 0.00999421 0.1 0.099971 0.085 0 0 0.693501 -0.251427 -0.0827124
373 -43617.7 -46284.7 2667.02 0.01 0.0100051 0.1 0.100025 0.085 0 0 0.6943 -0.252112 -0.0838722
374 -43626.9 -46284.7 2657.78 0.01 0.0100026 0.1 0.100013 0.085 0 0 0.695909 -0.25198 -0.0842261
375 -43621 -46284.7 2663.73 0.01 0.00999466 0.1 0.0999733 0.085 0 0 0.696562 -0.252347 -0.0842609
376 -43632.8 -46284.7 2651.93 0.01 0.009999 0.1 0.099995 0.085 0 0 0.697553 -0.252754 -0.0839347
377 -43620.1 -46284.7 2664.64 0.01 0.00999434 0.1 0.0999717 0.085 0 0 0.698017 -0.252646 -0.0843812
378 -43625.2 -46284.7 2659.49 0.01 0.010004 0.1 0.10002 0.085 0 0 0.699061 -0.252079 -0.0862036
379 -43649.1 -46284.7 2635.58 0.01 0.0100003 0.1 0.100002 0.085 0 0 0.700496 -0.251313 -0.0850867
380 -43662.7 -46284.7 2622.02 0.01 0.00999556 0.1 0.0999778 0.085 0 0 0.701831 -0.252228 -0.0859537
381 -43670.6 -46284.7 2614.1 0.01 0.0100039 0.1 0.10002 0.085 0 0 0.701874 -0.252519 -0.0864985
382 -43663.4 -46284.7 2621.32 0.01 0.0100022 0.1 0.100011 0.085 0 0 0.702765 -0.253317 -0.0869257
383 -43662.7 -46284.7 2622.07 0.01 0.00999709 0.1 0.0999854 0.085 0 0 0.703135 -0.253412 -0.0872566
384 -43678 -46284.7 2606.68 0.01 0.00999545 0.1 0.0999773 0.085 0 0 0.704249 -0.252593 -0.0868759
385 -43686.1 -46284.7 2598.59 0.01 0.00999612 0.1 0.0999806 0.085 0 0 0.705004 -0.25258 -0.0866874
386 -43695.3 -46284.7 2589.46 0.01 0.00999611 0.1 0.0999805 0.085 0 0 0.706211 -0.251856 -0.0853998
387 -43683.2 -46284.7 2601.54 0.01 0.0100057 0.1 0.100028 0.085 0 0 0.706648 -0.251274 -0.0862911
388 -43685.3 -46284.7 2599.43 0.01 0.0100018 0.1 0.100009 0.085 0 0 0.707545 -0.252129 -0.0870012
389 -43697.2 -46284.7 2587.57 0.01 0.0100044 0.1 0.100022 0.085 0 0 0.709018 -0.251664 -0.0886027
390 -43706.9 -46284.7 2577.82 0.01 0.0100046 0.1 0.100023 0.085 0 0 0.711214 -0.251579 -0.0883247
391 -43727 -46284.7 2557.69 0.01 0.0100053 0.1 0.100026 0.085 0 0 0.712896 -0.251528 -0.0876621
392 -43718.9 -46284.7 2565.79 0.01 0.0100047 0.1 0.100024 0.085 0 0 0.713498 -0.252495 -0.0866953
393 -43726.3 -46284.7 2558.43 0.01 0.0099987 0.1 0.0999935 0.085 0 0 0.714804 -0.252728 -0.0862347
394 -43731.1 -46284.7 2553.64 0.01 0.0100035 0.1 0.100017 0.085 0 0 0.715584 -0.253923 -0.0860655
395 -43726.4 -46284.7 2558.29 0.01 0.0100042 0.1 0.100021 0.085 0 0 0.716156 -0.252904 -0.0854203
396 -43728.5 -46284.7 2556.25 0.01 0.0100086 0.1 0.100043 0.085 0 0 0.71719 -0.253594 -0.0850272
397 -43733.1 -46284.7 2551.6 0.01 0.0100006 0.1 0.100003 0.085 0 0 0.718058 -0.253226 -0.085205
398 -43747.7 -46284.7 2537.03 0.01 0.0099943 0.1 0.0999715 0.085 0 0 0.718627 -0.254124 -0.0847285
399 -43747.6 -46284.7 2537.08 0.01 0.00999702 0.1 0.0999851 0.085 0 0 0.720074 -0.253811 -0.0831924
400 -43773.1 -46284.7 2511.59 0.01 0.00999954 0.1 0.0999977 0.085 0 0 0.722053 -0.253557 -0.0832595
401 -43776.2 -46284.7 2508.55 0.01 0.0100016 0.1 0.100008 0.085 0 0 0.722875 -0.254164 -0.0836842
402 -43770.2 -46284.7 2514.57 0.01 0.0100007 0.1 0.100003 0.085 0 0 0.723392 -0.254474 -0.0836839
403 -43764.2 -46284.7 2520.54 0.01 0.0100033 0.1 0.100017 0.085 0 0 0.724114 -0.254388 -0.0835956
404 -43782.3 -46284.7 2502.42 0.01 0.0100081 0.1 0.100041 0.085 0 0 0.725129 -0.255335 -0.0849882
405 -43784.8 -46284.7 2499.96 0.01 0.0100074 0.1 0.100037 0.085 0 0 0.725559 -0.254367 -0.0846441
406 -43778.8 -46284.7 2505.93 0.01 0.00999844 0.1 0.0999922 0.085 0 0 0.726132 -0.253568 -0.0843774
407 -43780.9 -46284.7 2503.82 0.01 0.0100004 0.1 0.100002 0.085 0 0 0.726976 -0.25316 -0.0854055
408 -43779.6 -46284.7 2505.08 0.01 0.0100039 0.1 0.100019 0.085 0 0 0.72748 -0.25354 -0.0846181
409 -43774.9 -46284.7 2509.86 0.01 0.0100033 0.1 0.100016 0.085 0 0 0.728664 -0.252533 -0.0844339
410 -43779.5 -46284.7 2505.25 0.01 0.00999327 0.1 0.0999664 0.085 0 0 0.728803 -0.25244 -0.084701
411 -43775.9 -46284.7 2508.78 0.01 0.00999816 0.1 0.0999908 0.085 0 0 0.729171 -0.253249 -0.0844563
412 -43799 -46284.7 2485.71 0.01 0.00999733 0.1 0.0999867 0.085 0 0 0.730194 -0.253277 -0.0833919
413 -43800 -46284.7 2484.76 0.01 0.00999375 0.1 0.0999688 0.085 0 0 0.73136 -0.251979 -0.0824905
414 -43830.8 -46284.7 2453.94 0.01 0.0100077 0.1 0.100038 0.085 0 0 0.733114 -0.251613 -0.0824457
415 -43841.6 -46284.7 2443.1 0.01 0.0100039 0.1 0.10002 0.085 0 0 0.7342 -0.251073 -0.0815963
416 -43846.6 -46284.7 2438.16 0.01 0.0100001 0.1 0.100001 0.085 0 0 0.734776 -0.250996 -0.0816791
417 -43851.4 -46284.7 2433.31 0.01 0.0099956 0.1 0.099978 0.085 0 0 0.735097 -0.250786 -0.0820538
418 -43846.4 -46284.7 2438.34 0.01 0.0100042 0.1 0.100021 0.085 0 0 0.736201 -0.250706 -0.0819933
419 -43849.6 -46284.7 2435.15 0.01 0.0100039 0.1 0.10002 0.085 0 0 0.736314 -0.252212 -0.0808203
420 -43857.5 -46284.7 2427.21 0.01 0.0100007 0.1 0.100003 0.085 0 0 0.736905 -0.253099 -0.0805339
421 -43849.9 -46284.7 2434.84 0.01 0.00999966 0.1 0.0999983 0.085 0 0 0.738909 -0.252007 -0.0784325
422 -43855 -46284.7 2429.68 0.01 0.00999746 0.1 0.0999873 0.085 0 0 0.739983 -0.251479 -0.0787358
423 -43861.2 -46284.7 2423.5 0.01 0.0100047 0.1 0.100023 0.085 0 0 0.740963 -0.251809 -0.0780156
424 -43851.6 -46284.7 2433.09 0.01 0.00999715 0.1 0.0999857 0.085 0 0 0.74186 -0.251173 -0.0789761
425 -43877.7 -46284.7 2407.06 0.01 0.00999536 0.1 0.0999768 0.085 0 0 0.743554 -0.251522 -0.0781706
426 -43873.2 -46284.7 2411.52 0.01 0.0100012 0.1 0.100006 0.085 0 0 0.744502 -0.251336 -0.0770534
427 -43872.3 -46284.7 2412.41 0.01 0.0100023 0.1 0.100012 0.085 0 0 0.745219 -0.250462 -0.0786394
428 -43853.9 -46284.7 2430.78 0.01 0.0100047 0.1 0.100023 0.085 0 0 0.746 -0.250748 -0.0779529
429 -43865 -46284.7 2419.76 0.01 0.00999578 0.1 0.0999789 0.085 0 0 0.746901 -0.250851 -0.0780936
430 -43865.1 -46284.7 2419.62 0.01 0.00999887 0.1 0.0999944 0.085 0 0 0.747737 -0.250033 -0.0773813
431 -43887.8 -46284.7 2396.89 0.01 0.0100011 0.1 0.100005 0.085 0 0 0.74925 -0.249857 -0.0769994
432 -43890.1 -46284.7 2394.65 0.01 0.00999787 0.1 0.0999893 0.085 0 0 0.749674 -0.250021 -0.0766476
433 -43878.5 -46284.7 2406.19 0.01 0.0100023 0.1 0.100012 0.085 0 0 0.749782 -0.250168 -0.0768936
434 -43885.5 -46284.7 2399.18 0.01 0.0100016 0.1 0.100008 0.085 0 0 0.750846 -0.250673 -0.0777472
435 -43890.1 -46284.7 2394.62 0.01 0.00999783 0.1 0.0999891 0.085 0 0 0.751097 -0.251377 -0.0780936
436 -43894.6 -46284.7 2390.08 0.01 0.0100032 0.1 0.100016 0.085 0 0 0.751742 -0.250889 -0.0784326
437 -43905 -46284.7 2379.74 0.01 0.00999946 0.1 0.0999973 0.085 0 0 0.752149 -0.250112 -0.0801411
438 -43911.8 -46284.7 2372.88 0.01 0.00999899 0.1 0.0999949 0.085 0 0 0.753433 -0.251092 -0.0798713
439 -43893.2 -46284.7 2391.54 0.01 0.0100048 0.1 0.100024 0.085 0 0 0.753711 -0.252416 -0.079169
440 -43912.3 -46284.7 2372.38 0.01 0.0100007 0.1 0.100004 0.085 0 0 0.754177 -0.253342 -0.0799967
441 -43911 -46284.7 2373.69 0.01 0.00999124 0.1 0.0999562 0.085 0 0 0.754921 -0.252792 -0.0794336
442 -43917.5 -46284.7 2367.19 0.01 0.0100043 0.1 0.100022 0.085 0 0 0.75544 -0.253438 -0.0796865
443 -43943.1 -46284.7 2341.62 0.01 0.00999817 0.1 0.0999909 0.085 0 0 0.757058 -0.252789 -0.0797393
444 -43950.9 -46284.7 2333.82 0.01 0.00999073 0.1 0.0999536 0.085 0 0 0.757847 -0.252181 -0.0779134
445 -43932.6 -46284.7 2352.07 0.01 0.010001 0.1 0.100005 0.085 0 0 0.75886 -0.253194 -0.078524
446 -43924.5 -46284.7 2360.27 0.01 0.00999544 0.1 0.0999772 0.085 0 0 0.75937 -0.25256 -0.0788782
447 -43960 -46284.7 2324.73 0.01 0.0100016 0.1 0.100008 0.085 0 0 0.760217 -0.252095 -0.0789545
448 -43968.5 -46284.7 2316.23 0.01 0.010002 0.1 0.10001 0.085 0 0 0.761876 -0.251952 -0.0786989
449 -43992.5 -46284.7 2292.2 0.01 0.00999762 0.1 0.0999881 0.085 0 0 0.762751 -0.252515 -0.0789887
450 -43978.2 -46284.7 2306.5 0.01 0.0100054 0.1 0.100027 0.085 0 0 0.76312 -0.251999 -0.0784323
451 -43976.1 -46284.7 2308.66 0.01 0.00999716 0.1 0.0999858 0.085 0 0 0.763852 -0.251094 -0.0798035
452 -43980.5 -46284.7 2304.19 0.01 0.0100026 0.1 0.100013 0.085 0 0 0.764775 -0.251419 -0.0801924
453 -43973.6 -46284.7 2311.14 0.01 0.00999303 0.1 0.0999651 0.085 0 0 0.765472 -0.252409 -0.0797689
454 -43984.8 -46284.7 2299.89 0.01 0.00999157 0.1 0.0999578 0.085 0 0 0.766856 -0.252133 -0.0791352
455 -43976 -46284.7 2308.72 0.01 0.00999765 0.1 0.0999883 0.085 0 0 0.767764 -0.250649 -0.0798849
456 -43993.4 -46284.7 2291.32 0.01 0.0100031 0.1 0.100016 0.085 0 0 0.769301 -0.249424 -0.0784907
457 -43984.2 -46284.7 2300.48 0.01 0.0100025 0.1 0.100013 0.085 0 0 0.770053 -0.247847 -0.0785134
458 -43988.4 -46284.7 2296.27 0.01 0.01 0.1 0.1 0.085 0 0 0.771013 -0.248283 -0.0775014
459 -44006.9 -46284.7 2277.81 0.01 0.010002 0.1 0.10001 0.085 0 0 0.772142 -0.247757 -0.0763251
460 -44005.6 -46284.7 2279.16 0.01 0.0100036 0.1 0.100018 0.085 0 0 0.773559 -0.247187 -0.0765614
461 -44016.3 -46284.7 2268.38 0.01 0.0100037 0.1 0.100018 0.085 0 0 0.774442 -0.246604 -0.075456
462 -44010.3 -46284.7 2274.43 0.01 0.00999389 0.1 0.0999694 0.085 0 0 0.775193 -0.246279 -0.0750752
463 -44007.1 -46284.7 2277.67 0.01 0.00999735 0.1 0.0999867 0.085 0 0 0.776042 -0.248313 -0.0749513
464 -44014.4 -46284.7 2270.32 0.01 0.0099999 0.1 0.0999995 0.085 0 0 0.776712 -0.249143 -0.0745177
465 -44027.5 -46284.7 2257.23 0.01 0.00999997 0.1 0.0999999 0.085 0 0 0.777167 -0.249498 -0.0737877
466 -44024.6 -46284.7 2260.15 0.01 0.0100018 0.1 0.100009 0.085 0 0 0.778489 -0.250784 -0.0740882
467 -44018.5 -46284.7 2266.25 0.01 0.0100055 0.1 0.100027 0.085 0 0 0.779648 -0.249581 -0.0751491
468 -44000.5 -46284.7 2284.26 0.01 0.0100004 0.1 0.100002 0.085 0 0 0.779609 -0.249315 -0.0752918
469 -44000.3 -46284.7 2284.4 0.01 0.00999335 0.1 0.0999667 0.085 0 0 0.78136 -0.248701 -0.0753065
470 -44000.2 -46284.7 2284.5 0.01 0.0100015 0.1 0.100007 0.085 0 0 0.782098 -0.248616 -0.0755333
471 -44005.6 -46284.7 2279.1 0.01 0.00999877 0.1 0.0999938 0.085 0 0 0.782681 -0.249161 -0.0758932
472 -43991 -46284.7 2293.75 0.01 0.00999294 0.1 0.0999647 0.085 0 0 0.783077 -0.249503 -0.0758509
473 -43985 -46284.7 2299.7 0.01 0.0100053 0.1 0.100026 0.085 0 0 0.783635 -0.24992 -0.0763386
474 -43993.9 -46284.7 2290.84 0.01 0.00999758 0.1 0.0999879 0.085 0 0 0.784211 -0.251417 -0.0766581
475 -43999 -46284.7 2285.73 0.01 0.00999631 0.1 0.0999815 0.085 0 0 0.784754 -0.251993 -0.0775307
476 -44002.7 -46284.7 2282.07 0.01 0.00999826 0.1 0.0999913 0.085 0 0 0.785619 -0.252532 -0.0776832
477 -44004.4 -46284.7 2280.29 0.01 0.00999228 0.1 0.0999614 0.085 0 0 0.786371 -0.252428 -0.0778418
478 -44014.8 -46284.7 2269.91 0.01 0.010006 0.1 0.10003 0.085 0 0 0.787513 -0.2518 -0.0786315
479 -44014.4 -46284.7 2270.32 0.01 0.0100012 0.1 0.100006 0.085 0 0 0.788802 -0.251401 -0.0792556
480 -43988 -46284.7 2296.75 0.01 0.00999911 0.1 0.0999955 0.085 0 0 0.78974 -0.251206 -0.0793611
481 -44004.3 -46284.7 2280.44 0.01 0.00999744 0.1 0.0999872 0.085 0 0 0.790837 -0.251572 -0.0803602
482 -44027.2 -46284.7 2257.48 0.01 0.0100003 0.1 0.100002 0.085 0 0 0.791594 -0.250942 -0.081229
483 -44036 -46284.7 2248.75 0.01 0.0100044 0.1 0.100022 0.085 0 0 0.792594 -0.250055 -0.0818824
484 -44036.5 -46284.7 2248.26 0.01 0.0100053 0.1 0.100027 0.085 0 0 0.793827 -0.248954 -0.0808635
485 -44037.9 -46284.7 2246.84 0.01 0.01 0.1 0.1 0.085 0 0 0.794256 -0.249297 -0.0800786
486 -44039.6 -46284.7 2245.16 0.01 0.0100029 0.1 0.100015 0.085 0 0 0.795957 -0.24792 -0.0806265
487 -44031.6 -46284.7 2253.09 0.01 0.00999981 0.1 0.0999991 0.085 0 0 0.796279 -0.248633 -0.0804737
488 -44037.2 -46284.7 2247.5 0.01 0.0100018 0.1 0.100009 0.085 0 0 0.796646 -0.248261 -0.0799177
489 -44067.8 -46284.7 2216.88 0.01 0.0099984 0.1 0.099992 0.085 0 0 0.797327 -0.247767 -0.080066
490 -44062.1 -46284.7 2222.59 0.01 0.00999937 0.1 0.0999968 0.085 0 0 0.798043 -0.247385 -0.0805615
491 -44062.6 -46284.7 2222.13 0.01 0.0100001 0.1 0.100001 0.085 0 0 0.79885 -0.245861 -0.0813813
492 -44055.5 -46284.7 2229.21 0.01 0.00999926 0.1 0.0999963 0.085 0 0 0.799683 -0.245897 -0.0808945
493 -44057 -46284.7 2227.76 0.01 0.00999458 0.1 0.0999729 0.085 0 0 0.800105 -0.246533 -0.0816074
494 -44079.5 -46284.7 2205.25 0.01 0.00999988 0.1 0.0999994 0.085 0 0 0.801263 -0.24615 -0.0817759
495 -44080.5 -46284.7 2204.21 0.01 0.00999624 0.1 0.0999812 0.085 0 0 0.802166 -0.244882 -0.0805612
496 -44083.5 -46284.7 2201.22 0.01 0.00999903 0.1 0.0999952 0.085 0 0 0.802184 -0.244721 -0.0808868
497 -44093.4 -46284.7 2191.36 0.01 0.00999958 0.1 0.0999979 0.085 0 0 0.803185 -0.243882 -0.0802221
498 -44110.9 -46284.7 2173.85 0.01 0.0100027 0.1 0.100014 0.085 0 0 0.804642 -0.243418 -0.0803569
499 -44080.3 -46284.7 2204.45 0.01 0.00999303 0.1 0.0999651 0.085 0 0 0.805089 -0.244065 -0.0799726
500 -44085.5 -46284.7 2199.25 0.01 0.00999468 0.1 0.0999734 0.085 0 0 0.806274 -0.243775 -0.0792172
501 -44105.3 -46284.7 2179.45 0.01 0.00999898 0.1 0.0999949 0.085 0 0 0.807294 -0.243726 -0.079034
502 -44112.1 -46284.7 2172.59 0.01 0.0100035 0.1 0.100017 0.085 0 0 0.808409 -0.243907 -0.078093
503 -44095.1 -46284.7 2189.62 0.01 0.0100079 0.1 0.10004 0.085 0 0 0.808906 -0.242557 -0.0767816
504 -44107.8 -46284.7 2176.97 0.01 0.0100043 0.1 0.100021 0.085 0 0 0.809782 -0.241575 -0.0778074
505 -44111.7 -46284.7 2173 0.01 0.0100051 0.1 0.100025 0.085 0 0 0.81062 -0.241277 -0.0766668
506 -44114.6 -46284.7 2170.14 0.01 0.00999093 0.1 0.0999546 0.085 0 0 0.811403 -0.241829 -0.0758033
507 -44105.8 -46284.7 2178.9 0.01 0.0100071 0.1 0.100035 0.085 0 0 0.8123 -0.241309 -0.0762345
508 -44103.7 -46284.7 2180.99 0.01 0.00999829 0.1 0.0999915 0.085 0 0 0.813404 -0.240685 -0.0749434
509 -44086.4 -46284.7 2198.37 0.01 0.0100002 0.1 0.100001 0.085 0 0 0.814216 -0.240208 -0.0745763
510 -44070.6 -46284.7 2214.11 0.01 0.0100098 0.1 0.100049 0.085 0 0 0.814956 -0.240627 -0.0745294
511 -44077.2 -46284.7 2207.48 0.01 0.0100008 0.1 0.100004 0.085 0 0 0.815631 -0.240452 -0.0744185
512 -44054.5 -46284.7 2230.27 0.01 0.0100004 0.1 0.100002 0.085 0 0 0.816229 -0.239328 -0.0748817
513 -44053 -46284.7 2231.74 0.01 0.0100038 0.1 0.100019 0.085 0 0 0.816113 -0.239105 -0.0733382
514 -44042.7 -46284.7 2242.02 0.01 0.0100075 0.1 0.100038 0.085 0 0 0.81725 -0.238958 -0.0742427
515 -44066.3 -46284.7 2218.45 0.01 0.0100009 0.1 0.100005 0.085 0 0 0.818573 -0.237663 -0.0736067
516 -44078.1 -46284.7 2206.65 0.01 0.0100057 0.1 0.100029 0.085 0 0 0.818842 -0.238277 -0.0739801
517 -44113.1 -46284.7 2171.65 0.01 0.00999346 0.1 0.0999673 0.085 0 0 0.819404 -0.236776 -0.0747321
518 -44115.3 -46284.7 2169.46 0.01 0.010001 0.1 0.100005 0.085 0 0 0.81923 -0.237432 -0.0746979
519 -44116.2 -46284.7 2168.56 0.01 0.0100091 0.1 0.100046 0.085 0 0 0.819549 -0.237831 -0.0747075
520 -44125.8 -46284.7 2158.95 0.01 0.0100103 0.1 0.100052 0.085 0 0 0.820239 -0.237213 -0.0748244
521 -44133 -46284.7 2151.75 0.01 0.0100084 0.1 0.100042 0.085 0 0 0.820955 -0.237094 -0.0758862
522 -44137.6 -46284.7 2147.09 0.01 0.00999697 0.1 0.0999849 0.085 0 0 0.821493 -0.236879 -0.0757289
523 -44143.7 -46284.7 2141.01 0.01 0.0100022 0.1 0.100011 0.085 0 0 0.822165 -0.238067 -0.0748854
524 -44135.8 -46284.7 2148.96 0.01 0.00999736 0.1 0.0999868 0.085 0 0 0.823355 -0.237681 -0.0747299
525 -44146.8 -46284.7 2137.97 0.01 0.00999467 0.1 0.0999733 0.085 0 0 0.823683 -0.236686 -0.0749033
526 -44147.9 -46284.7 2136.86 0.01 0.00999969 0.1 0.0999984 0.085 0 0 0.8243 -0.235756 -0.0744144
527 -44152.2 -46284.7 2132.55 0.01 0.010001 0.1 0.100005 0.085 0 0 0.824438 -0.236213 -0.0754718
528 -44145 -46284.7 2139.76 0.01 0.0100009 0.1 0.100005 0.085 0 0 0.824797 -0.235559 -0.0751999
529 -44157.8 -46284.7 2126.96 0.01 0.0100082 0.1 0.100041 0.085 0 0 0.82539 -0.235315 -0.0768201
530 -44161.5 -46284.7 2123.19 0.01 0.0099938 0.1 0.099969 0.085 0 0 0.826051 -0.234716 -0.07736
531 -44166.6 -46284.7 2118.16 0.01 0.01 0.1 0.1 0.085 0 0 0.826124 -0.234358 -0.0776851
532 -44145.8 -46284.7 2138.88 0.01 0.00999821 0.1 0.0999911 0.085 0 0 0.826629 -0.23512 -0.0769645
533 -44145.8 -46284.7 2138.93 0.01 0.0100004 0.1 0.100002 0.085 0 0 0.827358 -0.235009 -0.0764007
534 -44135.5 -46284.7 2149.2 0.01 0.0100039 0.1 0.100019 0.085 0 0 0.827272 -0.234927 -0.0769445
535 -44132.2 -46284.7 2152.49 0.01 0.00999068 0.1 0.0999534 0.085 0 0 0.828074 -0.235072 -0.0783656
536 -44122.7 -46284.7 2162.03 0.01 0.0100089 0.1 0.100045 0.085 0 0 0.828212 -0.234384 -0.0791793
537 -44128.3 -46284.7 2156.39 0.01 0.0100064 0.1 0.100032 0.085 0 0 0.828196 -0.234348 -0.0782631
538 -44140.8 -46284.7 2143.92 0.01 0.0100025 0.1 0.100013 0.085 0 0 0.829222 -0.23477 -0.0782609
539 -44143.3 -46284.7 2141.44 0.01 0.00999638 0.1 0.0999819 0.085 0 0 0.829749 -0.234242 -0.0790212
540 -44138.3 -46284.7 2146.38 0.01 0.0100018 0.1 0.100009 0.085 0 0 0.830992 -0.233815 -0.0787939
541 -44148 -46284.7 2136.7 0.01 0.0100039 0.1 0.10002 0.085 0 0 0.831676 -0.233662 -0.0774395
542 -44140.8 -46284.7 2143.95 0.01 0.0100042 0.1 0.100021 0.085 0 0 0.832719 -0.232336 -0.0770385
543 -44144.9 -46284.7 2139.78 0.01 0.00999312 0.1 0.0999656 0.085 0 0 0.833212 -0.233269 -0.0769086
544 -44174.8 -46284.7 2109.88 0.01 0.0100006 0.1 0.100003 0.085 0 0 0.835245 -0.233291 -0.0755229
545 -44175.9 -46284.7 2108.79 0.01 0.0099978 0.1 0.099989 0.085 0 0 0.8357 -0.233264 -0.0748244
546 -44186.8 -46284.7 2097.88 0.01 0.00999787 0.1 0.0999894 0.085 0 0 0.836318 -0.233196 -0.0747944
547 -44187.4 -46284.7 2097.32 0.01 0.00999431 0.1 0.0999716 0.085 0 0 0.837213 -0.231544 -0.0756731
548 -44193.9 -46284.7 2090.85 0.01 0.00999416 0.1 0.0999708 0.085 0 0 0.83786 -0.233067 -0.0759023
549 -44200.9 -46284.7 2083.86 0.01 0.0100037 0.1 0.100019 0.085 0 0 0.838126 -0.23275 -0.0756036
550 -44197.3 -46284.7 2087.43 0.01 0.00999791 0.1 0.0999895 0.085 0 0 0.839073 -0.231454 -0.0770163
551 -44191.9 -46284.7 2092.83 0.01 0.0100027 0.1 0.100014 0.085 0 0 0.839381 -0.230452 -0.0761737
552 -44191.8 -46284.7 2092.93 0.01 0.0100005 0.1 0.100003 0.085 0 0 0.839813 -0.230987 -0.0764937
553 -44191.8 -46284.7 2092.89 0.01 0.00999775 0.1 0.0999887 0.085 0 0 0.840443 -0.229522 -0.076615
554 -44186 -46284.7 2098.71 0.01 0.0100041 0.1 0.100021 0.085 0 0 0.84111 -0.2301 -0.078115
555 -44201.7 -46284.7 2082.98 0.01 0.0100009 0.1 0.100005 0.085 0 0 0.841447 -0.230938 -0.0788573
556 -44208.1 -46284.7 2076.66 0.01 0.0100037 0.1 0.100018 0.085 0 0 0.842058 -0.230713 -0.078467
557 -44232.4 -46284.7 2052.28 0.01 0.00999892 0.1 0.0999946 0.085 0 0 0.842658 -0.230623 -0.0771938
558 -44213.2 -46284.7 2071.5 0.01 0.00999075 0.1 0.0999538 0.085 0 0 0.843041 -0.231092 -0.0782009
559 -44205.9 -46284.7 2078.86 0.01 0.00999535 0.1 0.0999767 0.085 0 0 0.843803 -0.229724 -0.0775223
560 -44197.5 -46284.7 2087.18 0.01 0.0100011 0.1 0.100005 0.085 0 0 0.844368 -0.230081 -0.076529
561 -44188.8 -46284.7 2095.92 0.01 0.00998895 0.1 0.0999447 0.085 0 0 0.844895 -0.230222 -0.0765177
562 -44204.3 -46284.7 2080.39 0.01 0.0100043 0.1 0.100021 0.085 0 0 0.846188 -0.230174 -0.076472
563 -44206.4 -46284.7 2078.35 0.01 0.0099965 0.1 0.0999825 0.085 0 0 0.846397 -0.231163 -0.0768389
564 -44197.3 -46284.7 2087.45 0.01 0.00999512 0.1 0.0999756 0.085 0 0 0.846672 -0.231147 -0.0773763
565 -44187.5 -46284.7 2097.18 0.01 0.00999945 0.1 0.0999972 0.085 0 0 0.847726 -0.230277 -0.0782192
566 -44186.7 -46284.7 2097.99 0.01 0.01 0.1 0.1 0.085 0 0 0.848393 -0.229253 -0.0780853
567 -44207.7 -46284.7 2077.04 0.01 0.0100058 0.1 0.100029 0.085 0 0 0.849671 -0.227301 -0.0780829
568 -44203 -46284.7 2081.75 0.01 0.00999938 0.1 0.0999969 0.085 0 0 0.849498 -0.228073 -0.0783897
569 -44203 -46284.7 2081.71 0.01 0.00999674 0.1 0.0999837 0.085 0 0 0.849852 -0.228154 -0.0776517
570 -44195.9 -46284.7 2088.78 0.01 0.0100008 0.1 0.100004 0.085 0 0 0.849537 -0.228325 -0.078401
571 -44209.1 -46284.7 2075.62 0.01 0.00999755 0.1 0.0999878 0.085 0 0 0.849635 -0.228131 -0.0783541
572 -44207.2 -46284.7 2077.51 0.01 0.00999685 0.1 0.0999842 0.085 0 0 0.85016 -0.22849 -0.0782221
573 -44220.3 -46284.7 2064.42 0.01 0.00999146 0.1 0.0999573 0.085 0 0 0.851005 -0.228024 -0.077547
574 -44232.2 -46284.7 2052.56 0.01 0.00999567 0.1 0.0999783 0.085 0 0 0.851671 -0.227928 -0.077572
575 -44235.1 -46284.7 2049.62 0.01 0.00999301 0.1 0.099965 0.085 0 0 0.851933 -0.228235 -0.0778763
576 -44225.5 -46284.7 2059.23 0.01 0.0100063 0.1 0.100032 0.085 0 0 0.852051 -0.228357 -0.0780661
577 -44220.1 -46284.7 2064.64 0.01 0.00999676 0.1 0.0999838 0.085 0 0 0.852918 -0.22914 -0.0783494
578 -44224.8 -46284.7 2059.97 0.01 0.0100004 0.1 0.100002 0.085 0 0 0.85466 -0.227642 -0.0787328
579 -44233.8 -46284.7 2050.93 0.01 0.0100057 0.1 0.100028 0.085 0 0 0.85525 -0.228985 -0.0784413
580 -44230.6 -46284.7 2054.11 0.01 0.00999559 0.1 0.0999779 0.085 0 0 0.854981 -0.229357 -0.0779622
581 -44211.1 -46284.7 2073.6 0.01 0.0100011 0.1 0.100006 0.085 0 0 0.855778 -0.2279 -0.078784
582 -44234.3 -46284.7 2050.38 0.01 0.0100027 0.1 0.100013 0.085 0 0 0.856261 -0.227598 -0.0775377
583 -44252.5 -46284.7 2032.19 0.01 0.0100075 0.1 0.100037 0.085 0 0 0.856392 -0.227171 -0.0779384
584 -44253.4 -46284.7 2031.28 0.01 0.0100001 0.1 0.1 0.085 0 0 0.856535 -0.227739 -0.0787144
585 -44268.9 -46284.7 2015.85 0.01 0.00999936 0.1 0.0999968 0.085 0 0 0.856833 -0.22756 -0.0798576
586 -44253 -46284.7 2031.75 0.01 0.010001 0.1 0.100005 0.085 0 0 0.857141 -0.227089 -0.0793238
587 -44240.5 -46284.7 2044.25 0.01 0.00999857 0.1 0.0999928 0.085 0 0 0.85756 -0.227729 -0.0807689
588 -44253.2 -46284.7 2031.54 0.01 0.0100046 0.1 0.100023 0.085 0 0 0.857683 -0.228502 -0.080633
589 -44237.2 -46284.7 2047.54 0.01 0.00999702 0.1 0.0999851 0.085 0 0 0.857785 -0.228972 -0.0809572
590 -44249.6 -46284.7 2035.13 0.01 0.0100049 0.1 0.100025 0.085 0 0 0.858381 -0.229377 -0.0799359
591 -44237.7 -46284.7 2046.98 0.01 0.00999677 0.1 0.0999838 0.085 0 0 0.858588 -0.229684 -0.0805054
592 -44221.9 -46284.7 2062.83 0.01 0.0100021 0.1 0.10001 0.085 0 0 0.859048 -0.228833 -0.0795448
593 -44230.5 -46284.7 2054.18 0.01 0.0100021 0.1 0.10001 0.085 0 0 0.860014 -0.228931 -0.0788593
594 -44243.5 -46284.7 2041.19 0.01 0.0100011 0.1 0.100006 0.085 0 0 0.860932 -0.227664 -0.0781638
595 -44236 -46284.7 2048.76 0.01 0.0100029 0.1 0.100015 0.085 0 0 0.861678 -0.229091 -0.0780228
596 -44244.6 -46284.7 2040.12 0.01 0.00999995 0.1 0.0999998 0.085 0 0 0.862442 -0.229331 -0.0779799
597 -44254.8 -46284.7 2029.96 0.01 0.00999633 0.1 0.0999817 0.085 0 0 0.862703 -0.229578 -0.0790906
598 -44275.9 -46284.7 2008.79 0.01 0.00999802 0.1 0.0999901 0.085 0 0 0.863428 -0.228527 -0.0802976
599 -44269.2 -46284.7 2015.57 0.01 0.0100083 0.1 0.100041 0.085 0 0 0.863688 -0.229306 -0.0789509
600 -44279.5 -46284.7 2005.27 0.01 0.00999081 0.1 0.099954 0.085 0 0 0.864228 -0.229767 -0.0786297
601 -44283.5 -46284.7 2001.26 0.01 0.00999927 0.1 0.0999963 0.085 0 0 0.864625 -0.23018 -0.0781594
602 -44279.7 -46284.7 2005.05 0.01 0.0100022 0.1 0.100011 0.085 0 0 0.864629 -0.229694 -0.079109
603 -44276 -46284.7 2008.77 0.01 0.00999257 0.1 0.0999628 0.085 0 0 0.865264 -0.22959 -0.0786898
604 -44256.9 -46284.7 2027.82 0.01 0.01 0.1 0.1 0.085 0 0 0.864735 -0.229389 -0.0797543
605 -44276.5 -46284.7 2008.18 0.01 0.00999472 0.1 0.0999736 0.085 0 0 0.865658 -0.228675 -0.0798743
606 -44256 -46284.7 2028.75 0.01 0.010004 0.1 0.10002 0.085 0 0 0.865044 -0.228906 -0.0798645
607 -44251.4 -46284.7 2033.32 0.01 0.00998984 0.1 0.0999492 0.085 0 0 0.865168 -0.228403 -0.0793467
608 -44274.6 -46284.7 2010.16 0.01 0.00999812 0.1 0.0999906 0.085 0 0 0.865659 -0.228049 -0.080675
609 -44274.5 -46284.7 2010.18 0.01 0.0100105 0.1 0.100053 0.085 0 0 0.865819 -0.229156 -0.0798182
610 -44267.7 -46284.7 2017.01 0.01 0.01 0.1 0.1 0.085 0 0 0.866053 -0.229338 -0.0792341
611 -44296.7 -46284.7 1988.07 0.01 0.0100051 0.1 0.100026 0.085 0 0 0.866577 -0.229729 -0.0799145
612 -44289.2 -46284.7 1995.55 0.01 0.00999613 0.1 0.0999806 0.085 0 0 0.866589 -0.230094 -0.0792317
613 -44288.7 -46284.7 1996.07 0.01 0.00999186 0.1 0.0999593 0.085 0 0 0.867138 -0.229928 -0.0791304
614 -44276.8 -46284.7 2007.91 0.01 0.00999705 0.1 0.0999852 0.085 0 0 0.866698 -0.231163 -0.0779815
615 -44296.2 -46284.7 1988.5 0.01 0.00999637 0.1 0.0999818 0.085 0 0 0.867478 -0.230442 -0.0774242
616 -44297.1 -46284.7 1987.64 0.01 0.0100022 0.1 0.100011 0.085 0 0 0.86763 -0.230895 -0.0776611
617 -44286.8 -46284.7 1997.95 0.01 0.0100023 0.1 0.100011 0.085 0 0 0.867593 -0.231269 -0.0788892
618 -44263.6 -46284.7 2021.1 0.01 0.0100017 0.1 0.100009 0.085 0 0 0.867962 -0.230469 -0.0793072
619 -44249.9 -46284.7 2034.87 0.01 0.0100005 0.1 0.100002 0.085 0 0 0.868349 -0.22952 -0.0797123
620 -44236.1 -46284.7 2048.58 0.01 0.0100025 0.1 0.100013 0.085 0 0 0.868583 -0.229508 -0.0798833
621 -44259.5 -46284.7 2025.23 0.01 0.00999718 0.1 0.0999859 0.085 0 0 0.869011 -0.228229 -0.0795366
622 -44279.8 -46284.7 2004.96 0.01 0.00999287 0.1 0.0999643 0.085 0 0 0.869047 -0.226992 -0.0803002
623 -44267.2 -46284.7 2017.5 0.01 0.00999941 0.1 0.0999971 0.085 0 0 0.869374 -0.226536 -0.0806776
624 -44260.7 -46284.7 2024 0.01 0.0099966 0.1 0.099983 0.085 0 0 0.869056 -0.227384 -0.0814529
625 -44273.4 -46284.7 2011.27 0.01 0.0100028 0.1 0.100014 0.085 0 0 0.869693 -0.226469 -0.0796527
626 -44261.3 -46284.7 2023.39 0.01 0.00999898 0.1 0.0999949 0.085 0 0 0.870233 -0.225738 -0.0789094
627 -44236.9 -46284.7 2047.86 0.01 0.00999521 0.1 0.099976 0.085 0 0 0.870845 -0.224453 -0.0777768
628 -44248.5 -46284.7 2036.18 0.01 0.010001 0.1 0.100005 0.085 0 0 0.871305 -0.225236 -0.0782348
629 -44226 -46284.7 2058.77 0.01 0.0100085 0.1 0.100043 0.085 0 0 0.871565 -0.224162 -0.0791503
630 -44221.7 -46284.7 2062.99 0.01 0.0100056 0.1 0.100028 0.085 0 0 0.87245 -0.225154 -0.0790408
631 -44212 -46284.7 2072.75 0.01 0.0100047 0.1 0.100023 0.085 0 0 0.872746 -0.224823 -0.0799771
632 -44239.7 -46284.7 2044.98 0.01 0.00999812 0.1 0.0999906 0.085 0 0 0.873443 -0.224693 -0.0789794
633 -44263.1 -46284.7 2021.64 0.01 0.00999059 0.1 0.0999529 0.085 0 0 0.873736 -0.22399 -0.0799608
634 -44264.5 -46284.7 2020.25 0.01 0.00999647 0.1 0.0999824 0.085 0 0 0.874143 -0.223659 -0.0794501
635 -44262 -46284.7 2022.76 0.01 0.00999708 0.1 0.0999854 0.085 0 0 0.874011 -0.224757 -0.0794607
636 -44270 -46284.7 2014.72 0.01 0.00999863 0.1 0.0999931 0.085 0 0 0.874099 -0.225321 -0.079502
637 -44264.4 -46284.7 2020.29 0.01 0.0100066 0.1 0.100033 0.085 0 0 0.87461 -0.225848 -0.0791211
638 -44274.7 -46284.7 2010.06 0.01 0.00999765 0.1 0.0999883 0.085 0 0 0.875067 -0.22503 -0.0789138
639 -44294.2 -46284.7 1990.47 0.01 0.0100045 0.1 0.100023 0.085 0 0 0.875822 -0.224637 -0.0803566
640 -44304.9 -46284.7 1979.87 0.01 0.0100027 0.1 0.100013 0.085 0 0 0.875774 -0.224861 -0.0814076
641 -44272.5 -46284.7 2012.2 0.01 0.0100054 0.1 0.100027 0.085 0 0 0.875953 -0.223744 -0.0814822
642 -44278.8 -46284.7 2005.93 0.01 0.00999992 0.1 0.0999996 0.085 0 0 0.876784 -0.222661 -0.0809147
643 -44289 -46284.7 1995.73 0.01 0.00999576 0.1 0.0999788 0.085 0 0 0.878012 -0.221882 -0.0800212
644 -44296.1 -46284.7 1988.67 0.01 0.00999937 0.1 0.0999968 0.085 0 0 0.878575 -0.2222 -0.0795795
645 -44296.8 -46284.7 1987.94 0.01 0.00999506 0.1 0.0999753 0.085 0 0 0.878648 -0.222517 -0.0793905
646 -44309 -46284.7 1975.77 0.01 0.00999425 0.1 0.0999712 0.085 0 0 0.879779 -0.222802 -0.0780237
647 -44302.2 -46284.7 1982.5 0.01 0.0100062 0.1 0.100031 0.085 0 0 0.879988 -0.223699 -0.0783015
648 -44312.2 -46284.7 1972.49 0.01 0.0100013 0.1 0.100006 0.085 0 0 0.880278 -0.223796 -0.079012
649 -44302 -46284.7 1982.68 0.01 0.010004 0.1 0.10002 0.085 0 0 0.880627 -0.223903 -0.0790975
650 -44287.2 -46284.7 1997.54 0.01 0.0100007 0.1 0.100003 0.085 0 0 0.880603 -0.223932 -0.0794344
651 -44298.3 -46284.7 1986.39 0.01 0.0100093 0.1 0.100047 0.085 0 0 0.881386 -0.222788 -0.0779669
652 -44311.1 -46284.7 1973.65 0.01 0.010003 0.1 0.100015 0.085 0 0 0.881837 -0.222877 -0.0777407
653 -44313.4 -46284.7 1971.3 0.01 0.0100046 0.1 0.100023 0.085 0 0 0.88254 -0.222783 -0.0790636
654 -44305 -46284.7 1979.74 0.01 0.0100017 0.1 0.100008 0.085 0 0 0.882427 -0.223372 -0.0786292
655 -44290.9 -46284.7 1993.83 0.01 0.0100016 0.1 0.100008 0.085 0 0 0.882599 -0.222983 -0.0789015
656 -44281.7 -46284.7 2002.98 0.01 0.0100016 0.1 0.100008 0.085 0 0 0.882803 -0.221628 -0.079336
657 -44287.3 -46284.7 1997.41 0.01 0.0100069 0.1 0.100035 0.085 0 0 0.883018 -0.221873 -0.0805175
658 -44287 -46284.7 1997.75 0.01 0.0100009 0.1 0.100004 0.085 0 0 0.883486 -0.22081 -0.0808498
659 -44281.1 -46284.7 2003.63 0.01 0.00999584 0.1 0.0999792 0.085 0 0 0.883943 -0.220963 -0.0826603
660 -44275.6 -46284.7 2009.16 0.01 0.00998547 0.1 0.0999273 0.085 0 0 0.884474 -0.220604 -0.0832161
661 -44264.4 -46284.7 2020.28 0.01 0.0099913 0.1 0.0999565 0.085 0 0 0.884752 -0.220393 -0.0835812
662 -44259.2 -46284.7 2025.5 0.01 0.00999829 0.1 0.0999914 0.085 0 0 0.885419 -0.219179 -0.0830064
663 -44280.5 -46284.7 2004.27 0.01 0.0100018 0.1 0.100009 0.085 0 0 0.885753 -0.220685 -0.0818271
664 -44302.5 -46284.7 1982.23 0.01 0.0100066 0.1 0.100033 0.085 0 0 0.88613 -0.22129 -0.0822639
665 -44307 -46284.7 1977.75 0.01 0.0100032 0.1 0.100016 0.085 0 0 0.886615 -0.221245 -0.0801687
666 -44328.5 -46284.7 1956.25 0.01 0.00999646 0.1 0.0999823 0.085 0 0 0.88695 -0.221891 -0.0796176
667 -44329.9 -46284.7 1954.87 0.01 0.0100016 0.1 0.100008 0.085 0 0 0.887763 -0.221874 -0.0805308
668 -44316.9 -46284.7 1967.87 0.01 0.0100017 0.1 0.100008 0.085 0 0 0.887748 -0.221737 -0.0794428
669 -44331.6 -46284.7 1953.14 0.01 0.00999608 0.1 0.0999804 0.085 0 0 0.888533 -0.221606 -0.0791103
670 -44314.8 -46284.7 1969.89 0.01 0.0100003 0.1 0.100002 0.085 0 0 0.888402 -0.221654 -0.0784338
671 -44309.5 -46284.7 1975.18 0.01 0.00999614 0.1 0.0999807 0.085 0 0 0.8885 -0.22158 -0.0790606
672 -44287.5 -46284.7 1997.22 0.01 0.0100039 0.1 0.10002 0.085 0 0 0.889115 -0.220819 -0.0798323
673 -44292.3 -46284.7 1992.46 0.01 0.0100009 0.1 0.100005 0.085 0 0 0.889859 -0.219967 -0.079787
674 -44319.1 -46284.7 1965.61 0.01 0.00999862 0.1 0.0999931 0.085 0 0 0.890672 -0.220403 -0.0792882
675 -44330.2 -46284.7 1954.49 0.01 0.010003 0.1 0.100015 0.085 0 0 0.891571 -0.221152 -0.0794
676 -44332.2 -46284.7 1952.56 0.01 0.0100028 0.1 0.100014 0.085 0 0 0.8926 -0.220734 -0.0792382
677 -44323.5 -46284.7 1961.24 0.01 0.010006 0.1 0.10003 0.085 0 0 0.893313 -0.219726 -0.0777929
678 -44316.4 -46284.7 1968.3 0.01 0.00999999 0.1 0.0999999 0.085 0 0 0.893221 -0.219121 -0.0785231
679 -44316.3 -46284.7 1968.47 0.01 0.0100026 0.1 0.100013 0.085 0 0 0.894126 -0.218252 -0.0787461
680 -44318.3 -46284.7 1966.39 0.01 0.00999668 0.1 0.0999834 0.085 0 0 0.894742 -0.218391 -0.0788193
681 -44330.1 -46284.7 1954.59 0.01 0.00999903 0.1 0.0999951 0.085 0 0 0.895395 -0.218034 -0.0788046
682 -44322.6 -46284.7 1962.07 0.01 0.0100045 0.1 0.100023 0.085 0 0 0.895408 -0.219262 -0.0786469
683 -44358.2 -46284.7 1926.55 0.01 0.00999936 0.1 0.0999968 0.085 0 0 0.895645 -0.219452 -0.0785049
684 -44372.6 -46284.7 1912.16 0.01 0.0100034 0.1 0.100017 0.085 0 0 0.896574 -0.21755 -0.07831
685 -44360.4 -46284.7 1924.32 0.01 0.00999988 0.1 0.0999994 0.085 0 0 0.896172 -0.217371 -0.0783385
686 -44347.9 -46284.7 1936.85 0.01 0.0100004 0.1 0.100002 0.085 0 0 0.89675 -0.21613 -0.0784297
687 -44344.1 -46284.7 1940.67 0.01 0.0100022 0.1 0.100011 0.085 0 0 0.897159 -0.215475 -0.0794184
688 -44346.9 -46284.7 1937.86 0.01 0.00999982 0.1 0.0999991 0.085 0 0 0.897082 -0.215462 -0.0797453
689 -44336.6 -46284.7 1948.11 0.01 0.0100014 0.1 0.100007 0.085 0 0 0.897151 -0.215728 -0.0792386
690 -44346.3 -46284.7 1938.42 0.01 0.010001 0.1 0.100005 0.085 0 0 0.897341 -0.216421 -0.080722
691 -44336.4 -46284.7 1948.37 0.01 0.0100007 0.1 0.100004 0.085 0 0 0.897751 -0.21452 -0.0798269
692 -44313.4 -46284.7 1971.32 0.01 0.0100009 0.1 0.100004 0.085 0 0 0.89793 -0.215318 -0.080338
693 -44312 -46284.7 1972.71 0.01 0.0100016 0.1 0.100008 0.085 0 0 0.898618 -0.215518 -0.0799068
694 -44322.6 -46284.7 1962.1 0.01 0.00999906 0.1 0.0999953 0.085 0 0 0.898991 -0.216036 -0.0787336
695 -44323.5 -46284.7 1961.21 0.01 0.0100061 0.1 0.10003 0.085 0 0 0.899493 -0.216484 -0.0789496
696 -44332.8 -46284.7 1951.91 0.01 0.0100021 0.1 0.100011 0.085 0 0 0.89984 -0.216742 -0.0774127
697 -44348.3 -46284.7 1936.43 0.01 0.00999543 0.1 0.0999772 0.085 0 0 0.900253 -0.21772 -0.0779117
698 -44353.4 -46284.7 1931.33 0.01 0.0100056 0.1 0.100028 0.085 0 0 0.900585 -0.217726 -0.0768133
699 -44345.7 -46284.7 1939.06 0.01 0.00999711 0.1 0.0999855 0.085 0 0 0.90044 -0.217528 -0.0776016
700 -44326.1 -46284.7 1958.65 0.01 0.00999645 0.1 0.0999823 0.085 0 0 0.900267 -0.217219 -0.0779752
701 -44312.6 -46284.7 1972.17 0.01 0.0100041 0.1 0.100021 0.085 0 0 0.899881 -0.217664 -0.0794356
702 -44305.4 -46284.7 1979.37 0.01 0.00999846 0.1 0.0999923 0.085 0 0 0.899368 -0.219147 -0.0786025
703 -44308.9 -46284.7 1975.8 0.01 0.0100025 0.1 0.100013 0.085 0 0 0.900172 -0.218856 -0.0791956
704 -44313.8 -46284.7 1970.96 0.01 0.0100099 0.1 0.10005 0.085 0 0 0.900384 -0.218331 -0.0793722
705 -44324.5 -46284.7 1960.24 0.01 0.00999442 0.1 0.0999721 0.085 0 0 0.900505 -0.219292 -0.0792633
706 -44331 -46284.7 1953.69 0.01 0.0100036 0.1 0.100018 0.085 0 0 0.900758 -0.21933 -0.0787406
707 -44326.2 -46284.7 1958.48 0.01 0.0100093 0.1 0.100046 0.085 0 0 0.900925 -0.219305 -0.0794291
708 -44336 -46284.7 1948.73 0.01 0.0100059 0.1 0.10003 0.085 0 0 0.901342 -0.218764 -0.0792088
709 -44342.4 -46284.7 1942.35 0.01 0.00999759 0.1 0.099988 0.085 0 0 0.901109 -0.221129 -0.0780888
710 -44336.9 -46284.7 1947.84 0.01 0.0100012 0.1 0.100006 0.085 0 0 0.901643 -0.220154 -0.0776535
711 -44334.4 -46284.7 1950.37 0.01 0.0100007 0.1 0.100003 0.085 0 0 0.902089 -0.219484 -0.0770833
712 -44335.2 -46284.7 1949.53 0.01 0.00999702 0.1 0.0999851 0.085 0 0 0.902464 -0.218359 -0.0764361
713 -44337.9 -46284.7 1946.77 0.01 0.00999503 0.1 0.0999752 0.085 0 0 0.902867 -0.217724 -0.0761828
714 -44350.6 -46284.7 1934.15 0.01 0.0100024 0.1 0.100012 0.085 0 0 0.903216 -0.21735 -0.07554
715 -44345.5 -46284.7 1939.21 0.01 0.0100011 0.1 0.100005 0.085 0 0 0.903448 -0.216599 -0.074424
716 -44369.9 -46284.7 1914.8 0.01 0.010006 0.1 0.10003 0.085 0 0 0.904013 -0.216263 -0.0733905
717 -44372.6 -46284.7 1912.07 0.01 0.0100067 0.1 0.100034 0.085 0 0 0.904212 -0.215028 -0.0750442
718 -44364.1 -46284.7 1920.58 0.01 0.0100037 0.1 0.100019 0.085 0 0 0.904174 -0.214944 -0.0754779
719 -44355.1 -46284.7 1929.66 0.01 0.00999662 0.1 0.0999831 0.085 0 0 0.90402 -0.216564 -0.0748679
720 -44360.4 -46284.7 1924.29 0.01 0.00999646 0.1 0.0999823 0.085 0 0 0.904223 -0.216366 -0.0750679
721 -44347.4 -46284.7 1937.36 0.01 0.01 0.1 0.1 0.085 0 0 0.904594 -0.216391 -0.0755833
722 -44353.6 -46284.7 1931.16 0.01 0.0100057 0.1 0.100028 0.085 0 0 0.905035 -0.214868 -0.0760642
723 -44342.6 -46284.7 1942.17 0.01 0.0100044 0.1 0.100022 0.085 0 0 0.905196 -0.213618 -0.0747301
724 -44349.3 -46284.7 1935.38 0.01 0.00999663 0.1 0.0999831 0.085 0 0 0.905513 -0.212057 -0.0749279
725 -44346.7 -46284.7 1937.99 0.01 0.00999996 0.1 0.0999998 0.085 0 0 0.9058 -0.212249 -0.0743432
726 -44337.2 -46284.7 1947.5 0.01 0.00999943 0.1 0.0999971 0.085 0 0 0.906081 -0.211434 -0.0747104
727 -44339.4 -46284.7 1945.29 0.01 0.0100005 0.1 0.100002 0.085 0 0 0.906265 -0.211379 -0.07407
728 -44316.5 -46284.7 1968.23 0.01 0.0100026 0.1 0.100013 0.085 0 0 0.906356 -0.211035 -0.0747236
729 -44320.3 -46284.7 1964.39 0.01 0.00999777 0.1 0.0999889 0.085 0 0 0.906489 -0.210337 -0.0745548
730 -44315.2 -46284.7 1969.49 0.01 0.0100002 0.1 0.100001 0.085 0 0 0.906668 -0.210387 -0.0746528
731 -44310.4 -46284.7 1974.27 0.01 0.0100004 0.1 0.100002 0.085 0 0 0.907014 -0.210093 -0.0750791
732 -44306.7 -46284.7 1978.04 0.01 0.0100041 0.1 0.10002 0.085 0 0 0.907319 -0.208968 -0.0736525
733 -44323.2 -46284.7 1961.49 0.01 0.00999804 0.1 0.0999902 0.085 0 0 0.907121 -0.209576 -0.073542
734 -44314.8 -46284.7 1969.9 0.01 0.00999994 0.1 0.0999997 0.085 0 0 0.906978 -0.20945 -0.075797
735 -44327.4 -46284.7 1957.34 0.01 0.0100063 0.1 0.100031 0.085 0 0 0.907073 -0.2091 -0.0771377
736 -44325.9 -46284.7 1958.82 0.01 0.0100051 0.1 0.100025 0.085 0 0 0.907339 -0.209217 -0.0780367
737 -44326.1 -46284.7 1958.67 0.01 0.0100046 0.1 0.100023 0.085 0 0 0.907509 -0.208887 -0.0775654
738 -44333.7 -46284.7 1951.04 0.01 0.00999704 0.1 0.0999852 0.085 0 0 0.907976 -0.208771 -0.0778978
739 -44335.1 -46284.7 1949.65 0.01 0.00999554 0.1 0.0999777 0.085 0 0 0.908475 -0.208654 -0.0766227
740 -44309.7 -46284.7 1974.98 0.01 0.0100088 0.1 0.100044 0.085 0 0 0.908392 -0.208707 -0.0754777
741 -44327.1 -46284.7 1957.6 0.01 0.00999314 0.1 0.0999657 0.085 0 0 0.908653 -0.207413 -0.0764082
742 -44317.2 -46284.7 1967.54 0.01 0.00999916 0.1 0.0999958 0.085 0 0 0.908767 -0.207136 -0.0761657
743 -44317.8 -46284.7 1966.91 0.01 0.00999558 0.1 0.0999779 0.085 0 0 0.909042 -0.206545 -0.0743554
744 -44318.1 -46284.7 1966.63 0.01 0.0100052 0.1 0.100026 0.085 0 0 0.909493 -0.205631 -0.0745592
745 -44332.4 -46284.7 1952.37 0.01 0.0100045 0.1 0.100023 0.085 0 0 0.909968 -0.204651 -0.0744797
746 -44329.5 -46284.7 1955.2 0.01 0.0100036 0.1 0.100018 0.085 0 0 0.909861 -0.20422 -0.0732348
747 -44330 -46284.7 1954.71 0.01 0.010003 0.1 0.100015 0.085 0 0 0.909417 -0.205449 -0.0748256
748 -44345 -46284.7 1939.75 0.01 0.0100051 0.1 0.100026 0.085 0 0 0.909473 -0.206532 -0.0748771
749 -44367.1 -46284.7 1917.65 0.01 0.00999914 0.1 0.0999957 0.085 0 0 0.910052 -0.205641 -0.0753065
750 -44367 -46284.7 1917.73 0.01 0.0100039 0.1 0.10002 0.085 0 0 0.910009 -0.205021 -0.0752302
751 -44355.6 -46284.7 1929.12 0.01 0.00999842 0.1 0.0999921 0.085 0 0 0.909639 -0.204925 -0.0747162
752 -44370.1 -46284.7 1914.67 0.01 0.0100048 0.1 0.100024 0.085 0 0 0.910107 -0.204939 -0.0751068
753 -44378.8 -46284.7 1905.96 0.01 0.00999466 0.1 0.0999733 0.085 0 0 0.910548 -0.203162 -0.0751526
754 -44383.9 -46284.7 1900.79 0.01 0.00999604 0.1 0.0999802 0.085 0 0 0.910918 -0.202987 -0.0763341
755 -44372.9 -46284.7 1911.85 0.01 0.00999644 0.1 0.0999822 0.085 0 0 0.911325 -0.202177 -0.0768474
756 -44380 -46284.7 1904.76 0.01 0.0100068 0.1 0.100034 0.085 0 0 0.911662 -0.201636 -0.0776553
757 -44357.6 -46284.7 1927.13 0.01 0.00999344 0.1 0.0999672 0.085 0 0 0.91166 -0.200792 -0.0775306
758 -44357.4 -46284.7 1927.34 0.01 0.0100002 0.1 0.100001 0.085 0 0 0.911733 -0.201437 -0.0768846
759 -44352.5 -46284.7 1932.25 0.01 0.00998855 0.1 0.0999428 0.085 0 0 0.912034 -0.200205 -0.0769076
760 -44362.5 -46284.7 1922.25 0.01 0.0100008 0.1 0.100004 0.085 0 0 0.912208 -0.200112 -0.0771677
761 -44360 -46284.7 1924.68 0.01 0.0100017 0.1 0.100008 0.085 0 0 0.911722 -0.200497 -0.0787828
762 -44343.5 -46284.7 1941.2 0.01 0.00999623 0.1 0.0999812 0.085 0 0 0.911455 -0.201708 -0.0771556
763 -44347.8 -46284.7 1936.97 0.01 0.00999043 0.1 0.0999521 0.085 0 0 0.911969 -0.201058 -0.0765378
764 -44344.4 -46284.7 1940.28 0.01 0.0100061 0.1 0.10003 0.085 0 0 0.91218 -0.201394 -0.0762037
765 -44340.9 -46284.7 1943.83 0.01 0.00999212 0.1 0.0999606 0.085 0 0 0.912532 -0.201052 -0.0755933
766 -44362.4 -46284.7 1922.33 0.01 0.0100048 0.1 0.100024 0.085 0 0 0.91267 -0.200589 -0.0757236
767 -44349.6 -46284.7 1935.09 0.01 0.00999936 0.1 0.0999968 0.085 0 0 0.9125 -0.200275 -0.0759244
768 -44334 -46284.7 1950.71 0.01 0.00999543 0.1 0.0999771 0.085 0 0 0.912215 -0.201062 -0.0759714
769 -44334.6 -46284.7 1950.17 0.01 0.0100032 0.1 0.100016 0.085 0 0 0.91262 -0.200945 -0.0750842
770 -44357.9 -46284.7 1926.83 0.01 0.0100001 0.1 0.1 0.085 0 0 0.912885 -0.201388 -0.0750031
771 -44375 -46284.7 1909.69 0.01 0.00999473 0.1 0.0999737 0.085 0 0 0.913183 -0.201783 -0.0753513
772 -44366.7 -46284.7 1918.02 0.01 0.00999774 0.1 0.0999887 0.085 0 0 0.913248 -0.202511 -0.0754798
773 -44384.7 -46284.7 1900.01 0.01 0.00999943 0.1 0.0999972 0.085 0 0 0.91356 -0.203939 -0.075997
774 -44395.2 -46284.7 1889.55 0.01 0.0100037 0.1 0.100018 0.085 0 0 0.91442 -0.202896 -0.0758071
775 -44376 -46284.7 1908.69 0.01 0.0100048 0.1 0.100024 0.085 0 0 0.914448 -0.202936 -0.075762
776 -44352.8 -46284.7 1931.96 0.01 0.0099948 0.1 0.099974 0.085 0 0 0.914349 -0.202761 -0.0751174
777 -44321.7 -46284.7 1963 0.01 0.0100006 0.1 0.100003 0.085 0 0 0.914134 -0.203613 -0.0750757
778 -44329.9 -46284.7 1954.81 0.01 0.0100043 0.1 0.100022 0.085 0 0 0.914782 -0.20285 -0.0749014
779 -44341.6 -46284.7 1943.16 0.01 0.0100026 0.1 0.100013 0.085 0 0 0.915402 -0.201992 -0.0746671
780 -44338.3 -46284.7 1946.41 0.01 0.0100009 0.1 0.100005 0.085 0 0 0.915131 -0.202362 -0.0754288
781 -44344.9 -46284.7 1939.86 0.01 0.0100058 0.1 0.100029 0.085 0 0 0.915229 -0.20356 -0.0753157
782 -44364.1 -46284.7 1920.63 0.01 0.00999413 0.1 0.0999706 0.085 0 0 0.915825 -0.202862 -0.0745039
783 -44372.3 -46284.7 1912.39 0.01 0.0100015 0.1 0.100007 0.085 0 0 0.916367 -0.200664 -0.073294
784 -44347.4 -46284.7 1937.32 0.01 0.0100036 0.1 0.100018 0.085 0 0 0.916295 -0.199529 -0.0725447
785 -44354.6 -46284.7 1930.13 0.01 0.0100065 0.1 0.100032 0.085 0 0 0.916678 -0.198526 -0.0737466
786 -44353.9 -46284.7 1930.84 0.01 0.0100003 0.1 0.100001 0.085 0 0 0.916764 -0.199057 -0.0731093
787 -44347.1 -46284.7 1937.63 0.01 0.01001 0.1 0.10005 0.085 0 0 0.91681 -0.198957 -0.0723987
788 -44368.9 -46284.7 1915.82 0.01 0.0100033 0.1 0.100017 0.085 0 0 0.917429 -0.198454 -0.0712475
789 -44374 -46284.7 1910.75 0.01 0.00999355 0.1 0.0999677 0.085 0 0 0.917759 -0.19847 -0.0710926
790 -44357.8 -46284.7 1926.91 0.01 0.0100024 0.1 0.100012 0.085 0 0 0.917592 -0.20041 -0.07059
791 -44359.1 -46284.7 1925.66 0.01 0.0100015 0.1 0.100007 0.085 0 0 0.917512 -0.201482 -0.0700021
792 -44355.3 -46284.7 1929.39 0.01 0.0100034 0.1 0.100017 0.085 0 0 0.917763 -0.200556 -0.0707865
793 -44354.8 -46284.7 1929.91 0.01 0.010004 0.1 0.10002 0.085 0 0 0.917821 -0.200183 -0.0728021
794 -44350.7 -46284.7 1934.06 0.01 0.00999684 0.1 0.0999842 0.085 0 0 0.917767 -0.200923 -0.0712599
795 -44333.4 -46284.7 1951.33 0.01 0.00999759 0.1 0.0999879 0.085 0 0 0.917944 -0.199877 -0.0707601
796 -44348.1 -46284.7 1936.61 0.01 0.0100012 0.1 0.100006 0.085 0 0 0.918161 -0.199694 -0.0699845
797 -44343.1 -46284.7 1941.66 0.01 0.0100106 0.1 0.100053 0.085 0 0 0.918169 -0.19902 -0.0671874
798 -44360 -46284.7 1924.71 0.01 0.0100064 0.1 0.100032 0.085 0 0 0.918425 -0.199365 -0.0667697
799 -44391 -46284.7 1893.7 0.01 0.0100065 0.1 0.100032 0.085 0 0 0.91925 -0.198266 -0.0663653
800 -44380.7 -46284.7 1904.02 0.01 0.0100046 0.1 0.100023 0.085 0 0 0.91938 -0.196949 -0.06643
801 -44395.3 -46284.7 1889.46 0.01 0.00999355 0.1 0.0999677 0.085 0 0 0.920156 -0.196508 -0.0667941
802 -44392.2 -46284.7 1892.51 0.01 0.0100035 0.1 0.100017 0.085 0 0 0.920337 -0.195804 -0.0658897
803 -44397 -46284.7 1887.69 0.01 0.00999733 0.1 0.0999867 0.085 0 0 0.920449 -0.19496 -0.0677257
804 -44379.6 -46284.7 1905.13 0.01 0.00999524 0.1 0.0999762 0.085 0 0 0.92006 -0.195546 -0.0672634
805 -44379.6 -46284.7 1905.12 0.01 0.00999522 0.1 0.0999761 0.085 0 0 0.920407 -0.194604 -0.0672102
806 -44381 -46284.7 1903.75 0.01 0.00999945 0.1 0.0999973 0.085 0 0 0.920556 -0.194224 -0.0661906
807 -44385.6 -46284.7 1899.09 0.01 0.0100039 0.1 0.10002 0.085 0 0 0.920999 -0.193092 -0.065553
808 -44355.2 -46284.7 1929.52 0.01 0.00999521 0.1 0.0999761 0.085 0 0 0.920928 -0.1918 -0.0651035
809 -44362.2 -46284.7 1922.51 0.01 0.00999881 0.1 0.0999941 0.085 0 0 0.921064 -0.191358 -0.065677
810 -44346 -46284.7 1938.76 0.01 0.0100031 0.1 0.100016 0.085 0 0 0.921128 -0.190877 -0.0646662
811 -44358.4 -46284.7 1926.31 0.01 0.0100018 0.1 0.100009 0.085 0 0 0.921378 -0.191093 -0.0652342
812 -44364.3 -46284.7 1920.45 0.01 0.0100095 0.1 0.100048 0.085 0 0 0.921878 -0.189916 -0.0641065
813 -44362.8 -46284.7 1921.88 0.01 0.00999301 0.1 0.099965 0.085 0 0 0.921988 -0.189458 -0.0642389
814 -44364.8 -46284.7 1919.94 0.01 0.00999214 0.1 0.0999607 0.085 0 0 0.922031 -0.190017 -0.0627277
815 -44358.6 -46284.7 1926.15 0.01 0.0100003 0.1 0.100001 0.085 0 0 0.922114 -0.189756 -0.062346
816 -44341.4 -46284.7 1943.33 0.01 0.00999596 0.1 0.0999798 0.085 0 0 0.922496 -0.188493 -0.0625326
817 -44340.6 -46284.7 1944.13 0.01 0.0100075 0.1 0.100038 0.085 0 0 0.922158 -0.189456 -0.0630804
818 -44340.2 -46284.7 1944.54 0.01 0.0100004 0.1 0.100002 0.085 0 0 0.921875 -0.190403 -0.0637445
819 -44341.4 -46284.7 1943.32 0.01 0.0100058 0.1 0.100029 0.085 0 0 0.92161 -0.190414 -0.0649911
820 -44353.1 -46284.7 1931.65 0.01 0.0100033 0.1 0.100017 0.085 0 0 0.921979 -0.189952 -0.0661444
821 -44354.7 -46284.7 1930.02 0.01 0.0100023 0.1 0.100012 0.085 0 0 0.922189 -0.189923 -0.0651092
822 -44348.4 -46284.7 1936.28 0.01 0.00999434 0.1 0.0999717 0.085 0 0 0.922093 -0.190226 -0.0653633
823 -44321.1 -46284.7 1963.66 0.01 0.00999567 0.1 0.0999784 0.085 0 0 0.922066 -0.189022 -0.0651524
824 -44349.9 -46284.7 1934.77 0.01 0.00998522 0.1 0.0999261 0.085 0 0 0.92255 -0.189122 -0.0652321
825 -44346.9 -46284.7 1937.83 0.01 0.0100038 0.1 0.100019 0.085 0 0 0.922306 -0.190425 -0.0655762
826 -44348 -46284.7 1936.77 0.01 0.00999374 0.1 0.0999687 0.085 0 0 0.922341 -0.190177 -0.065052
827 -44349.3 -46284.7 1935.46 0.01 0.00999906 0.1 0.0999953 0.085 0 0 0.9224 -0.190925 -0.0641589
828 -44356.7 -46284.7 1928.01 0.01 0.0100025 0.1 0.100012 0.085 0 0 0.922597 -0.189975 -0.0631404
829 -44367.2 -46284.7 1917.48 0.01 0.00999312 0.1 0.0999656 0.085 0 0 0.922821 -0.189753 -0.0632478
830 -44366.3 -46284.7 1918.46 0.01 0.00999572 0.1 0.0999786 0.085 0 0 0.923252 -0.188364 -0.0624357
831 -44378.5 -46284.7 1906.18 0.01 0.0100056 0.1 0.100028 0.085 0 0 0.923911 -0.186685 -0.0629215
832 -44376.4 -46284.7 1908.34 0.01 0.0100044 0.1 0.100022 0.085 0 0 0.924384 -0.186311 -0.0623632
833 -44370.6 -46284.7 1914.15 0.01 0.00999791 0.1 0.0999896 0.085 0 0 0.924641 -0.186234 -0.062559
834 -44357.7 -46284.7 1927.06 0.01 0.00999757 0.1 0.0999879 0.085 0 0 0.924073 -0.186447 -0.0638375
835 -44361.2 -46284.7 1923.56 0.01 0.00999958 0.1 0.0999979 0.085 0 0 0.924598 -0.185505 -0.0636841
836 -44364.7 -46284.7 1920.07 0.01 0.0099961 0.1 0.0999805 0.085 0 0 0.924653 -0.185199 -0.0643413
837 -44368.6 -46284.7 1916.08 0.01 0.0099984 0.1 0.099992 0.085 0 0 0.925307 -0.184069 -0.0641073
838 -44342.7 -46284.7 1942.05 0.01 0.010002 0.1 0.10001 0.085 0 0 0.925068 -0.183826 -0.0638491
839 -44348.6 -46284.7 1936.12 0.01 0.00999955 0.1 0.0999978 0.085 0 0 0.925138 -0.183001 -0.0639401
840 -44350 -46284.7 1934.69 0.01 0.009995 0.1 0.099975 0.085 0 0 0.925193 -0.182492 -0.0637464
841 -44366.7 -46284.7 1918.02 0.01 0.0100025 0.1 0.100013 0.085 0 0 0.925393 -0.182201 -0.0639641
842 -44364.4 -46284.7 1920.34 0.01 0.0100035 0.1 0.100018 0.085 0 0 0.925252 -0.18207 -0.0621309
843 -44377.9 -46284.7 1906.86 0.01 0.0100003 0.1 0.100002 0.085 0 0 0.92541 -0.181898 -0.0622864
844 -44400.8 -46284.7 1883.89 0.01 0.0100019 0.1 0.10001 0.085 0 0 0.925933 -0.182202 -0.0628521
845 -44378.7 -46284.7 1906 0.01 0.0100003 0.1 0.100002 0.085 0 0 0.925586 -0.182484 -0.0634412
846 -44387.7 -46284.7 1897.05 0.01 0.00999662 0.1 0.0999831 0.085 0 0 0.925919 -0.182276 -0.0632664
847 -44372.7 -46284.7 1912.02 0.01 0.00999296 0.1 0.0999648 0.085 0 0 0.925748 -0.181327 -0.0627964
848 -44363.3 -46284.7 1921.39 0.01 0.00999932 0.1 0.0999966 0.085 0 0 0.92587 -0.18083 -0.0620774
849 -44358 -46284.7 1926.71 0.01 0.0099984 0.1 0.099992 0.085 0 0 0.925877 -0.181388 -0.0628794
850 -44335.1 -46284.7 1949.67 0.01 0.0100011 0.1 0.100006 0.085 0 0 0.925648 -0.180159 -0.0633189
851 -44357.5 -46284.7 1927.25 0.01 0.00999703 0.1 0.0999851 0.085 0 0 0.926607 -0.179134 -0.0639176
852 -44355.2 -46284.7 1929.54 0.01 0.0100023 0.1 0.100012 0.085 0 0 0.927083 -0.177559 -0.0636415
853 -44370.1 -46284.7 1914.64 0.01 0.0100024 0.1 0.100012 0.085 0 0 0.927426 -0.1772 -0.0645738
854 -44362.6 -46284.7 1922.11 0.01 0.00999565 0.1 0.0999783 0.085 0 0 0.92738 -0.176934 -0.0656689
855 -44376.2 -46284.7 1908.5 0.01 0.00999715 0.1 0.0999857 0.085 0 0 0.92746 -0.177091 -0.0657097
856 -44368.9 -46284.7 1915.78 0.01 0.0100046 0.1 0.100023 0.085 0 0 0.9276 -0.176028 -0.0657581
857 -44385 -46284.7 1899.73 0.01 0.00999517 0.1 0.0999758 0.085 0 0 0.927863 -0.176177 -0.0655619
858 -44393.8 -46284.7 1890.97 0.01 0.00999648 0.1 0.0999824 0.085 0 0 0.927888 -0.175533 -0.0658072
859 -44394.8 -46284.7 1889.89 0.01 0.010004 0.1 0.10002 0.085 0 0 0.927943 -0.175666 -0.0656033
860 -44383.7 -46284.7 1901 0.01 0.010003 0.1 0.100015 0.085 0 0 0.927665 -0.176375 -0.0652333
861 -44384.5 -46284.7 1900.23 0.01 0.0100023 0.1 0.100012 0.085 0 0 0.928057 -0.174822 -0.0638489
862 -44375.9 -46284.7 1908.83 0.01 0.00999995 0.1 0.0999998 0.085 0 0 0.928504 -0.172524 -0.0648379
863 -44362.4 -46284.7 1922.36 0.01 0.00999849 0.1 0.0999925 0.085 0 0 0.928481 -0.171766 -0.0651331
864 -44363.1 -46284.7 1921.65 0.01 0.0100024 0.1 0.100012 0.085 0 0 0.928935 -0.171035 -0.0631977
865 -44358.3 -46284.7 1926.42 0.01 0.00999961 0.1 0.0999981 0.085 0 0 0.929137 -0.171203 -0.0616519
866 -44357.4 -46284.7 1927.34 0.01 0.00999999 0.1 0.0999999 0.085 0 0 0.929271 -0.170609 -0.062165
867 -44374.1 -46284.7 1910.59 0.01 0.0100018 0.1 0.100009 0.085 0 0 0.929912 -0.171533 -0.0619131
868 -44370.3 -46284.7 1914.45 0.01 0.00999594 0.1 0.0999797 0.085 0 0 0.930268 -0.171422 -0.0616789
869 -44370.4 -46284.7 1914.32 0.01 0.0100128 0.1 0.100064 0.085 0 0 0.930519 -0.169768 -0.0625683
870 -44367 -46284.7 1917.72 0.01 0.00999789 0.1 0.0999894 0.085 0 0 0.930037 -0.171985 -0.0625726
871 -44380.7 -46284.7 1904.07 0.01 0.01 0.1 0.1 0.085 0 0 0.93032 -0.171543 -0.0636589
872 -44354.5 -46284.7 1930.21 0.01 0.00999069 0.1 0.0999534 0.085 0 0 0.929735 -0.171839 -0.0640901
873 -44355.7 -46284.7 1929.04 0.01 0.0100149 0.1 0.100075 0.085 0 0 0.929726 -0.172358 -0.0631844
874 -44366 -46284.7 1918.74 0.01 0.010003 0.1 0.100015 0.085 0 0 0.930133 -0.172038 -0.0625569
875 -44379.2 -46284.7 1905.49 0.01 0.010006 0.1 0.10003 0.085 0 0 0.930452 -0.171351 -0.0621842
876 -44364.9 -46284.7 1919.79 0.01 0.00999606 0.1 0.0999803 0.085 0 0 0.930471 -0.171501 -0.0613994
877 -44355.8 -46284.7 1928.95 0.01 0.00999707 0.1 0.0999853 0.085 0 0 0.930629 -0.170918 -0.06199
878 -44353.7 -46284.7 1931.03 0.01 0.00999341 0.1 0.0999671 0.085 0 0 0.93043 -0.171046 -0.062155
879 -44355.5 -46284.7 1929.23 0.01 0.00999747 0.1 0.0999873 0.085 0 0 0.930617 -0.170108 -0.0618772
880 -44372.3 -46284.7 1912.46 0.01 0.00999712 0.1 0.0999856 0.085 0 0 0.930837 -0.169713 -0.0631581
881 -44372.8 -46284.7 1911.89 0.01 0.0100071 0.1 0.100035 0.085 0 0 0.930713 -0.169962 -0.0624033
882 -44388.2 -46284.7 1896.57 0.01 0.010001 0.1 0.100005 0.085 0 0 0.930881 -0.17025 -0.0618247
883 -44367.9 -46284.7 1916.85 0.01 0.00999974 0.1 0.0999987 0.085 0 0 0.930334 -0.171546 -0.0620421
884 -44363.6 -46284.7 1921.13 0.01 0.0100046 0.1 0.100023 0.085 0 0 0.930812 -0.169977 -0.0618748
885 -44372.2 -46284.7 1912.52 0.01 0.00999557 0.1 0.0999779 0.085 0 0 0.931204 -0.168935 -0.061673
886 -44373.6 -46284.7 1911.11 0.01 0.00999377 0.1 0.0999688 0.085 0 0 0.931286 -0.167939 -0.0616063
887 -44358.9 -46284.7 1925.8 0.01 0.00999506 0.1 0.0999753 0.085 0 0 0.931097 -0.166943 -0.061266
888 -44353.7 -46284.7 1931.05 0.01 0.00999444 0.1 0.0999722 0.085 0 0 0.931319 -0.166032 -0.0622358
889 -44361 -46284.7 1923.7 0.01 0.00999529 0.1 0.0999764 0.085 0 0 0.931485 -0.165444 -0.0629106
890 -44357.9 -46284.7 1926.77 0.01 0.0100123 0.1 0.100062 0.085 0 0 0.931587 -0.164902 -0.0646261
891 -44363 -46284.7 1921.71 0.01 0.00999933 0.1 0.0999967 0.085 0 0 0.932027 -0.165801 -0.0626786
892 -44374.3 -46284.7 1910.41 0.01 0.0100053 0.1 0.100027 0.085 0 0 0.931866 -0.16538 -0.0622419
893 -44380.4 -46284.7 1904.36 0.01 0.00998619 0.1 0.0999309 0.085 0 0 0.932242 -0.165892 -0.061709
894 -44372.6 -46284.7 1912.07 0.01 0.00999311 0.1 0.0999656 0.085 0 0 0.932021 -0.1661 -0.0624819
895 -44387.9 -46284.7 1896.8 0.01 0.00999499 0.1 0.0999749 0.085 0 0 0.932257 -0.166074 -0.063557
896 -44380.5 -46284.7 1904.24 0.01 0.00999309 0.1 0.0999654 0.085 0 0 0.932416 -0.165651 -0.0635588
897 -44388.2 -46284.7 1896.52 0.01 0.00999581 0.1 0.0999791 0.085 0 0 0.932814 -0.165133 -0.064472
898 -44378.1 -46284.7 1906.61 0.01 0.00999449 0.1 0.0999725 0.085 0 0 0.933042 -0.163596 -0.0637289
899 -44383.3 -46284.7 1901.43 0.01 0.00999348 0.1 0.0999674 0.085 0 0 0.933343 -0.163917 -0.0625791
900 -44367.6 -46284.7 1917.12 0.01 0.00999812 0.1 0.0999906 0.085 0 0 0.933369 -0.163839 -0.0629172
901 -44362.3 -46284.7 1922.41 0.01 0.00999777 0.1 0.0999889 0.085 0 0 0.933575 -0.163443 -0.0631284
902 -44377.7 -46284.7 1907 0.01 0.00999224 0.1 0.0999612 0.085 0 0 0.933792 -0.163438 -0.0625012
903 -44372.6 -46284.7 1912.09 0.01 0.0100015 0.1 0.100008 0.085 0 0 0.934046 -0.162219 -0.0638178
904 -44355.6 -46284.7 1929.16 0.01 0.00999361 0.1 0.0999681 0.085 0 0 0.934187 -0.161642 -0.063369
905 -44367.7 -46284.7 1917.03 0.01 0.00999865 0.1 0.0999933 0.085 0 0 0.934721 -0.160784 -0.0639208
906 -44368.4 -46284.7 1916.29 0.01 0.010005 0.1 0.100025 0.085 0 0 0.934912 -0.159682 -0.0639165
907 -44389.4 -46284.7 1895.34 0.01 0.0100055 0.1 0.100028 0.085 0 0 0.935322 -0.158365 -0.0646866
908 -44384.3 -46284.7 1900.4 0.01 0.0099993 0.1 0.0999965 0.085 0 0 0.935281 -0.158495 -0.0641373
909 -44374.6 -46284.7 1910.08 0.01 0.00999334 0.1 0.0999667 0.085 0 0 0.935618 -0.157846 -0.0642655
910 -44395.7 -46284.7 1889.04 0.01 0.0100052 0.1 0.100026 0.085 0 0 0.935981 -0.156942 -0.0640386
911 -44403.5 -46284.7 1881.2 0.01 0.00999847 0.1 0.0999923 0.085 0 0 0.935871 -0.156957 -0.0643767
912 -44402.1 -46284.7 1882.67 0.01 0.0100022 0.1 0.100011 0.085 0 0 0.935896 -0.157607 -0.0639137
913 -44404.1 -46284.7 1880.66 0.01 0.00999459 0.1 0.099973 0.085 0 0 0.935568 -0.157617 -0.064283
914 -44397.9 -46284.7 1886.84 0.01 0.0100019 0.1 0.100009 0.085 0 0 0.935801 -0.157076 -0.0622718
915 -44386.7 -46284.7 1897.98 0.01 0.0100085 0.1 0.100042 0.085 0 0 0.935819 -0.156688 -0.0615746
916 -44366.7 -46284.7 1918.02 0.01 0.00999674 0.1 0.0999837 0.085 0 0 0.935864 -0.15669 -0.0622541
917 -44374 -46284.7 1910.71 0.01 0.00999968 0.1 0.0999984 0.085 0 0 0.936374 -0.15633 -0.0628234
918 -44376.7 -46284.7 1907.98 0.01 0.0100023 0.1 0.100011 0.085 0 0 0.936689 -0.155732 -0.0635892
919 -44376.8 -46284.7 1907.94 0.01 0.00999329 0.1 0.0999664 0.085 0 0 0.936549 -0.156672 -0.0637907
920 -44382.5 -46284.7 1902.23 0.01 0.010001 0.1 0.100005 0.085 0 0 0.93651 -0.156636 -0.0648217
921 -44370.8 -46284.7 1913.93 0.01 0.0100045 0.1 0.100023 0.085 0 0 0.936868 -0.155699 -0.0645496
922 -44380.7 -46284.7 1904.04 0.01 0.00999382 0.1 0.0999691 0.085 0 0 0.936892 -0.156641 -0.0647894
923 -44370.9 -46284.7 1913.86 0.01 0.0100026 0.1 0.100013 0.085 0 0 0.936753 -0.157243 -0.0635059
924 -44364.8 -46284.7 1919.88 0.01 0.0100041 0.1 0.10002 0.085 0 0 0.936852 -0.157042 -0.0631629
925 -44347.5 -46284.7 1937.24 0.01 0.00999745 0.1 0.0999873 0.085 0 0 0.93644 -0.157483 -0.0640088
926 -44366 -46284.7 1918.74 0.01 0.0100064 0.1 0.100032 0.085 0 0 0.936855 -0.156778 -0.0627143
927 -44382.4 -46284.7 1902.37 0.01 0.0100036 0.1 0.100018 0.085 0 0 0.937225 -0.156966 -0.0616101
928 -44372.6 -46284.7 1912.14 0.01 0.0100104 0.1 0.100052 0.085 0 0 0.93704 -0.156812 -0.0625472
929 -44394.2 -46284.7 1890.51 0.01 0.00999591 0.1 0.0999796 0.085 0 0 0.93729 -0.157645 -0.0622866
930 -44403.5 -46284.7 1881.2 0.01 0.0099987 0.1 0.0999935 0.085 0 0 0.937715 -0.156499 -0.0632955
931 -44368.4 -46284.7 1916.3 0.01 0.00999965 0.1 0.0999982 0.085 0 0 0.937283 -0.156194 -0.0642801
932 -44367.5 -46284.7 1917.2 0.01 0.0099992 0.1 0.099996 0.085 0 0 0.937418 -0.156558 -0.0629923
933 -44357.3 -46284.7 1927.41 0.01 0.00999906 0.1 0.0999953 0.085 0 0 0.937335 -0.156207 -0.0622473
934 -44385.8 -46284.7 1898.89 0.01 0.0100008 0.1 0.100004 0.085 0 0 0.938059 -0.153952 -0.0619258
935 -44390.9 -46284.7 1893.8 0.01 0.00999539 0.1 0.0999769 0.085 0 0 0.937894 -0.154965 -0.0619454
936 -44372.6 -46284.7 1912.13 0.01 0.010001 0.1 0.100005 0.085 0 0 0.937801 -0.154815 -0.0615835
937 -44376 -46284.7 1908.76 0.01 0.0100057 0.1 0.100029 0.085 0 0 0.938046 -0.155161 -0.062768
938 -44382.7 -46284.7 1902.04 0.01 0.0100056 0.1 0.100028 0.085 0 0 0.938301 -0.154202 -0.0629546
939 -44398.9 -46284.7 1885.82 0.01 0.0100044 0.1 0.100022 0.085 0 0 0.938591 -0.154132 -0.0640942
940 -44375 -46284.7 1909.71 0.01 0.00999623 0.1 0.0999812 0.085 0 0 0.938282 -0.154108 -0.0645802
941 -44366.2 -46284.7 1918.54 0.01 0.00999592 0.1 0.0999796 0.085 0 0 0.938066 -0.154271 -0.0650353
942 -44362.6 -46284.7 1922.14 0.01 0.0100001 0.1 0.100001 0.085 0 0 0.937732 -0.155463 -0.0643541
943 -44357.8 -46284.7 1926.91 0.01 0.0100003 0.1 0.100001 0.085 0 0 0.937748 -0.154192 -0.0633754
944 -44352.5 -46284.7 1932.24 0.01 0.00999889 0.1 0.0999945 0.085 0 0 0.938001 -0.153034 -0.0629256
945 -44348.8 -46284.7 1935.93 0.01 0.0100009 0.1 0.100005 0.085 0 0 0.937801 -0.153441 -0.0632603
946 -44360.4 -46284.7 1924.29 0.01 0.00999146 0.1 0.0999573 0.085 0 0 0.937993 -0.153947 -0.0627627
947 -44369.9 -46284.7 1914.79 0.01 0.0100031 0.1 0.100016 0.085 0 0 0.937986 -0.153786 -0.0639597
948 -44355.4 -46284.7 1929.32 0.01 0.0100078 0.1 0.100039 0.085 0 0 0.937762 -0.153081 -0.0639052
949 -44369.9 -46284.7 1914.83 0.01 0.00999423 0.1 0.0999711 0.085 0 0 0.93812 -0.152752 -0.0635373
950 -44356.3 -46284.7 1928.41 0.01 0.0100051 0.1 0.100026 0.085 0 0 0.938091 -0.152073 -0.0641682
951 -44366.6 -46284.7 1918.12 0.01 0.00999164 0.1 0.0999582 0.085 0 0 0.93827 -0.152371 -0.0637152
952 -44370.5 -46284.7 1914.27 0.01 0.0100012 0.1 0.100006 0.085 0 0 0.938589 -0.151863 -0.0637913
953 -44377.9 -46284.7 1906.82 0.01 0.0100052 0.1 0.100026 0.085 0 0 0.938737 -0.152394 -0.0640169
954 -44381.4 -46284.7 1903.37 0.01 0.00999405 0.1 0.0999702 0.085 0 0 0.938913 -0.152018 -0.0629718
955 -44384.7 -46284.7 1900.04 0.01 0.00999629 0.1 0.0999815 0.085 0 0 0.939179 -0.151439 -0.0633952
956 -44384.8 -46284.7 1899.92 0.01 0.0100055 0.1 0.100028 0.085 0 0 0.938941 -0.151941 -0.0634189
957 -44364.3 -46284.7 1920.39 0.01 0.0100007 0.1 0.100004 0.085 0 0 0.938861 -0.151905 -0.0635307
958 -44349.7 -46284.7 1935.07 0.01 0.010002 0.1 0.10001 0.085 0 0 0.938566 -0.151943 -0.0638249
959 -44369.4 -46284.7 1915.36 0.01 0.0100034 0.1 0.100017 0.085 0 0 0.938779 -0.151559 -0.0639602
960 -44375.9 -46284.7 1908.82 0.01 0.0100013 0.1 0.100006 0.085 0 0 0.939253 -0.150626 -0.0638217
961 -44375.5 -46284.7 1909.25 0.01 0.00999952 0.1 0.0999976 0.085 0 0 0.939421 -0.150795 -0.063614
962 -44368.3 -46284.7 1916.43 0.01 0.00999994 0.1 0.0999997 0.085 0 0 0.939636 -0.150542 -0.0629571
963 -44385.8 -46284.7 1898.92 0.01 0.00999707 0.1 0.0999854 0.085 0 0 0.939615 -0.151984 -0.0632173
964 -44408.7 -46284.7 1875.99 0.01 0.0100035 0.1 0.100018 0.085 0 0 0.939916 -0.151409 -0.0634939
965 -44421.2 -46284.7 1863.55 0.01 0.0100016 0.1 0.100008 0.085 0 0 0.940213 -0.150804 -0.0639715
966 -44409.1 -46284.7 1875.67 0.01 0.00999784 0.1 0.0999892 0.085 0 0 0.939578 -0.152483 -0.0649047
967 -44410.9 -46284.7 1873.84 0.01 0.0100041 0.1 0.10002 0.085 0 0 0.939695 -0.152015 -0.0642789
968 -44403.9 -46284.7 1880.79 0.01 0.0100022 0.1 0.100011 0.085 0 0 0.940098 -0.150908 -0.0637113
969 -44396.3 -46284.7 1888.43 0.01 0.00999741 0.1 0.0999871 0.085 0 0 0.93994 -0.150621 -0.0637914
970 -44379.5 -46284.7 1905.25 0.01 0.00998834 0.1 0.0999417 0.085 0 0 0.939892 -0.150483 -0.0645415
971 -44362.8 -46284.7 1921.91 0.01 0.0100008 0.1 0.100004 0.085 0 0 0.940059 -0.150272 -0.0645793
972 -44351.1 -46284.7 1933.61 0.01 0.010003 0.1 0.100015 0.085 0 0 0.940145 -0.148331 -0.0637098
973 -44350.1 -46284.7 1934.59 0.01 0.00998938 0.1 0.0999469 0.085 0 0 0.940769 -0.146562 -0.0619347
974 -44365.5 -46284.7 1919.18 0.01 0.00999514 0.1 0.0999757 0.085 0 0 0.940854 -0.147383 -0.0627801
975 -44379.1 -46284.7 1905.62 0.01 0.00999746 0.1 0.0999873 0.085 0 0 0.941082 -0.147155 -0.0632525
976 -44385.2 -46284.7 1899.48 0.01 0.0100039 0.1 0.100019 0.085 0 0 0.94106 -0.147366 -0.0636585
977 -44393.3 -46284.7 1891.46 0.01 0.0100027 0.1 0.100014 0.085 0 0 0.941154 -0.147769 -0.0634197
978 -44370.4 -46284.7 1914.34 0.01 0.0100056 0.1 0.100028 0.085 0 0 0.940857 -0.147629 -0.0633711
979 -44373 -46284.7 1911.68 0.01 0.00999371 0.1 0.0999685 0.085 0 0 0.940843 -0.146921 -0.0636455
980 -44375.2 -46284.7 1909.55 0.01 0.00999656 0.1 0.0999828 0.085 0 0 0.941099 -0.147031 -0.0645848
981 -44375.5 -46284.7 1909.21 0.01 0.00998847 0.1 0.0999423 0.085 0 0 0.940992 -0.147761 -0.0633054
982 -44367.1 -46284.7 1917.65 0.01 0.00999619 0.1 0.099981 0.085 0 0 0.941161 -0.145648 -0.0643301
983 -44376.8 -46284.7 1907.88 0.01 0.00999775 0.1 0.0999887 0.085 0 0 0.94158 -0.146405 -0.0627957
984 -44410.8 -46284.7 1873.97 0.01 0.0100066 0.1 0.100033 0.085 0 0 0.942015 -0.147251 -0.0621788
985 -44389.6 -46284.7 1895.08 0.01 0.00999921 0.1 0.0999961 0.085 0 0 0.941581 -0.146998 -0.0617452
986 -44427 -46284.7 1857.71 0.01 0.00999173 0.1 0.0999587 0.085 0 0 0.94208 -0.146806 -0.0614028
987 -44401.8 -46284.7 1882.94 0.01 0.00999937 0.1 0.0999968 0.085 0 0 0.942084 -0.146909 -0.0608117
988 -44401.7 -46284.7 1882.98 0.01 0.0100013 0.1 0.100006 0.085 0 0 0.942539 -0.145952 -0.0598886
989 -44384.8 -46284.7 1899.93 0.01 0.0100051 0.1 0.100026 0.085 0 0 0.942568 -0.145247 -0.0590244
990 -44369.2 -46284.7 1915.5 0.01 0.0100054 0.1 0.100027 0.085 0 0 0.942428 -0.14457 -0.0589917
991 -44401.7 -46284.7 1883.05 0.01 0.0099968 0.1 0.099984 0.085 0 0 0.942678 -0.14539 -0.0592691
992 -44391.1 -46284.7 1893.66 0.01 0.0100009 0.1 0.100005 0.085 0 0 0.942442 -0.145759 -0.0608185
993 -44380.8 -46284.7 1903.91 0.01 0.00999765 0.1 0.0999883 0.085 0 0 0.942624 -0.144761 -0.0601012
994 -44390.9 -46284.7 1893.82 0.01 0.0100019 0.1 0.10001 0.085 0 0 0.943168 -0.143076 -0.0592245
995 -44393.5 -46284.7 1891.18 0.01 0.0100056 0.1 0.100028 0.085 0 0 0.943235 -0.14212 -0.0592176
996 -44395.4 -46284.7 1889.36 0.01 0.0100029 0.1 0.100015 0.085 0 0 0.943507 -0.141995 -0.0596564
997 -44386.4 -46284.7 1898.34 0.01 0.0100008 0.1 0.100004 0.085 0 0 0.94367 -0.141798 -0.0586765
998 -44385.6 -46284.7 1899.12 0.01 0.00999731 0.1 0.0999865 0.085 0 0 0.943705 -0.142073 -0.0587138
999 -44385.7 -46284.7 1899.02 0.01 0.0100025 0.1 0.100013 0.085 0 0 0.943802 -0.14192 -0.0579655
1000 -44402.6 -46284.7 1882.12 0.01 0.00999892 0.1 0.0999946 0.085 0 0 0.94387 -0.142228 -0.0585849
