# Iteration MagnetizationX 
1 0.00542792
2 0.00822337
3 0.00842287
4 0.00920269
5 0.0119017
6 0.0118202
7 0.01349
8 0.0151469
9 0.0135866
10 0.0149681
11 0.0154184
12 0.0181957
13 0.0189028
14 0.0222184
15 0.0248111
16 0.0269866
17 0.0328058
18 0.0327246
19 0.0347598
20 0.0376942
21 0.0414094
22 0.0464588
23 0.0487256
24 0.0527318
25 0.0532977
26 0.0531322
27 0.0554868
28 0.0575923
29 0.0593888
30 0.0643773
31 0.0639718
32 0.0686233
33 0.0677887
34 0.0671817
35 0.0686633
36 0.0723936
37 0.076766
38 0.0782776
39 0.0830665
40 0.0829488
41 0.0863596
42 0.0890369
43 0.0912281
44 0.0909152
45 0.0919034
46 0.0929286
47 0.0930193
48 0.0925913
49 0.0938469
50 0.0980602
51 0.0984326
52 0.101324
53 0.105196
54 0.105123
55 0.104982
56 0.10798
57 0.107886
58 0.112463
59 0.112039
60 0.114386
61 0.11457
62 0.116779
63 0.118384
64 0.118233
65 0.118942
66 0.116216
67 0.118057
68 0.117425
69 0.120794
70 0.123221
71 0.124872
72 0.125579
73 0.129864
74 0.133846
75 0.136655
76 0.136556
77 0.132574
78 0.133676
79 0.133583
80 0.136277
81 0.137789
82 0.136652
83 0.139656
84 0.137478
85 0.139858
86 0.140425
87 0.144546
88 0.147159
89 0.147832
90 0.148662
91 0.150946
92 0.154908
93 0.156376
94 0.153312
95 0.157285
96 0.162583
97 0.165634
98 0.163515
99 0.163486
100 0.165859
101 0.167976
102 0.169288
103 0.165586
104 0.165281
105 0.167501
106 0.170144
107 0.169859
108 0.172625
109 0.174486
110 0.174676
111 0.175741
112 0.174668
113 0.175604
114 0.177619
115 0.17661
116 0.175691
117 0.174161
118 0.173987
119 0.173161
120 0.173527
121 0.17651
122 0.184533
123 0.185938
124 0.188289
125 0.19272
126 0.192809
127 0.193122
128 0.197508
129 0.19734
130 0.197308
131 0.195875
132 0.196016
133 0.19589
134 0.197899
135 0.196354
136 0.193267
137 0.196074
138 0.196285
139 0.198021
140 0.199186
141 0.204335
142 0.204759
143 0.206286
144 0.209754
145 0.207952
146 0.208765
147 0.209864
148 0.210102
149 0.210919
150 0.212902
151 0.216992
152 0.219171
153 0.218229
154 0.21973
155 0.220969
156 0.222933
157 0.225871
158 0.227305
159 0.228939
160 0.230727
161 0.233445
162 0.233301
163 0.233219
164 0.230744
165 0.227491
166 0.229991
167 0.231533
168 0.231932
169 0.232907
170 0.232506
171 0.240012
172 0.242116
173 0.238167
174 0.237104
175 0.239924
176 0.243844
177 0.246139
178 0.248135
179 0.249351
180 0.251108
181 0.250093
182 0.25152
183 0.252366
184 0.249803
185 0.251061
186 0.252943
187 0.25523
188 0.258931
189 0.260427
190 0.260777
191 0.259629
192 0.259041
193 0.259823
194 0.261238
195 0.261094
196 0.26094
197 0.263782
198 0.263647
199 0.266784
200 0.269325
201 0.270108
202 0.273607
203 0.274049
204 0.271667
205 0.269585
206 0.270746
207 0.271602
208 0.273663
209 0.273749
210 0.277671
211 0.282163
212 0.283001
213 0.286476
214 0.28676
215 0.29056
216 0.295795
217 0.296784
218 0.300417
219 0.301694
220 0.30549
221 0.306001
222 0.303102
223 0.303756
224 0.305026
225 0.308516
226 0.309249
227 0.314173
228 0.316915
229 0.317108
230 0.318141
231 0.321802
232 0.321436
233 0.32019
234 0.318118
235 0.31926
236 0.317874
237 0.322835
238 0.324226
239 0.324472
240 0.32319
241 0.32627
242 0.32578
243 0.329163
244 0.328716
245 0.32813
246 0.33089
247 0.332514
248 0.333028
249 0.334002
250 0.33741
251 0.337507
252 0.339479
253 0.337808
254 0.339182
255 0.336968
256 0.339906
257 0.33774
258 0.338031
259 0.338795
260 0.336897
261 0.336414
262 0.337912
263 0.340599
264 0.341588
265 0.34234
266 0.343402
267 0.345227
268 0.345009
269 0.345642
270 0.347073
271 0.353598
272 0.355501
273 0.354082
274 0.355642
275 0.357177
276 0.360959
277 0.360616
278 0.357356
279 0.35618
280 0.356984
281 0.358004
282 0.360213
283 0.362179
284 0.363266
285 0.365028
286 0.364187
287 0.369119
288 0.365284
289 0.365102
290 0.368147
291 0.370217
292 0.371518
293 0.369454
294 0.370625
295 0.370175
296 0.372638
297 0.374537
298 0.372967
299 0.377959
300 0.380611
301 0.38309
302 0.387283
303 0.391548
304 0.391062
305 0.39038
306 0.388998
307 0.388608
308 0.387561
309 0.393729
310 0.39596
311 0.394802
312 0.393604
313 0.393947
314 0.394081
315 0.394103
316 0.395191
317 0.397748
318 0.397078
319 0.399699
320 0.398636
321 0.398209
322 0.397364
323 0.396134
324 0.397516
325 0.40061
326 0.399638
327 0.40032
328 0.401614
329 0.403102
330 0.403773
331 0.405414
332 0.407274
333 0.409347
334 0.412232
335 0.412895
336 0.411272
337 0.412878
338 0.415272
339 0.414071
340 0.417812
341 0.418461
342 0.418832
343 0.417961
344 0.41738
345 0.417687
346 0.415197
347 0.418562
348 0.417967
349 0.420637
350 0.421978
351 0.424328
352 0.424248
353 0.425727
354 0.427629
355 0.428522
356 0.427416
357 0.425429
358 0.427401
359 0.429955
360 0.426411
361 0.427659
362 0.42571
363 0.425118
364 0.42541
365 0.426243
366 0.42803
367 0.429312
368 0.43181
369 0.429767
370 0.430778
371 0.432196
372 0.434407
373 0.435579
374 0.43452
375 0.437608
376 0.434002
377 0.436578
378 0.436287
379 0.437601
380 0.43734
381 0.435977
382 0.437562
383 0.440996
384 0.439298
385 0.438433
386 0.436552
387 0.436754
388 0.435396
389 0.437594
390 0.437287
391 0.435193
392 0.435485
393 0.437075
394 0.437883
395 0.439513
396 0.440619
397 0.440897
398 0.440827
399 0.441941
400 0.438296
401 0.440856
402 0.4435
403 0.43836
404 0.439035
405 0.438502
406 0.441433
407 0.443175
408 0.442031
409 0.441579
410 0.440184
411 0.440147
412 0.439016
413 0.442782
414 0.444175
415 0.448376
416 0.445587
417 0.448048
418 0.446937
419 0.449171
420 0.445174
421 0.444656
422 0.444308
423 0.448317
424 0.447174
425 0.444917
426 0.445966
427 0.446836
428 0.449942
429 0.447596
430 0.443585
431 0.443289
432 0.444553
433 0.446307
434 0.447971
435 0.450426
436 0.44814
437 0.4481
438 0.447357
439 0.448531
440 0.447448
441 0.4489
442 0.448981
443 0.445867
444 0.449896
445 0.447337
446 0.447721
447 0.447302
448 0.447836
449 0.449321
450 0.45191
451 0.452394
452 0.451091
453 0.45195
454 0.446154
455 0.443135
456 0.444888
457 0.44817
458 0.447197
459 0.446182
460 0.444212
461 0.443901
462 0.446515
463 0.448433
464 0.449243
465 0.449797
466 0.452595
467 0.453619
468 0.454315
469 0.454434
470 0.452732
471 0.450299
472 0.448747
473 0.449781
474 0.448896
475 0.450089
476 0.447104
477 0.443352
478 0.443795
479 0.450078
480 0.450862
481 0.452263
482 0.453048
483 0.453266
484 0.452583
485 0.456497
486 0.456107
487 0.461083
488 0.462503
489 0.462924
490 0.461533
491 0.463403
492 0.462926
493 0.465007
494 0.466245
495 0.467711
496 0.468365
497 0.469577
498 0.470968
499 0.472989
500 0.472287
501 0.474009
502 0.4738
503 0.476258
504 0.475293
505 0.476848
506 0.476963
507 0.475669
508 0.473342
509 0.472895
510 0.473365
511 0.475436
512 0.476276
513 0.477143
514 0.475188
515 0.472387
516 0.4737
517 0.475992
518 0.478931
519 0.479071
520 0.477326
521 0.475018
522 0.478426
523 0.479422
524 0.479001
525 0.476247
526 0.475258
527 0.474734
528 0.474997
529 0.475969
530 0.475371
531 0.475898
532 0.478441
533 0.478981
534 0.482437
535 0.480691
536 0.480023
537 0.480684
538 0.47871
539 0.480913
540 0.483191
541 0.480008
542 0.479117
543 0.476395
544 0.472804
545 0.477291
546 0.477575
547 0.475546
548 0.474414
549 0.472711
550 0.471259
551 0.470339
552 0.471927
553 0.472067
554 0.472361
555 0.473303
556 0.471739
557 0.467606
558 0.470124
559 0.474069
560 0.468714
561 0.471837
562 0.47289
563 0.473872
564 0.475256
565 0.477653
566 0.479253
567 0.480436
568 0.480411
569 0.480945
570 0.478906
571 0.48012
572 0.479997
573 0.479728
574 0.478707
575 0.480142
576 0.480752
577 0.481822
578 0.484282
579 0.485025
580 0.483738
581 0.483112
582 0.480021
583 0.479834
584 0.479582
585 0.479734
586 0.479895
587 0.480427
588 0.480033
589 0.478324
590 0.48042
591 0.478655
592 0.480979
593 0.485318
594 0.4848
595 0.486309
596 0.484946
597 0.48343
598 0.486325
599 0.488756
600 0.488079
601 0.488831
602 0.487455
603 0.489907
604 0.490598
605 0.490405
606 0.490163
607 0.492452
608 0.489672
609 0.485624
610 0.488183
611 0.488086
612 0.488136
613 0.489336
614 0.486572
615 0.489701
616 0.489593
617 0.487588
618 0.48521
619 0.48818
620 0.491211
621 0.490566
622 0.48762
623 0.489188
624 0.490326
625 0.488473
626 0.488501
627 0.48861
628 0.48628
629 0.486358
630 0.483909
631 0.482144
632 0.483827
633 0.487116
634 0.487974
635 0.487177
636 0.489144
637 0.485562
638 0.486265
639 0.485184
640 0.486214
641 0.48868
642 0.488466
643 0.487466
644 0.489154
645 0.488158
646 0.487249
647 0.484054
648 0.48296
649 0.484866
650 0.482546
651 0.48073
652 0.478448
653 0.479773
654 0.480606
655 0.478675
656 0.480299
657 0.477909
658 0.477761
659 0.475292
660 0.473749
661 0.476983
662 0.47784
663 0.473261
664 0.475415
665 0.472624
666 0.471274
667 0.470983
668 0.471225
669 0.468651
670 0.469061
671 0.473321
672 0.475077
673 0.474436
674 0.477376
675 0.475567
676 0.478171
677 0.478802
678 0.480174
679 0.479397
680 0.478783
681 0.478564
682 0.475419
683 0.474512
684 0.474544
685 0.477045
686 0.47969
687 0.480792
688 0.481924
689 0.483205
690 0.483513
691 0.483901
692 0.483098
693 0.483608
694 0.484683
695 0.480641
696 0.483546
697 0.486792
698 0.489346
699 0.490415
700 0.484008
701 0.4836
702 0.483537
703 0.484756
704 0.486241
705 0.485874
706 0.485302
707 0.482865
708 0.482595
709 0.4778
710 0.477813
711 0.479383
712 0.476763
713 0.479053
714 0.481652
715 0.483084
716 0.484858
717 0.485416
718 0.485524
719 0.48377
720 0.485853
721 0.483602
722 0.482971
723 0.484868
724 0.483298
725 0.482742
726 0.483056
727 0.486043
728 0.485551
729 0.483871
730 0.484354
731 0.484743
732 0.48921
733 0.488689
734 0.491316
735 0.489999
736 0.48889
737 0.487065
738 0.488647
739 0.485806
740 0.484679
741 0.482459
742 0.48399
743 0.48171
744 0.484981
745 0.483619
746 0.480967
747 0.484021
748 0.486044
749 0.482615
750 0.484205
751 0.481042
752 0.479685
753 0.47976
754 0.477774
755 0.4822
756 0.481963
757 0.480081
758 0.48367
759 0.483341
760 0.480601
761 0.48348
762 0.483789
763 0.483671
764 0.484875
765 0.485962
766 0.486783
767 0.488699
768 0.48595
769 0.485415
770 0.483934
771 0.484675
772 0.486443
773 0.488409
774 0.486148
775 0.482217
776 0.481972
777 0.483389
778 0.484534
779 0.484942
780 0.486133
781 0.485862
782 0.486448
783 0.483895
784 0.482809
785 0.483345
786 0.48624
787 0.486096
788 0.487254
789 0.48453
790 0.484319
791 0.487519
792 0.487718
793 0.488164
794 0.48964
795 0.488113
796 0.487941
797 0.488797
798 0.487939
799 0.488723
800 0.48986
801 0.490406
802 0.490476
803 0.491414
804 0.490971
805 0.489082
806 0.493765
807 0.494592
808 0.492602
809 0.488338
810 0.489751
811 0.48762
812 0.487962
813 0.487607
814 0.486212
815 0.485531
816 0.486616
817 0.486409
818 0.485662
819 0.487233
820 0.486986
821 0.488756
822 0.488568
823 0.487332
824 0.489465
825 0.490519
826 0.492257
827 0.493621
828 0.493139
829 0.49286
830 0.494659
831 0.499018
832 0.498521
833 0.498577
834 0.500345
835 0.502031
836 0.499872
837 0.499715
838 0.500837
839 0.49962
840 0.496662
841 0.500908
842 0.498867
843 0.500085
844 0.499051
845 0.49757
846 0.498665
847 0.497285
848 0.49765
849 0.493829
850 0.494529
851 0.494046
852 0.496051
853 0.497339
854 0.50108
855 0.499623
856 0.497074
857 0.497007
858 0.496675
859 0.494587
860 0.495618
861 0.494083
862 0.49305
863 0.497603
864 0.499422
865 0.498042
866 0.496905
867 0.496925
868 0.496327
869 0.496252
870 0.496892
871 0.494833
872 0.496194
873 0.495681
874 0.497532
875 0.497287
876 0.494549
877 0.492747
878 0.496218
879 0.493691
880 0.492296
881 0.490513
882 0.492526
883 0.491876
884 0.492857
885 0.493324
886 0.494877
887 0.494496
888 0.492171
889 0.492044
890 0.492611
891 0.491103
892 0.491451
893 0.491168
894 0.49361
895 0.491183
896 0.48966
897 0.491273
898 0.492088
899 0.49476
900 0.492984
901 0.488369
902 0.488822
903 0.489052
904 0.487798
905 0.488318
906 0.485622
907 0.484602
908 0.480929
909 0.480001
910 0.482549
911 0.48514
912 0.48375
913 0.483678
914 0.483923
915 0.485423
916 0.486164
917 0.488358
918 0.483157
919 0.481982
920 0.484305
921 0.487166
922 0.48678
923 0.487512
924 0.492108
925 0.488928
926 0.491399
927 0.493777
928 0.49515
929 0.493654
930 0.492291
931 0.49249
932 0.489164
933 0.491765
934 0.491242
935 0.492854
936 0.491943
937 0.494738
938 0.492051
939 0.491956
940 0.49334
941 0.493773
942 0.491168
943 0.49093
944 0.48922
945 0.48848
946 0.488737
947 0.485666
948 0.486374
949 0.489318
950 0.489215
951 0.488948
952 0.49189
953 0.491586
954 0.493144
955 0.493193
956 0.494856
957 0.491935
958 0.490502
959 0.490318
960 0.489651
961 0.487212
962 0.489
963 0.491138
964 0.490031
965 0.487624
966 0.488661
967 0.489298
968 0.487893
969 0.486933
970 0.487118
971 0.488363
972 0.490185
973 0.490447
974 0.490818
975 0.488973
976 0.489224
977 0.490298
978 0.489576
979 0.493055
980 0.491008
981 0.494033
982 0.490695
983 0.488049
984 0.487468
985 0.488025
986 0.485475
987 0.485065
988 0.480458
989 0.48372
990 0.481292
991 0.481593
992 0.482034
993 0.482068
994 0.484041
995 0.482184
996 0.481735
997 0.483512
998 0.483915
999 0.484273
1000 0.48524
1000 0.48524
