# Iteration MagnetizationX 
1 0.00387661
2 0.00820381
3 0.0114615
4 0.0130102
5 0.014495
6 0.015672
7 0.0173404
8 0.0186324
9 0.0205125
10 0.0246308
11 0.0273722
12 0.0318116
13 0.03341
14 0.0387887
15 0.04038
16 0.0421628
17 0.0456781
18 0.0515599
19 0.0562994
20 0.0582213
21 0.0612271
22 0.0634493
23 0.0665986
24 0.0700712
25 0.0726936
26 0.078806
27 0.0819156
28 0.0871155
29 0.0872066
30 0.0907771
31 0.0908672
32 0.0941876
33 0.0964653
34 0.0997626
35 0.100341
36 0.104163
37 0.108949
38 0.111767
39 0.110049
40 0.111521
41 0.113848
42 0.117247
43 0.121006
44 0.123343
45 0.127672
46 0.132076
47 0.135465
48 0.139436
49 0.139211
50 0.142692
51 0.145618
52 0.149145
53 0.152537
54 0.155236
55 0.159288
56 0.161198
57 0.165591
58 0.167765
59 0.172531
60 0.178779
61 0.183768
62 0.184412
63 0.18728
64 0.186826
65 0.187745
66 0.189341
67 0.190789
68 0.195967
69 0.199345
70 0.2019
71 0.207278
72 0.212034
73 0.215797
74 0.218737
75 0.221853
76 0.224408
77 0.227352
78 0.229248
79 0.232767
80 0.238696
81 0.239
82 0.242336
83 0.244565
84 0.247109
85 0.250259
86 0.253786
87 0.254862
88 0.258403
89 0.262973
90 0.266331
91 0.268982
92 0.272376
93 0.273866
94 0.277737
95 0.279371
96 0.280727
97 0.285416
98 0.28867
99 0.288004
100 0.294553
101 0.296565
102 0.297665
103 0.300774
104 0.302512
105 0.305991
106 0.309311
107 0.314029
108 0.313884
109 0.315459
110 0.317086
111 0.320653
112 0.323219
113 0.324115
114 0.325461
115 0.325198
116 0.327613
117 0.328215
118 0.328953
119 0.332477
120 0.332695
121 0.334913
122 0.338153
123 0.340551
124 0.343528
125 0.345669
126 0.345511
127 0.346492
128 0.351066
129 0.351063
130 0.349942
131 0.350856
132 0.352091
133 0.354012
134 0.356599
135 0.3608
136 0.364543
137 0.366481
138 0.369927
139 0.369474
140 0.375117
141 0.377567
142 0.379839
143 0.381524
144 0.382381
145 0.382242
146 0.38708
147 0.389706
148 0.391301
149 0.394216
150 0.39677
151 0.399173
152 0.400235
153 0.401551
154 0.403103
155 0.406067
156 0.408206
157 0.409223
158 0.410248
159 0.413541
160 0.415614
161 0.414313
162 0.414933
163 0.417406
164 0.415777
165 0.416621
166 0.419173
167 0.422208
168 0.426496
169 0.42811
170 0.430406
171 0.433051
172 0.434334
173 0.435649
174 0.436893
175 0.440086
176 0.442405
177 0.444817
178 0.448794
179 0.452273
180 0.452276
181 0.450677
182 0.452585
183 0.454369
184 0.45562
185 0.459863
186 0.460949
187 0.461749
188 0.460627
189 0.462747
190 0.463656
191 0.464821
192 0.467453
193 0.468087
194 0.470867
195 0.468264
196 0.469552
197 0.470108
198 0.472274
199 0.474788
200 0.474307
201 0.473658
202 0.473366
203 0.472635
204 0.472251
205 0.472555
206 0.475109
207 0.477508
208 0.475254
209 0.475988
210 0.479033
211 0.479874
212 0.48145
213 0.483502
214 0.487178
215 0.486779
216 0.484778
217 0.48506
218 0.486904
219 0.488922
220 0.49057
221 0.490938
222 0.492609
223 0.493685
224 0.492904
225 0.495441
226 0.496215
227 0.496476
228 0.498034
229 0.499805
230 0.502932
231 0.505579
232 0.505431
233 0.507353
234 0.508863
235 0.510137
236 0.515176
237 0.519173
238 0.520897
239 0.522412
240 0.524247
241 0.524824
242 0.5276
243 0.529274
244 0.53122
245 0.533205
246 0.533163
247 0.534727
248 0.537066
249 0.535005
250 0.54024
251 0.540877
252 0.545393
253 0.548938
254 0.550311
255 0.550624
256 0.553111
257 0.552684
258 0.553812
259 0.556001
260 0.55764
261 0.557882
262 0.559418
263 0.559222
264 0.559983
265 0.55755
266 0.560911
267 0.560783
268 0.563556
269 0.564517
270 0.566169
271 0.567199
272 0.567761
273 0.570615
274 0.57003
275 0.569651
276 0.570244
277 0.569811
278 0.570761
279 0.570714
280 0.570847
281 0.572897
282 0.574483
283 0.577486
284 0.574953
285 0.574942
286 0.575262
287 0.579507
288 0.582434
289 0.584772
290 0.586156
291 0.588035
292 0.59058
293 0.591398
294 0.593454
295 0.594843
296 0.592771
297 0.593082
298 0.593689
299 0.596041
300 0.593849
301 0.593468
302 0.596037
303 0.596361
304 0.597044
305 0.599144
306 0.600204
307 0.602962
308 0.604892
309 0.605624
310 0.606663
311 0.609127
312 0.611313
313 0.612833
314 0.614619
315 0.615449
316 0.617388
317 0.619231
318 0.62142
319 0.620457
320 0.621886
321 0.622461
322 0.621672
323 0.620073
324 0.621088
325 0.620683
326 0.621685
327 0.6236
328 0.623031
329 0.622616
330 0.625534
331 0.625641
332 0.625612
333 0.626335
334 0.625455
335 0.626129
336 0.62536
337 0.627186
338 0.626991
339 0.628304
340 0.631015
341 0.630339
342 0.632551
343 0.63455
344 0.635725
345 0.636986
346 0.638392
347 0.639637
348 0.638761
349 0.639773
350 0.638709
351 0.639037
352 0.637537
353 0.638287
354 0.638518
355 0.638368
356 0.638002
357 0.638564
358 0.641423
359 0.643059
360 0.643586
361 0.643586
362 0.645298
363 0.647144
364 0.647159
365 0.64927
366 0.649663
367 0.651213
368 0.653337
369 0.65411
370 0.654017
371 0.653393
372 0.654481
373 0.655062
374 0.656857
375 0.659529
376 0.661764
377 0.665485
378 0.666421
379 0.667253
380 0.669291
381 0.668888
382 0.669043
383 0.667518
384 0.669112
385 0.671558
386 0.673294
387 0.674235
388 0.673367
389 0.673663
390 0.672122
391 0.675463
392 0.676068
393 0.677237
394 0.67645
395 0.677532
396 0.677847
397 0.680032
398 0.67973
399 0.68104
400 0.681736
401 0.683697
402 0.684672
403 0.685499
404 0.687165
405 0.687172
406 0.68943
407 0.690758
408 0.690476
409 0.693304
410 0.693403
411 0.693829
412 0.694272
413 0.695099
414 0.697302
415 0.698741
416 0.700062
417 0.69906
418 0.697772
419 0.696758
420 0.695602
421 0.696988
422 0.69802
423 0.698531
424 0.698473
425 0.699033
426 0.701064
427 0.701769
428 0.700983
429 0.701437
430 0.701085
431 0.701557
432 0.703634
433 0.704667
434 0.706094
435 0.707049
436 0.707674
437 0.707019
438 0.704859
439 0.704568
440 0.707302
441 0.708824
442 0.710387
443 0.710644
444 0.710773
445 0.709201
446 0.709421
447 0.709636
448 0.70786
449 0.705716
450 0.707634
451 0.708725
452 0.708104
453 0.707344
454 0.706903
455 0.707804
456 0.710401
457 0.709675
458 0.712524
459 0.711655
460 0.709904
461 0.71098
462 0.709606
463 0.709698
464 0.712094
465 0.711771
466 0.713486
467 0.713763
468 0.712856
469 0.714715
470 0.717537
471 0.719776
472 0.7217
473 0.721313
474 0.721405
475 0.720593
476 0.721481
477 0.721618
478 0.722016
479 0.726097
480 0.725904
481 0.726254
482 0.725851
483 0.726479
484 0.72845
485 0.727187
486 0.724423
487 0.724281
488 0.724509
489 0.72298
490 0.723591
491 0.721584
492 0.722047
493 0.723021
494 0.723935
495 0.725197
496 0.725117
497 0.725387
498 0.725412
499 0.725508
500 0.725237
501 0.726245
502 0.726288
503 0.727736
504 0.729393
505 0.729142
506 0.728853
507 0.730159
508 0.732086
509 0.733601
510 0.734226
511 0.732177
512 0.731406
513 0.728779
514 0.730854
515 0.733895
516 0.734276
517 0.733216
518 0.73251
519 0.731671
520 0.731943
521 0.734326
522 0.734493
523 0.733013
524 0.735542
525 0.736589
526 0.738216
527 0.737891
528 0.738105
529 0.735334
530 0.734175
531 0.734106
532 0.733739
533 0.733981
534 0.734806
535 0.734135
536 0.731096
537 0.735422
538 0.734483
539 0.735273
540 0.736385
541 0.737518
542 0.736389
543 0.737327
544 0.738049
545 0.739292
546 0.74045
547 0.740936
548 0.741758
549 0.74238
550 0.741404
551 0.743037
552 0.746323
553 0.74594
554 0.744364
555 0.744861
556 0.743874
557 0.743472
558 0.743427
559 0.743936
560 0.74255
561 0.742901
562 0.744907
563 0.742951
564 0.744018
565 0.744664
566 0.745267
567 0.743212
568 0.742326
569 0.744135
570 0.743908
571 0.743722
572 0.743072
573 0.742036
574 0.742056
575 0.741694
576 0.7408
577 0.740376
578 0.741252
579 0.74219
580 0.744362
581 0.7434
582 0.742798
583 0.742216
584 0.741084
585 0.741112
586 0.740882
587 0.740073
588 0.738976
589 0.738898
590 0.737469
591 0.736348
592 0.735097
593 0.735181
594 0.736643
595 0.737419
596 0.737175
597 0.73632
598 0.736345
599 0.73911
600 0.739946
601 0.741122
602 0.741329
603 0.742583
604 0.743311
605 0.744671
606 0.741446
607 0.741028
608 0.743866
609 0.744292
610 0.743686
611 0.744545
612 0.745077
613 0.74489
614 0.746222
615 0.74375
616 0.743521
617 0.743314
618 0.744843
619 0.744681
620 0.74469
621 0.74618
622 0.7447
623 0.744837
624 0.745302
625 0.744503
626 0.744805
627 0.745231
628 0.743431
629 0.74384
630 0.743763
631 0.743442
632 0.744219
633 0.745474
634 0.744692
635 0.745602
636 0.746507
637 0.744834
638 0.744291
639 0.746464
640 0.747472
641 0.748546
642 0.748828
643 0.748434
644 0.748482
645 0.748141
646 0.746285
647 0.746093
648 0.746132
649 0.748352
650 0.749428
651 0.749324
652 0.749509
653 0.751933
654 0.752092
655 0.75236
656 0.751257
657 0.751801
658 0.753774
659 0.753909
660 0.754038
661 0.755835
662 0.755452
663 0.754532
664 0.751768
665 0.751314
666 0.751249
667 0.751949
668 0.750752
669 0.75186
670 0.752785
671 0.752856
672 0.75294
673 0.753729
674 0.755503
675 0.755249
676 0.755193
677 0.755436
678 0.755983
679 0.756283
680 0.756161
681 0.755538
682 0.757425
683 0.757423
684 0.757922
685 0.755811
686 0.75812
687 0.759783
688 0.759361
689 0.759122
690 0.759038
691 0.759314
692 0.759079
693 0.758005
694 0.758641
695 0.759991
696 0.758838
697 0.759374
698 0.760227
699 0.757712
700 0.758343
701 0.758061
702 0.759252
703 0.761254
704 0.762643
705 0.761741
706 0.761174
707 0.76188
708 0.763327
709 0.761705
710 0.762081
711 0.761429
712 0.762386
713 0.760252
714 0.760834
715 0.760739
716 0.760311
717 0.760014
718 0.759243
719 0.759331
720 0.758405
721 0.759441
722 0.759595
723 0.760568
724 0.761854
725 0.762475
726 0.761287
727 0.762815
728 0.763694
729 0.764182
730 0.764332
731 0.7614
732 0.761006
733 0.762238
734 0.760184
735 0.761184
736 0.75979
737 0.759287
738 0.761187
739 0.763156
740 0.763061
741 0.764573
742 0.763842
743 0.763156
744 0.763802
745 0.763631
746 0.761954
747 0.761291
748 0.761508
749 0.761529
750 0.761539
751 0.762931
752 0.761399
753 0.761806
754 0.762352
755 0.762251
756 0.764233
757 0.764372
758 0.765215
759 0.764799
760 0.76717
761 0.767591
762 0.767609
763 0.767555
764 0.769571
765 0.768647
766 0.767202
767 0.767317
768 0.767329
769 0.765941
770 0.764393
771 0.764944
772 0.764661
773 0.76422
774 0.764107
775 0.764966
776 0.764855
777 0.763848
778 0.763864
779 0.765441
780 0.766954
781 0.768128
782 0.767394
783 0.768958
784 0.769706
785 0.768777
786 0.769034
787 0.769793
788 0.770106
789 0.76794
790 0.769276
791 0.770449
792 0.769761
793 0.77234
794 0.77373
795 0.77164
796 0.770527
797 0.771543
798 0.772003
799 0.769795
800 0.768903
801 0.766919
802 0.766513
803 0.76564
804 0.766349
805 0.76664
806 0.766238
807 0.768292
808 0.768639
809 0.768961
810 0.768819
811 0.769236
812 0.770344
813 0.768647
814 0.769246
815 0.768121
816 0.766813
817 0.765294
818 0.764521
819 0.763142
820 0.762976
821 0.763775
822 0.76504
823 0.765791
824 0.764413
825 0.763281
826 0.762884
827 0.763194
828 0.763336
829 0.764303
830 0.763555
831 0.763659
832 0.762624
833 0.762266
834 0.761845
835 0.761984
836 0.761097
837 0.761107
838 0.759824
839 0.760281
840 0.760042
841 0.759898
842 0.761519
843 0.759954
844 0.759404
845 0.758234
846 0.75788
847 0.7575
848 0.756814
849 0.756471
850 0.756466
851 0.757084
852 0.754904
853 0.754458
854 0.753059
855 0.754563
856 0.754512
857 0.753571
858 0.755417
859 0.757029
860 0.75786
861 0.756596
862 0.757343
863 0.756037
864 0.756633
865 0.755848
866 0.755282
867 0.753015
868 0.754087
869 0.754972
870 0.75467
871 0.754641
872 0.756109
873 0.757536
874 0.755376
875 0.757041
876 0.75695
877 0.756591
878 0.755308
879 0.755255
880 0.754551
881 0.75587
882 0.755775
883 0.758079
884 0.759362
885 0.758955
886 0.760139
887 0.760036
888 0.75762
889 0.757648
890 0.758017
891 0.758562
892 0.758266
893 0.758741
894 0.75898
895 0.75897
896 0.759441
897 0.760628
898 0.760931
899 0.763941
900 0.766045
901 0.765642
902 0.765451
903 0.763937
904 0.763521
905 0.763916
906 0.763353
907 0.764597
908 0.763638
909 0.763536
910 0.764259
911 0.76266
912 0.762078
913 0.762074
914 0.764097
915 0.763988
916 0.765392
917 0.765333
918 0.766849
919 0.765543
920 0.767255
921 0.768281
922 0.767385
923 0.768687
924 0.767829
925 0.769435
926 0.771064
927 0.771258
928 0.770494
929 0.771135
930 0.771212
931 0.77016
932 0.769393
933 0.770511
934 0.7721
935 0.772294
936 0.772213
937 0.770569
938 0.77133
939 0.773608
940 0.772924
941 0.772444
942 0.771882
943 0.771889
944 0.772438
945 0.773214
946 0.775362
947 0.775894
948 0.776089
949 0.775916
950 0.776821
951 0.777822
952 0.777827
953 0.77888
954 0.77988
955 0.781397
956 0.780698
957 0.780961
958 0.779845
959 0.781466
960 0.781086
961 0.780671
962 0.779389
963 0.778274
964 0.776643
965 0.776647
966 0.777128
967 0.778147
968 0.778429
969 0.779789
970 0.780358
971 0.778518
972 0.779213
973 0.778156
974 0.776051
975 0.775918
976 0.777796
977 0.777795
978 0.777708
979 0.778288
980 0.778156
981 0.77824
982 0.778577
983 0.779869
984 0.780969
985 0.779772
986 0.778712
987 0.779019
988 0.779043
989 0.779116
990 0.778978
991 0.778798
992 0.779639
993 0.780109
994 0.779551
995 0.778744
996 0.778602
997 0.779999
998 0.780353
999 0.781392
1000 0.782403
1000 0.782403
