# Iteration MagnetizationX 
1 0.00724466
2 0.00948115
3 0.0108092
4 0.0114965
5 0.0134275
6 0.0129853
7 0.0117178
8 0.0122498
9 0.0156986
10 0.0196467
11 0.0222715
12 0.0240394
13 0.0282614
14 0.0280049
15 0.0288595
16 0.0288346
17 0.0269734
18 0.02636
19 0.027453
20 0.0253772
21 0.028818
22 0.0273404
23 0.0297697
24 0.0304708
25 0.0327366
26 0.0341534
27 0.0370748
28 0.0357574
29 0.0390375
30 0.0400017
31 0.0436723
32 0.0454256
33 0.0477221
34 0.049616
35 0.0484514
36 0.0494488
37 0.0519424
38 0.0521534
39 0.0524844
40 0.0544869
41 0.0546545
42 0.0541343
43 0.0569842
44 0.0607246
45 0.0587201
46 0.0598754
47 0.0650271
48 0.0658521
49 0.0708886
50 0.0713883
51 0.0758761
52 0.0775232
53 0.0808735
54 0.0838705
55 0.0868461
56 0.0894984
57 0.0940608
58 0.0971205
59 0.103238
60 0.103686
61 0.103257
62 0.103786
63 0.105419
64 0.10836
65 0.110765
66 0.113726
67 0.115017
68 0.117158
69 0.117208
70 0.119583
71 0.115681
72 0.117477
73 0.116673
74 0.118906
75 0.120833
76 0.119891
77 0.118498
78 0.121317
79 0.121318
80 0.123535
81 0.125489
82 0.126004
83 0.131411
84 0.135171
85 0.132203
86 0.132603
87 0.136083
88 0.137255
89 0.141122
90 0.145213
91 0.145687
92 0.147676
93 0.150449
94 0.155364
95 0.161167
96 0.160304
97 0.160546
98 0.161943
99 0.161763
100 0.165799
101 0.168592
102 0.168891
103 0.170084
104 0.172134
105 0.171121
106 0.171198
107 0.169576
108 0.169518
109 0.171076
110 0.172736
111 0.17544
112 0.174343
113 0.177267
114 0.175343
115 0.172708
116 0.178083
117 0.176011
118 0.17448
119 0.172216
120 0.171399
121 0.165536
122 0.165079
123 0.163434
124 0.162927
125 0.161626
126 0.16149
127 0.166716
128 0.16943
129 0.170311
130 0.172748
131 0.177814
132 0.179037
133 0.1778
134 0.180623
135 0.179835
136 0.180673
137 0.184314
138 0.181655
139 0.177924
140 0.176658
141 0.176064
142 0.174804
143 0.178622
144 0.179711
145 0.181475
146 0.183085
147 0.180344
148 0.182902
149 0.186686
150 0.186254
151 0.185475
152 0.187528
153 0.188243
154 0.194373
155 0.197362
156 0.195794
157 0.195214
158 0.19698
159 0.198008
160 0.20015
161 0.202725
162 0.200646
163 0.200941
164 0.199821
165 0.202929
166 0.202475
167 0.199123
168 0.203615
169 0.202195
170 0.203893
171 0.202267
172 0.202443
173 0.201671
174 0.205182
175 0.205653
176 0.205303
177 0.205843
178 0.208178
179 0.208609
180 0.210345
181 0.213461
182 0.213312
183 0.212635
184 0.212386
185 0.208423
186 0.209167
187 0.211183
188 0.21214
189 0.213034
190 0.214607
191 0.216796
192 0.218544
193 0.221696
194 0.223809
195 0.22209
196 0.222434
197 0.22503
198 0.22868
199 0.228198
200 0.228305
201 0.226563
202 0.226319
203 0.228056
204 0.230258
205 0.232783
206 0.232419
207 0.232811
208 0.235169
209 0.237537
210 0.236956
211 0.237442
212 0.237158
213 0.237263
214 0.23846
215 0.241639
216 0.239715
217 0.243009
218 0.243836
219 0.246069
220 0.245032
221 0.247124
222 0.249769
223 0.248959
224 0.251042
225 0.253789
226 0.257381
227 0.256213
228 0.253252
229 0.254941
230 0.253853
231 0.2526
232 0.255138
233 0.25742
234 0.257551
235 0.25784
236 0.260303
237 0.262596
238 0.264258
239 0.264351
240 0.265777
241 0.265182
242 0.264347
243 0.265859
244 0.262983
245 0.261967
246 0.263322
247 0.260685
248 0.264769
249 0.266685
250 0.271154
251 0.27453
252 0.278083
253 0.276638
254 0.27779
255 0.28015
256 0.282532
257 0.279037
258 0.280223
259 0.279478
260 0.282169
261 0.28456
262 0.282345
263 0.284085
264 0.286171
265 0.28848
266 0.286073
267 0.282803
268 0.280491
269 0.280281
270 0.281609
271 0.282531
272 0.281889
273 0.28386
274 0.283315
275 0.284493
276 0.284286
277 0.285406
278 0.288143
279 0.287793
280 0.286869
281 0.28967
282 0.292198
283 0.293626
284 0.294122
285 0.295367
286 0.295707
287 0.295329
288 0.294177
289 0.292403
290 0.293448
291 0.295854
292 0.295583
293 0.294573
294 0.294535
295 0.297659
296 0.298165
297 0.298704
298 0.302906
299 0.305024
300 0.305592
301 0.307138
302 0.30776
303 0.309237
304 0.313197
305 0.313612
306 0.314737
307 0.317853
308 0.314946
309 0.317768
310 0.316631
311 0.316989
312 0.319327
313 0.317446
314 0.32044
315 0.320412
316 0.324937
317 0.326357
318 0.322849
319 0.324557
320 0.326432
321 0.327837
322 0.330876
323 0.331852
324 0.332156
325 0.333702
326 0.336953
327 0.335232
328 0.333433
329 0.332629
330 0.335518
331 0.337319
332 0.341523
333 0.345404
334 0.348246
335 0.349415
336 0.351055
337 0.351127
338 0.353853
339 0.351971
340 0.353725
341 0.354439
342 0.354701
343 0.35596
344 0.357125
345 0.360178
346 0.358901
347 0.360098
348 0.361384
349 0.358383
350 0.357726
351 0.361897
352 0.362865
353 0.363169
354 0.364597
355 0.364986
356 0.369265
357 0.370865
358 0.37029
359 0.370359
360 0.368126
361 0.367975
362 0.372264
363 0.373011
364 0.376325
365 0.377204
366 0.374185
367 0.373543
368 0.373597
369 0.371108
370 0.372616
371 0.370898
372 0.368138
373 0.366624
374 0.370407
375 0.371909
376 0.370927
377 0.370683
378 0.373119
379 0.373273
380 0.375611
381 0.377131
382 0.375292
383 0.375132
384 0.377417
385 0.37705
386 0.374689
387 0.373745
388 0.373248
389 0.373991
390 0.375809
391 0.375251
392 0.375052
393 0.373802
394 0.374045
395 0.380093
396 0.380766
397 0.3825
398 0.382964
399 0.385769
400 0.385435
401 0.381997
402 0.383488
403 0.386387
404 0.390359
405 0.393689
406 0.392685
407 0.393158
408 0.390888
409 0.389854
410 0.393599
411 0.393356
412 0.394228
413 0.393521
414 0.391516
415 0.393698
416 0.392897
417 0.394844
418 0.396435
419 0.396665
420 0.401069
421 0.399124
422 0.399913
423 0.396905
424 0.395974
425 0.397189
426 0.397811
427 0.396518
428 0.398872
429 0.400175
430 0.399294
431 0.404014
432 0.400068
433 0.399776
434 0.399493
435 0.399588
436 0.395761
437 0.396673
438 0.400413
439 0.402404
440 0.402916
441 0.402224
442 0.402117
443 0.404171
444 0.40389
445 0.405115
446 0.406269
447 0.408834
448 0.408129
449 0.410078
450 0.411192
451 0.412844
452 0.414473
453 0.413826
454 0.417383
455 0.415837
456 0.413365
457 0.409201
458 0.409665
459 0.408036
460 0.40623
461 0.406183
462 0.40832
463 0.408394
464 0.412113
465 0.413421
466 0.410612
467 0.409974
468 0.409811
469 0.407496
470 0.408562
471 0.403027
472 0.402682
473 0.400138
474 0.399737
475 0.398782
476 0.403463
477 0.403519
478 0.40335
479 0.404822
480 0.409168
481 0.409399
482 0.407692
483 0.410765
484 0.413059
485 0.415944
486 0.414581
487 0.416345
488 0.415952
489 0.414855
490 0.415359
491 0.413813
492 0.414475
493 0.412272
494 0.413192
495 0.415127
496 0.415986
497 0.415043
498 0.413867
499 0.413836
500 0.414276
501 0.413964
502 0.414428
503 0.41379
504 0.414386
505 0.415522
506 0.413165
507 0.414138
508 0.416401
509 0.419916
510 0.417964
511 0.416638
512 0.415998
513 0.413948
514 0.415906
515 0.415212
516 0.415315
517 0.417268
518 0.41869
519 0.420011
520 0.417065
521 0.418087
522 0.419706
523 0.420457
524 0.421062
525 0.426038
526 0.426733
527 0.428149
528 0.430698
529 0.433955
530 0.433715
531 0.433114
532 0.431461
533 0.430353
534 0.430034
535 0.430143
536 0.429929
537 0.430699
538 0.433979
539 0.43366
540 0.432978
541 0.434104
542 0.436208
543 0.435258
544 0.436834
545 0.436892
546 0.435376
547 0.436505
548 0.439862
549 0.438203
550 0.437683
551 0.438527
552 0.436421
553 0.432641
554 0.429308
555 0.43063
556 0.434063
557 0.433883
558 0.432391
559 0.436598
560 0.43704
561 0.436747
562 0.43688
563 0.439137
564 0.43759
565 0.437889
566 0.436779
567 0.435525
568 0.43748
569 0.437607
570 0.436704
571 0.440701
572 0.443234
573 0.442714
574 0.444351
575 0.445635
576 0.446174
577 0.44247
578 0.447004
579 0.446894
580 0.446495
581 0.448359
582 0.446858
583 0.446182
584 0.442817
585 0.439768
586 0.441824
587 0.445701
588 0.445575
589 0.447099
590 0.444616
591 0.446496
592 0.446451
593 0.451068
594 0.446533
595 0.44549
596 0.444604
597 0.445431
598 0.447567
599 0.445842
600 0.448066
601 0.448301
602 0.450127
603 0.448776
604 0.448649
605 0.448654
606 0.45165
607 0.453853
608 0.453305
609 0.451915
610 0.449988
611 0.44891
612 0.446799
613 0.446482
614 0.444003
615 0.441329
616 0.441374
617 0.4423
618 0.443251
619 0.441951
620 0.443252
621 0.442853
622 0.444233
623 0.445815
624 0.45077
625 0.448482
626 0.445946
627 0.444326
628 0.44267
629 0.441215
630 0.442206
631 0.442423
632 0.442269
633 0.442272
634 0.442839
635 0.442856
636 0.445127
637 0.44667
638 0.446005
639 0.445709
640 0.44157
641 0.441479
642 0.441016
643 0.444521
644 0.44455
645 0.44559
646 0.448293
647 0.450922
648 0.449765
649 0.450813
650 0.450691
651 0.450164
652 0.449592
653 0.448864
654 0.450632
655 0.453242
656 0.453249
657 0.453901
658 0.455455
659 0.454894
660 0.456472
661 0.453937
662 0.454817
663 0.454809
664 0.454308
665 0.455268
666 0.459661
667 0.461558
668 0.45928
669 0.460676
670 0.461677
671 0.461285
672 0.459769
673 0.459276
674 0.460836
675 0.460451
676 0.45939
677 0.46191
678 0.45942
679 0.461595
680 0.466557
681 0.467221
682 0.468754
683 0.468934
684 0.466559
685 0.466488
686 0.466894
687 0.464101
688 0.463686
689 0.465039
690 0.463561
691 0.463606
692 0.460401
693 0.462403
694 0.461704
695 0.460732
696 0.461884
697 0.462383
698 0.464681
699 0.46782
700 0.468342
701 0.469898
702 0.471409
703 0.4721
704 0.473931
705 0.476392
706 0.473957
707 0.471234
708 0.471421
709 0.471009
710 0.469601
711 0.469024
712 0.471618
713 0.473357
714 0.470142
715 0.466664
716 0.465114
717 0.462934
718 0.463816
719 0.460906
720 0.46266
721 0.463563
722 0.466073
723 0.463188
724 0.463932
725 0.465398
726 0.46635
727 0.466192
728 0.463689
729 0.466083
730 0.463163
731 0.458856
732 0.457733
733 0.456019
734 0.457917
735 0.455979
736 0.455652
737 0.452382
738 0.450806
739 0.451199
740 0.44969
741 0.45342
742 0.455732
743 0.458815
744 0.45834
745 0.461109
746 0.464462
747 0.467367
748 0.46667
749 0.465996
750 0.464859
751 0.464976
752 0.459385
753 0.456593
754 0.456363
755 0.45297
756 0.455431
757 0.454566
758 0.455892
759 0.455509
760 0.454746
761 0.456183
762 0.455462
763 0.459859
764 0.455871
765 0.45475
766 0.455708
767 0.457033
768 0.456284
769 0.456499
770 0.459004
771 0.457594
772 0.453977
773 0.454548
774 0.453612
775 0.448496
776 0.445609
777 0.446781
778 0.447135
779 0.44604
780 0.446217
781 0.448515
782 0.446941
783 0.448642
784 0.446692
785 0.446134
786 0.443196
787 0.44511
788 0.446744
789 0.450356
790 0.452171
791 0.450755
792 0.450933
793 0.451218
794 0.450531
795 0.446355
796 0.447994
797 0.445862
798 0.444906
799 0.447845
800 0.447604
801 0.446848
802 0.448724
803 0.446983
804 0.448692
805 0.451316
806 0.448679
807 0.448344
808 0.449704
809 0.444784
810 0.445121
811 0.445862
812 0.444389
813 0.446125
814 0.44817
815 0.447283
816 0.447056
817 0.449324
818 0.447771
819 0.448171
820 0.446274
821 0.446737
822 0.443962
823 0.445279
824 0.443694
825 0.443323
826 0.44715
827 0.447402
828 0.450636
829 0.44875
830 0.45035
831 0.451005
832 0.450167
833 0.449521
834 0.451084
835 0.454759
836 0.453377
837 0.453716
838 0.454017
839 0.452997
840 0.450704
841 0.44865
842 0.447653
843 0.443677
844 0.443366
845 0.443877
846 0.446109
847 0.448858
848 0.446277
849 0.445843
850 0.446491
851 0.445038
852 0.441757
853 0.437198
854 0.437145
855 0.438552
856 0.441398
857 0.442702
858 0.443401
859 0.444414
860 0.444323
861 0.44188
862 0.440988
863 0.439567
864 0.441479
865 0.439598
866 0.439857
867 0.439994
868 0.439754
869 0.437377
870 0.439476
871 0.441801
872 0.438947
873 0.440496
874 0.444992
875 0.445118
876 0.442969
877 0.443723
878 0.445433
879 0.443832
880 0.445182
881 0.443629
882 0.444805
883 0.44265
884 0.444151
885 0.444555
886 0.440518
887 0.441935
888 0.440208
889 0.437889
890 0.438288
891 0.438165
892 0.436783
893 0.438587
894 0.438703
895 0.439388
896 0.438317
897 0.4385
898 0.438235
899 0.441288
900 0.437054
901 0.439059
902 0.440603
903 0.437594
904 0.437145
905 0.43873
906 0.439449
907 0.436721
908 0.438833
909 0.440368
910 0.440209
911 0.439304
912 0.439028
913 0.440736
914 0.439158
915 0.442833
916 0.44387
917 0.444982
918 0.44974
919 0.450459
920 0.448005
921 0.448542
922 0.448848
923 0.449592
924 0.450687
925 0.452457
926 0.447394
927 0.445561
928 0.448332
929 0.448878
930 0.449341
931 0.447537
932 0.449564
933 0.448898
934 0.451148
935 0.4503
936 0.449668
937 0.450452
938 0.446643
939 0.448866
940 0.447948
941 0.447679
942 0.450409
943 0.449825
944 0.450128
945 0.449786
946 0.449049
947 0.447396
948 0.444898
949 0.446098
950 0.442211
951 0.443168
952 0.446229
953 0.447449
954 0.448876
955 0.448603
956 0.447755
957 0.449194
958 0.449527
959 0.450434
960 0.448479
961 0.451701
962 0.453526
963 0.455354
964 0.458361
965 0.459974
966 0.458385
967 0.459308
968 0.461852
969 0.462408
970 0.463463
971 0.46276
972 0.461309
973 0.459493
974 0.460825
975 0.461566
976 0.460379
977 0.459059
978 0.459989
979 0.461456
980 0.461018
981 0.461477
982 0.460767
983 0.462471
984 0.463945
985 0.462466
986 0.463156
987 0.464681
988 0.463718
989 0.463518
990 0.463525
991 0.466749
992 0.466539
993 0.468423
994 0.468857
995 0.46799
996 0.46701
997 0.464359
998 0.466072
999 0.466083
1000 0.469859
1000 0.469859
