# Iteration MagnetizationX 
1 0.00310713
2 0.00458037
3 0.00614669
4 0.00782427
5 0.0095526
6 0.0113678
7 0.0132938
8 0.0153181
9 0.0174549
10 0.0196974
11 0.0220178
12 0.0244331
13 0.0269382
14 0.0295366
15 0.0322358
16 0.0350347
17 0.0378712
18 0.0407534
19 0.0436701
20 0.046561
21 0.0494068
22 0.0522716
23 0.0551055
24 0.0579748
25 0.060893
26 0.063806
27 0.0667011
28 0.0695837
29 0.0724717
30 0.0753034
31 0.0781475
32 0.0809337
33 0.0836736
34 0.0863665
35 0.089004
36 0.0916209
37 0.0942101
38 0.0967651
39 0.0992798
40 0.101759
41 0.104229
42 0.10668
43 0.109097
44 0.111478
45 0.113828
46 0.116176
47 0.11851
48 0.120815
49 0.123103
50 0.125383
51 0.12765
52 0.129904
53 0.132136
54 0.134343
55 0.136534
56 0.138721
57 0.140904
58 0.143081
59 0.145239
60 0.147387
61 0.149527
62 0.151664
63 0.153802
64 0.15594
65 0.158073
66 0.160197
67 0.162316
68 0.16443
69 0.166539
70 0.168647
71 0.170747
72 0.172845
73 0.174939
74 0.177023
75 0.179103
76 0.181179
77 0.183251
78 0.185318
79 0.187381
80 0.189436
81 0.191487
82 0.193527
83 0.195562
84 0.197592
85 0.199621
86 0.201642
87 0.203653
88 0.205652
89 0.207645
90 0.209633
91 0.211616
92 0.213589
93 0.215558
94 0.217522
95 0.21948
96 0.221432
97 0.223379
98 0.225321
99 0.227256
100 0.229185
101 0.231106
102 0.233022
103 0.234932
104 0.236832
105 0.238727
106 0.240614
107 0.242496
108 0.244369
109 0.246235
110 0.24809
111 0.249934
112 0.25177
113 0.253598
114 0.255418
115 0.25723
116 0.259034
117 0.260831
118 0.262616
119 0.26439
120 0.266157
121 0.267916
122 0.269667
123 0.27141
124 0.273147
125 0.274875
126 0.276597
127 0.278312
128 0.28002
129 0.281722
130 0.283417
131 0.285106
132 0.286789
133 0.288466
134 0.290137
135 0.291805
136 0.293468
137 0.295126
138 0.296779
139 0.298427
140 0.30007
141 0.301709
142 0.303343
143 0.304971
144 0.306591
145 0.308206
146 0.309816
147 0.311422
148 0.313023
149 0.314619
150 0.31621
151 0.317797
152 0.319378
153 0.320956
154 0.322529
155 0.324097
156 0.325661
157 0.32722
158 0.328775
159 0.330324
160 0.33187
161 0.33341
162 0.334944
163 0.336472
164 0.337995
165 0.339512
166 0.341025
167 0.342533
168 0.344036
169 0.345533
170 0.347027
171 0.348515
172 0.349998
173 0.351477
174 0.352951
175 0.354419
176 0.355883
177 0.357342
178 0.358796
179 0.360245
180 0.36169
181 0.36313
182 0.364565
183 0.365996
184 0.367423
185 0.368846
186 0.370265
187 0.371679
188 0.373091
189 0.374499
190 0.375904
191 0.377305
192 0.378703
193 0.380097
194 0.381488
195 0.382877
196 0.384262
197 0.385645
198 0.387025
199 0.388403
200 0.389778
201 0.391151
202 0.392522
203 0.393891
204 0.395257
205 0.396622
206 0.397985
207 0.399346
208 0.400706
209 0.402064
210 0.40342
211 0.404775
212 0.406128
213 0.407481
214 0.408832
215 0.410181
216 0.41153
217 0.412877
218 0.414224
219 0.415569
220 0.416914
221 0.418257
222 0.4196
223 0.420942
224 0.422284
225 0.423625
226 0.424965
227 0.426304
228 0.427644
229 0.428982
230 0.43032
231 0.431658
232 0.432996
233 0.434333
234 0.435669
235 0.437006
236 0.438342
237 0.439678
238 0.441013
239 0.442349
240 0.443684
241 0.445019
242 0.446353
243 0.447688
244 0.449022
245 0.450356
246 0.45169
247 0.453024
248 0.454357
249 0.455691
250 0.457024
251 0.458357
252 0.45969
253 0.461022
254 0.462355
255 0.463687
256 0.465018
257 0.46635
258 0.467681
259 0.469011
260 0.470341
261 0.471671
262 0.473
263 0.474329
264 0.475656
265 0.476984
266 0.47831
267 0.479636
268 0.480961
269 0.482283
270 0.483604
271 0.484924
272 0.486243
273 0.48756
274 0.488876
275 0.49019
276 0.491504
277 0.492815
278 0.494125
279 0.495436
280 0.496746
281 0.498055
282 0.499363
283 0.500668
284 0.501972
285 0.503273
286 0.504573
287 0.505871
288 0.507167
289 0.508462
290 0.509754
291 0.511044
292 0.512332
293 0.513618
294 0.514903
295 0.516185
296 0.517466
297 0.518744
298 0.520021
299 0.521296
300 0.522569
301 0.52384
302 0.525109
303 0.526377
304 0.527642
305 0.528906
306 0.530168
307 0.531427
308 0.532684
309 0.533939
310 0.535192
311 0.536444
312 0.537693
313 0.538941
314 0.540186
315 0.54143
316 0.542672
317 0.543912
318 0.54515
319 0.546386
320 0.547621
321 0.548854
322 0.550084
323 0.551313
324 0.552541
325 0.553766
326 0.55499
327 0.556212
328 0.557432
329 0.55865
330 0.559867
331 0.561082
332 0.562295
333 0.563507
334 0.564717
335 0.565925
336 0.567132
337 0.568337
338 0.56954
339 0.570742
340 0.571942
341 0.573141
342 0.574338
343 0.575533
344 0.576727
345 0.577919
346 0.57911
347 0.580299
348 0.581487
349 0.582673
350 0.583857
351 0.58504
352 0.586222
353 0.587402
354 0.588581
355 0.589757
356 0.590933
357 0.592107
358 0.593279
359 0.59445
360 0.59562
361 0.596788
362 0.597954
363 0.599119
364 0.600282
365 0.601444
366 0.602605
367 0.603764
368 0.604921
369 0.606077
370 0.607231
371 0.608384
372 0.609535
373 0.610685
374 0.611833
375 0.61298
376 0.614125
377 0.615269
378 0.616411
379 0.617552
380 0.618691
381 0.619828
382 0.620963
383 0.622097
384 0.623229
385 0.624359
386 0.625487
387 0.626614
388 0.62774
389 0.628863
390 0.629985
391 0.631105
392 0.632224
393 0.633341
394 0.634456
395 0.635569
396 0.636681
397 0.63779
398 0.638899
399 0.640005
400 0.641109
401 0.642212
402 0.643313
403 0.644412
404 0.645509
405 0.646605
406 0.647698
407 0.64879
408 0.64988
409 0.650968
410 0.652054
411 0.653139
412 0.654221
413 0.655302
414 0.656381
415 0.657458
416 0.658533
417 0.659606
418 0.660677
419 0.661746
420 0.662813
421 0.663879
422 0.664943
423 0.666004
424 0.667064
425 0.668122
426 0.669178
427 0.670232
428 0.671284
429 0.672334
430 0.673383
431 0.674429
432 0.675473
433 0.676516
434 0.677557
435 0.678595
436 0.679632
437 0.680667
438 0.681699
439 0.68273
440 0.683759
441 0.684786
442 0.685811
443 0.686833
444 0.687854
445 0.688872
446 0.689889
447 0.690903
448 0.691915
449 0.692925
450 0.693933
451 0.694939
452 0.695942
453 0.696943
454 0.697942
455 0.698938
456 0.699932
457 0.700924
458 0.701913
459 0.7029
460 0.703884
461 0.704866
462 0.705846
463 0.706823
464 0.707798
465 0.70877
466 0.709739
467 0.710706
468 0.711671
469 0.712633
470 0.713592
471 0.714549
472 0.715503
473 0.716455
474 0.717404
475 0.71835
476 0.719294
477 0.720236
478 0.721175
479 0.722111
480 0.723044
481 0.723975
482 0.724904
483 0.725829
484 0.726752
485 0.727673
486 0.728591
487 0.729506
488 0.730418
489 0.731327
490 0.732234
491 0.733138
492 0.734039
493 0.734938
494 0.735833
495 0.736726
496 0.737616
497 0.738502
498 0.739386
499 0.740267
500 0.741145
501 0.74202
502 0.742892
503 0.74376
504 0.744626
505 0.745488
506 0.746348
507 0.747204
508 0.748057
509 0.748908
510 0.749755
511 0.750599
512 0.751439
513 0.752277
514 0.753112
515 0.753943
516 0.754772
517 0.755597
518 0.756419
519 0.757238
520 0.758054
521 0.758868
522 0.759678
523 0.760485
524 0.761289
525 0.76209
526 0.762888
527 0.763683
528 0.764475
529 0.765265
530 0.766051
531 0.766834
532 0.767615
533 0.768393
534 0.769168
535 0.769939
536 0.770709
537 0.771475
538 0.772238
539 0.772999
540 0.773757
541 0.774512
542 0.775264
543 0.776014
544 0.776761
545 0.777505
546 0.778246
547 0.778985
548 0.779721
549 0.780454
550 0.781185
551 0.781913
552 0.782638
553 0.783361
554 0.784081
555 0.784799
556 0.785514
557 0.786226
558 0.786936
559 0.787643
560 0.788347
561 0.789049
562 0.789749
563 0.790446
564 0.79114
565 0.791832
566 0.792522
567 0.793209
568 0.793893
569 0.794575
570 0.795255
571 0.795932
572 0.796606
573 0.797279
574 0.797948
575 0.798616
576 0.799281
577 0.799944
578 0.800604
579 0.801262
580 0.801917
581 0.802571
582 0.803221
583 0.80387
584 0.804516
585 0.80516
586 0.805802
587 0.806441
588 0.807078
589 0.807713
590 0.808345
591 0.808975
592 0.809603
593 0.810229
594 0.810853
595 0.811474
596 0.812093
597 0.81271
598 0.813325
599 0.813937
600 0.814547
601 0.815155
602 0.815761
603 0.816365
604 0.816967
605 0.817566
606 0.818164
607 0.818759
608 0.819352
609 0.819943
610 0.820532
611 0.821119
612 0.821704
613 0.822287
614 0.822868
615 0.823446
616 0.824023
617 0.824597
618 0.82517
619 0.82574
620 0.826309
621 0.826875
622 0.82744
623 0.828002
624 0.828563
625 0.829121
626 0.829678
627 0.830233
628 0.830785
629 0.831336
630 0.831885
631 0.832431
632 0.832976
633 0.833519
634 0.83406
635 0.8346
636 0.835137
637 0.835672
638 0.836206
639 0.836737
640 0.837267
641 0.837795
642 0.838321
643 0.838845
644 0.839368
645 0.839888
646 0.840407
647 0.840924
648 0.841439
649 0.841953
650 0.842464
651 0.842974
652 0.843482
653 0.843988
654 0.844492
655 0.844995
656 0.845496
657 0.845995
658 0.846493
659 0.846988
660 0.847482
661 0.847974
662 0.848465
663 0.848954
664 0.849441
665 0.849926
666 0.85041
667 0.850892
668 0.851372
669 0.851851
670 0.852328
671 0.852803
672 0.853277
673 0.853749
674 0.85422
675 0.854689
676 0.855156
677 0.855621
678 0.856085
679 0.856548
680 0.857008
681 0.857468
682 0.857925
683 0.858381
684 0.858836
685 0.859288
686 0.85974
687 0.860189
688 0.860638
689 0.861084
690 0.861529
691 0.861973
692 0.862415
693 0.862855
694 0.863294
695 0.863732
696 0.864168
697 0.864602
698 0.865035
699 0.865466
700 0.865896
701 0.866325
702 0.866752
703 0.867178
704 0.867602
705 0.868024
706 0.868446
707 0.868865
708 0.869284
709 0.8697
710 0.870116
711 0.87053
712 0.870943
713 0.871354
714 0.871763
715 0.872172
716 0.872579
717 0.872984
718 0.873389
719 0.873791
720 0.874193
721 0.874593
722 0.874992
723 0.875389
724 0.875785
725 0.87618
726 0.876573
727 0.876965
728 0.877356
729 0.877745
730 0.878133
731 0.878519
732 0.878905
733 0.879289
734 0.879671
735 0.880053
736 0.880433
737 0.880812
738 0.881189
739 0.881566
740 0.88194
741 0.882314
742 0.882687
743 0.883058
744 0.883428
745 0.883796
746 0.884164
747 0.88453
748 0.884895
749 0.885258
750 0.885621
751 0.885982
752 0.886342
753 0.886701
754 0.887058
755 0.887415
756 0.88777
757 0.888124
758 0.888477
759 0.888828
760 0.889179
761 0.889528
762 0.889876
763 0.890223
764 0.890568
765 0.890913
766 0.891256
767 0.891598
768 0.89194
769 0.892279
770 0.892618
771 0.892956
772 0.893292
773 0.893628
774 0.893962
775 0.894295
776 0.894627
777 0.894958
778 0.895288
779 0.895616
780 0.895944
781 0.89627
782 0.896596
783 0.89692
784 0.897243
785 0.897565
786 0.897886
787 0.898206
788 0.898525
789 0.898843
790 0.899159
791 0.899475
792 0.89979
793 0.900103
794 0.900416
795 0.900727
796 0.901038
797 0.901347
798 0.901656
799 0.901963
800 0.902269
801 0.902575
802 0.902879
803 0.903182
804 0.903484
805 0.903786
806 0.904086
807 0.904385
808 0.904684
809 0.904981
810 0.905277
811 0.905572
812 0.905867
813 0.90616
814 0.906452
815 0.906744
816 0.907034
817 0.907324
818 0.907612
819 0.9079
820 0.908186
821 0.908472
822 0.908757
823 0.90904
824 0.909323
825 0.909605
826 0.909886
827 0.910166
828 0.910445
829 0.910723
830 0.911001
831 0.911277
832 0.911552
833 0.911827
834 0.9121
835 0.912373
836 0.912645
837 0.912916
838 0.913186
839 0.913455
840 0.913723
841 0.913991
842 0.914257
843 0.914523
844 0.914787
845 0.915051
846 0.915314
847 0.915576
848 0.915837
849 0.916098
850 0.916357
851 0.916616
852 0.916874
853 0.917131
854 0.917387
855 0.917642
856 0.917897
857 0.91815
858 0.918403
859 0.918655
860 0.918906
861 0.919157
862 0.919406
863 0.919655
864 0.919903
865 0.92015
866 0.920396
867 0.920641
868 0.920886
869 0.92113
870 0.921373
871 0.921615
872 0.921857
873 0.922097
874 0.922337
875 0.922576
876 0.922815
877 0.923052
878 0.923289
879 0.923525
880 0.92376
881 0.923995
882 0.924228
883 0.924461
884 0.924693
885 0.924925
886 0.925155
887 0.925385
888 0.925614
889 0.925843
890 0.92607
891 0.926297
892 0.926524
893 0.926749
894 0.926974
895 0.927198
896 0.927421
897 0.927644
898 0.927865
899 0.928086
900 0.928307
901 0.928527
902 0.928745
903 0.928964
904 0.929181
905 0.929398
906 0.929614
907 0.92983
908 0.930044
909 0.930258
910 0.930472
911 0.930684
912 0.930896
913 0.931108
914 0.931318
915 0.931528
916 0.931737
917 0.931946
918 0.932154
919 0.932361
920 0.932568
921 0.932773
922 0.932979
923 0.933183
924 0.933387
925 0.93359
926 0.933793
927 0.933995
928 0.934196
929 0.934397
930 0.934597
931 0.934796
932 0.934995
933 0.935193
934 0.93539
935 0.935587
936 0.935783
937 0.935979
938 0.936174
939 0.936368
940 0.936561
941 0.936754
942 0.936947
943 0.937139
944 0.93733
945 0.93752
946 0.93771
947 0.9379
948 0.938088
949 0.938276
950 0.938464
951 0.938651
952 0.938837
953 0.939023
954 0.939208
955 0.939393
956 0.939576
957 0.93976
958 0.939943
959 0.940125
960 0.940306
961 0.940487
962 0.940668
963 0.940848
964 0.941027
965 0.941206
966 0.941384
967 0.941561
968 0.941738
969 0.941915
970 0.942091
971 0.942266
972 0.942441
973 0.942615
974 0.942789
975 0.942962
976 0.943134
977 0.943306
978 0.943478
979 0.943649
980 0.943819
981 0.943989
982 0.944158
983 0.944327
984 0.944495
985 0.944662
986 0.94483
987 0.944996
988 0.945162
989 0.945328
990 0.945493
991 0.945657
992 0.945821
993 0.945985
994 0.946148
995 0.94631
996 0.946472
997 0.946633
998 0.946794
999 0.946954
1000 0.947114
1000 0.947114
