# Iteration MagnetizationX 
1 0.00276076
2 0.00391031
3 0.00366498
4 0.005992
5 0.00742375
6 0.00818664
7 0.0114474
8 0.0149758
9 0.0160649
10 0.0194912
11 0.0225326
12 0.0247485
13 0.0262283
14 0.0274243
15 0.0289392
16 0.0312921
17 0.0316563
18 0.033266
19 0.0362847
20 0.0366544
21 0.035939
22 0.0389817
23 0.038919
24 0.0386861
25 0.0428289
26 0.0448377
27 0.0485678
28 0.0518715
29 0.0501339
30 0.0518333
31 0.0519473
32 0.0512104
33 0.0556577
34 0.0641036
35 0.0656141
36 0.0668858
37 0.0693392
38 0.0712872
39 0.0720724
40 0.0731508
41 0.0745014
42 0.0758152
43 0.0773072
44 0.0778609
45 0.0784779
46 0.0790821
47 0.0826963
48 0.0847375
49 0.0865893
50 0.0879012
51 0.0895729
52 0.0885166
53 0.0907049
54 0.0952863
55 0.0977629
56 0.098161
57 0.0984079
58 0.100067
59 0.103378
60 0.107508
61 0.107868
62 0.110568
63 0.112234
64 0.112848
65 0.114503
66 0.117109
67 0.118435
68 0.117054
69 0.119805
70 0.122663
71 0.12261
72 0.122151
73 0.123408
74 0.123708
75 0.124332
76 0.124383
77 0.125328
78 0.126603
79 0.126371
80 0.128006
81 0.130097
82 0.129715
83 0.131579
84 0.133497
85 0.132324
86 0.13214
87 0.132461
88 0.136708
89 0.135731
90 0.137136
91 0.138738
92 0.139366
93 0.140999
94 0.140953
95 0.143698
96 0.144448
97 0.1447
98 0.145319
99 0.148802
100 0.15129
101 0.154118
102 0.154075
103 0.15749
104 0.157138
105 0.159971
106 0.160164
107 0.160441
108 0.160984
109 0.161249
110 0.161838
111 0.161452
112 0.160822
113 0.161492
114 0.162549
115 0.166592
116 0.167468
117 0.165557
118 0.167688
119 0.16769
120 0.167664
121 0.169606
122 0.16676
123 0.168484
124 0.167359
125 0.169351
126 0.168776
127 0.171051
128 0.171595
129 0.171103
130 0.169462
131 0.170028
132 0.171932
133 0.170665
134 0.172008
135 0.175186
136 0.176019
137 0.178783
138 0.178984
139 0.178939
140 0.180938
141 0.181646
142 0.185756
143 0.185296
144 0.186656
145 0.188613
146 0.192586
147 0.196633
148 0.195748
149 0.197012
150 0.197602
151 0.200699
152 0.200824
153 0.199368
154 0.20219
155 0.204211
156 0.20407
157 0.206552
158 0.207315
159 0.205773
160 0.205685
161 0.202877
162 0.205338
163 0.208074
164 0.210184
165 0.209177
166 0.209056
167 0.210253
168 0.209452
169 0.210983
170 0.208751
171 0.208042
172 0.209618
173 0.209719
174 0.211808
175 0.212592
176 0.215191
177 0.216683
178 0.217217
179 0.221273
180 0.221351
181 0.22191
182 0.225084
183 0.225646
184 0.226298
185 0.226573
186 0.226351
187 0.227424
188 0.227165
189 0.228901
190 0.228861
191 0.229878
192 0.231915
193 0.234388
194 0.23725
195 0.23963
196 0.240855
197 0.244012
198 0.2468
199 0.24435
200 0.245004
201 0.244554
202 0.247029
203 0.250509
204 0.251324
205 0.253558
206 0.252403
207 0.252178
208 0.254797
209 0.256371
210 0.254004
211 0.256087
212 0.256162
213 0.255819
214 0.256636
215 0.258459
216 0.259487
217 0.259377
218 0.261433
219 0.261294
220 0.263908
221 0.265761
222 0.267105
223 0.268483
224 0.269015
225 0.268159
226 0.267694
227 0.268904
228 0.270671
229 0.272381
230 0.272076
231 0.272164
232 0.272913
233 0.273754
234 0.275236
235 0.274725
236 0.273851
237 0.276929
238 0.280126
239 0.28249
240 0.284125
241 0.285996
242 0.289035
243 0.290818
244 0.29152
245 0.294968
246 0.29687
247 0.298114
248 0.297035
249 0.296476
250 0.29626
251 0.29438
252 0.294866
253 0.298096
254 0.29683
255 0.297553
256 0.298795
257 0.300652
258 0.301136
259 0.305947
260 0.308011
261 0.308223
262 0.308589
263 0.309937
264 0.310806
265 0.312209
266 0.313128
267 0.314944
268 0.315345
269 0.316922
270 0.317807
271 0.318776
272 0.319097
273 0.319611
274 0.320273
275 0.321908
276 0.323033
277 0.324819
278 0.328585
279 0.328303
280 0.329109
281 0.33202
282 0.331468
283 0.330523
284 0.330913
285 0.332056
286 0.334498
287 0.335188
288 0.338415
289 0.339129
290 0.341063
291 0.342166
292 0.343528
293 0.347067
294 0.346943
295 0.346726
296 0.347446
297 0.348099
298 0.347042
299 0.349319
300 0.349895
301 0.349806
302 0.350857
303 0.350761
304 0.352719
305 0.357044
306 0.358772
307 0.359464
308 0.361457
309 0.362886
310 0.361235
311 0.362772
312 0.363119
313 0.364324
314 0.363333
315 0.363384
316 0.364619
317 0.365768
318 0.368077
319 0.369451
320 0.369833
321 0.371044
322 0.373062
323 0.373739
324 0.373891
325 0.375163
326 0.375247
327 0.376239
328 0.376629
329 0.376143
330 0.378739
331 0.377829
332 0.377909
333 0.378698
334 0.38028
335 0.381846
336 0.383269
337 0.383709
338 0.381706
339 0.38315
340 0.383292
341 0.387582
342 0.386199
343 0.387849
344 0.389863
345 0.394039
346 0.3946
347 0.396715
348 0.396942
349 0.399787
350 0.401832
351 0.402257
352 0.40205
353 0.402647
354 0.404546
355 0.406758
356 0.407056
357 0.407439
358 0.406716
359 0.408243
360 0.4087
361 0.409665
362 0.412129
363 0.411623
364 0.410944
365 0.41063
366 0.411881
367 0.412953
368 0.411401
369 0.412645
370 0.414117
371 0.414504
372 0.417765
373 0.416552
374 0.417272
375 0.416868
376 0.41884
377 0.420738
378 0.421414
379 0.422905
380 0.42323
381 0.424319
382 0.42481
383 0.423174
384 0.423635
385 0.42439
386 0.425869
387 0.425129
388 0.425859
389 0.424156
390 0.425176
391 0.425264
392 0.4273
393 0.428612
394 0.428982
395 0.428938
396 0.430599
397 0.431405
398 0.43122
399 0.43094
400 0.43305
401 0.433675
402 0.433056
403 0.434005
404 0.434099
405 0.435301
406 0.434447
407 0.435122
408 0.437309
409 0.436882
410 0.436301
411 0.435521
412 0.434485
413 0.433921
414 0.435094
415 0.437444
416 0.437087
417 0.43851
418 0.440181
419 0.440321
420 0.442741
421 0.441897
422 0.443654
423 0.442852
424 0.443564
425 0.444866
426 0.446224
427 0.446082
428 0.447858
429 0.44732
430 0.449585
431 0.451176
432 0.451809
433 0.452862
434 0.452451
435 0.452355
436 0.452144
437 0.453395
438 0.453014
439 0.4522
440 0.45161
441 0.452178
442 0.453434
443 0.454731
444 0.454647
445 0.452377
446 0.452171
447 0.452487
448 0.451926
449 0.449221
450 0.4489
451 0.44793
452 0.449816
453 0.449249
454 0.449526
455 0.451029
456 0.451811
457 0.453371
458 0.455508
459 0.458309
460 0.455942
461 0.456939
462 0.458487
463 0.459668
464 0.460316
465 0.45829
466 0.458948
467 0.460559
468 0.459663
469 0.459976
470 0.459869
471 0.459936
472 0.46273
473 0.461099
474 0.460264
475 0.46094
476 0.463887
477 0.463573
478 0.464041
479 0.461021
480 0.4619
481 0.462408
482 0.463136
483 0.464289
484 0.46571
485 0.466253
486 0.467214
487 0.468854
488 0.468966
489 0.469087
490 0.469581
491 0.470286
492 0.469248
493 0.468786
494 0.469347
495 0.473012
496 0.471526
497 0.471815
498 0.471236
499 0.473186
500 0.475218
501 0.474406
502 0.475451
503 0.476144
504 0.476714
505 0.476806
506 0.479822
507 0.478267
508 0.480624
509 0.479233
510 0.479946
511 0.480839
512 0.482802
513 0.484832
514 0.482963
515 0.485456
516 0.488595
517 0.488246
518 0.48973
519 0.489153
520 0.491057
521 0.493421
522 0.493354
523 0.493272
524 0.493408
525 0.49638
526 0.497051
527 0.499175
528 0.497181
529 0.496524
530 0.496636
531 0.498876
532 0.498083
533 0.49687
534 0.494732
535 0.495213
536 0.494186
537 0.49386
538 0.494902
539 0.4951
540 0.495725
541 0.496613
542 0.498506
543 0.500384
544 0.502062
545 0.50378
546 0.501676
547 0.500261
548 0.501203
549 0.501095
550 0.50046
551 0.498101
552 0.498636
553 0.499165
554 0.500293
555 0.50108
556 0.501399
557 0.500235
558 0.499497
559 0.499218
560 0.501346
561 0.501552
562 0.502846
563 0.5045
564 0.504474
565 0.505344
566 0.504908
567 0.50426
568 0.504456
569 0.504113
570 0.504549
571 0.505973
572 0.506261
573 0.505819
574 0.506496
575 0.508854
576 0.507787
577 0.505886
578 0.507982
579 0.509658
580 0.512269
581 0.514418
582 0.513368
583 0.515877
584 0.519888
585 0.522353
586 0.522654
587 0.524978
588 0.522615
589 0.522797
590 0.524696
591 0.525621
592 0.526632
593 0.526829
594 0.5292
595 0.532393
596 0.533523
597 0.533927
598 0.533388
599 0.534575
600 0.53585
601 0.534332
602 0.532431
603 0.534561
604 0.535107
605 0.534744
606 0.534978
607 0.536394
608 0.535834
609 0.534764
610 0.534579
611 0.534337
612 0.534253
613 0.537867
614 0.53659
615 0.536093
616 0.537314
617 0.536586
618 0.540494
619 0.5406
620 0.539402
621 0.539837
622 0.542001
623 0.543683
624 0.542161
625 0.544268
626 0.544955
627 0.545415
628 0.545452
629 0.542216
630 0.54238
631 0.54383
632 0.546705
633 0.548881
634 0.548028
635 0.548844
636 0.550456
637 0.550329
638 0.552195
639 0.552807
640 0.554037
641 0.552606
642 0.550195
643 0.550145
644 0.549668
645 0.550653
646 0.551413
647 0.552671
648 0.552102
649 0.554054
650 0.55437
651 0.554519
652 0.551845
653 0.549873
654 0.549995
655 0.550555
656 0.55126
657 0.551654
658 0.554054
659 0.552077
660 0.549397
661 0.550884
662 0.550057
663 0.5495
664 0.553443
665 0.556491
666 0.558726
667 0.560121
668 0.559234
669 0.560496
670 0.559734
671 0.561176
672 0.559685
673 0.560059
674 0.560295
675 0.561104
676 0.561699
677 0.562218
678 0.566437
679 0.568316
680 0.571555
681 0.573331
682 0.573059
683 0.573843
684 0.574958
685 0.573081
686 0.571827
687 0.573308
688 0.573363
689 0.574428
690 0.571873
691 0.574364
692 0.573901
693 0.573884
694 0.573673
695 0.574292
696 0.574542
697 0.574844
698 0.576176
699 0.577569
700 0.578684
701 0.576846
702 0.578244
703 0.578907
704 0.577454
705 0.579711
706 0.578928
707 0.579702
708 0.577792
709 0.575226
710 0.574528
711 0.57577
712 0.575282
713 0.57688
714 0.577802
715 0.576887
716 0.577735
717 0.576267
718 0.575754
719 0.575626
720 0.576854
721 0.577132
722 0.575663
723 0.575333
724 0.573731
725 0.573985
726 0.573171
727 0.573311
728 0.572959
729 0.574233
730 0.573224
731 0.575038
732 0.574683
733 0.5766
734 0.576935
735 0.576751
736 0.577687
737 0.577196
738 0.576457
739 0.578587
740 0.578825
741 0.577459
742 0.577015
743 0.579703
744 0.581013
745 0.579729
746 0.578812
747 0.578599
748 0.579743
749 0.579655
750 0.583326
751 0.583833
752 0.583474
753 0.584644
754 0.584976
755 0.587779
756 0.588301
757 0.591688
758 0.591386
759 0.592029
760 0.59137
761 0.591986
762 0.595479
763 0.595193
764 0.594786
765 0.596701
766 0.598583
767 0.59866
768 0.59846
769 0.597872
770 0.596485
771 0.597614
772 0.597876
773 0.597588
774 0.599094
775 0.597445
776 0.599266
777 0.597566
778 0.596509
779 0.594799
780 0.59569
781 0.595712
782 0.597098
783 0.597549
784 0.598924
785 0.60036
786 0.601082
787 0.602986
788 0.604323
789 0.604824
790 0.603479
791 0.604797
792 0.605498
793 0.60617
794 0.608375
795 0.607676
796 0.608319
797 0.607704
798 0.610187
799 0.610586
800 0.611637
801 0.612193
802 0.612285
803 0.613794
804 0.614773
805 0.614713
806 0.615758
807 0.617977
808 0.618589
809 0.619406
810 0.620672
811 0.61945
812 0.619796
813 0.62051
814 0.619177
815 0.61614
816 0.617093
817 0.616089
818 0.617215
819 0.615732
820 0.615853
821 0.614535
822 0.615173
823 0.614762
824 0.61509
825 0.616048
826 0.615763
827 0.616382
828 0.618011
829 0.618891
830 0.619188
831 0.621746
832 0.621781
833 0.622632
834 0.622001
835 0.622525
836 0.623791
837 0.623523
838 0.625116
839 0.625452
840 0.625938
841 0.627442
842 0.627268
843 0.628516
844 0.629763
845 0.631696
846 0.63177
847 0.630472
848 0.631455
849 0.632328
850 0.633177
851 0.634472
852 0.634082
853 0.632876
854 0.634621
855 0.634725
856 0.636102
857 0.635249
858 0.633907
859 0.634744
860 0.635959
861 0.636799
862 0.637822
863 0.636633
864 0.637539
865 0.637132
866 0.636389
867 0.636256
868 0.637088
869 0.639377
870 0.637506
871 0.638489
872 0.637548
873 0.636571
874 0.636239
875 0.639133
876 0.639848
877 0.639833
878 0.641348
879 0.642154
880 0.642479
881 0.642754
882 0.641918
883 0.64582
884 0.64509
885 0.646931
886 0.647582
887 0.646116
888 0.643819
889 0.644465
890 0.645797
891 0.644792
892 0.644823
893 0.646509
894 0.648133
895 0.648494
896 0.648934
897 0.64654
898 0.648353
899 0.647743
900 0.64714
901 0.647925
902 0.64981
903 0.65106
904 0.652217
905 0.654605
906 0.65631
907 0.658611
908 0.659103
909 0.658615
910 0.658082
911 0.657862
912 0.659066
913 0.659913
914 0.659605
915 0.659716
916 0.660246
917 0.659209
918 0.659331
919 0.659948
920 0.659717
921 0.660897
922 0.66173
923 0.662502
924 0.662633
925 0.661789
926 0.660541
927 0.661015
928 0.660735
929 0.66228
930 0.659921
931 0.661924
932 0.660884
933 0.663411
934 0.663049
935 0.663917
936 0.663753
937 0.664373
938 0.664185
939 0.662147
940 0.664168
941 0.665985
942 0.665215
943 0.663026
944 0.662368
945 0.663543
946 0.664486
947 0.667264
948 0.668099
949 0.669541
950 0.670541
951 0.670341
952 0.670896
953 0.670289
954 0.6703
955 0.67224
956 0.673412
957 0.671523
958 0.674467
959 0.676569
960 0.676827
961 0.675993
962 0.67689
963 0.674943
964 0.677643
965 0.677396
966 0.677374
967 0.676446
968 0.677082
969 0.676997
970 0.679718
971 0.679526
972 0.680226
973 0.681554
974 0.682519
975 0.682235
976 0.68289
977 0.684166
978 0.68611
979 0.686991
980 0.688285
981 0.687568
982 0.687902
983 0.68626
984 0.688744
985 0.689796
986 0.68966
987 0.688324
988 0.689259
989 0.689733
990 0.690995
991 0.691797
992 0.691399
993 0.692165
994 0.692231
995 0.692983
996 0.691592
997 0.692714
998 0.690847
999 0.690724
1000 0.69229
1000 0.69229
