# Iteration MagnetizationX 
1 0.00329938
2 0.00498009
3 0.00676918
4 0.0086848
5 0.0106675
6 0.0127536
7 0.0149679
8 0.0172954
9 0.0197511
10 0.0223247
11 0.0249924
12 0.0277717
13 0.0306544
14 0.0336367
15 0.03674
16 0.0399505
17 0.0432031
18 0.046513
19 0.0498586
20 0.0531725
21 0.0564669
22 0.0597562
23 0.0630487
24 0.0663714
25 0.0697322
26 0.0730948
27 0.0764141
28 0.0797441
29 0.083061
30 0.086322
31 0.0895829
32 0.0927781
33 0.0959252
34 0.099013
35 0.102056
36 0.105071
37 0.108037
38 0.110965
39 0.113882
40 0.116765
41 0.119618
42 0.122443
43 0.125219
44 0.127957
45 0.130675
46 0.133378
47 0.136063
48 0.138725
49 0.141375
50 0.144009
51 0.146622
52 0.149211
53 0.151781
54 0.154334
55 0.156866
56 0.159379
57 0.161871
58 0.164345
59 0.166815
60 0.169277
61 0.171731
62 0.174174
63 0.176616
64 0.17905
65 0.181479
66 0.183901
67 0.186317
68 0.188729
69 0.191133
70 0.193528
71 0.195915
72 0.198296
73 0.200678
74 0.203055
75 0.205424
76 0.207788
77 0.210148
78 0.212501
79 0.214844
80 0.217181
81 0.219512
82 0.221831
83 0.224139
84 0.226437
85 0.228728
86 0.23101
87 0.233287
88 0.235556
89 0.23782
90 0.240075
91 0.242323
92 0.244565
93 0.246798
94 0.249021
95 0.251236
96 0.253445
97 0.255644
98 0.257835
99 0.260019
100 0.262192
101 0.264354
102 0.266507
103 0.268652
104 0.270785
105 0.272908
106 0.275022
107 0.277128
108 0.279224
109 0.28131
110 0.283385
111 0.285452
112 0.287506
113 0.289548
114 0.291581
115 0.293604
116 0.295617
117 0.29762
118 0.299615
119 0.3016
120 0.303576
121 0.305543
122 0.307502
123 0.309452
124 0.311394
125 0.313328
126 0.315254
127 0.317172
128 0.319081
129 0.320981
130 0.322874
131 0.32476
132 0.326638
133 0.328508
134 0.330372
135 0.332228
136 0.334078
137 0.335917
138 0.337749
139 0.339574
140 0.341392
141 0.343203
142 0.345007
143 0.346804
144 0.348595
145 0.350382
146 0.352163
147 0.353937
148 0.355704
149 0.357464
150 0.359218
151 0.360965
152 0.362705
153 0.364439
154 0.366167
155 0.367888
156 0.369603
157 0.37131
158 0.373008
159 0.374697
160 0.376379
161 0.378055
162 0.379725
163 0.381388
164 0.383045
165 0.384695
166 0.386339
167 0.387977
168 0.389609
169 0.391234
170 0.392854
171 0.394467
172 0.396074
173 0.397675
174 0.39927
175 0.400859
176 0.402443
177 0.404021
178 0.405593
179 0.40716
180 0.408721
181 0.410278
182 0.411829
183 0.413376
184 0.414918
185 0.416455
186 0.417988
187 0.419516
188 0.42104
189 0.42256
190 0.424075
191 0.425587
192 0.427095
193 0.4286
194 0.430101
195 0.4316
196 0.433095
197 0.434588
198 0.436078
199 0.437565
200 0.43905
201 0.440533
202 0.442013
203 0.443491
204 0.444968
205 0.446442
206 0.447915
207 0.449385
208 0.450854
209 0.452322
210 0.453788
211 0.455253
212 0.456716
213 0.458178
214 0.459639
215 0.461099
216 0.462557
217 0.464015
218 0.465471
219 0.466927
220 0.468381
221 0.469835
222 0.471288
223 0.472741
224 0.474194
225 0.475647
226 0.4771
227 0.478551
228 0.480003
229 0.481454
230 0.482905
231 0.484355
232 0.485805
233 0.487255
234 0.488704
235 0.490153
236 0.491602
237 0.49305
238 0.494498
239 0.495945
240 0.497392
241 0.498839
242 0.500285
243 0.50173
244 0.503175
245 0.50462
246 0.506063
247 0.507507
248 0.508949
249 0.510391
250 0.511829
251 0.513266
252 0.514702
253 0.516136
254 0.51757
255 0.519001
256 0.520431
257 0.52186
258 0.523286
259 0.524711
260 0.526134
261 0.527555
262 0.528975
263 0.530393
264 0.531809
265 0.533222
266 0.534634
267 0.536042
268 0.537449
269 0.538853
270 0.540254
271 0.541653
272 0.54305
273 0.544443
274 0.545835
275 0.547223
276 0.548609
277 0.549993
278 0.551374
279 0.552752
280 0.554128
281 0.555501
282 0.556872
283 0.55824
284 0.559606
285 0.560969
286 0.562329
287 0.563687
288 0.565043
289 0.566396
290 0.567747
291 0.569095
292 0.570441
293 0.571785
294 0.573126
295 0.574465
296 0.575802
297 0.577137
298 0.578469
299 0.579799
300 0.581127
301 0.582453
302 0.583776
303 0.585098
304 0.586417
305 0.587735
306 0.58905
307 0.590363
308 0.591674
309 0.592983
310 0.594289
311 0.595594
312 0.596897
313 0.598197
314 0.599496
315 0.600792
316 0.602087
317 0.603379
318 0.604669
319 0.605958
320 0.607244
321 0.608528
322 0.60981
323 0.61109
324 0.612368
325 0.613645
326 0.614919
327 0.616191
328 0.617461
329 0.618729
330 0.619995
331 0.621259
332 0.622521
333 0.623781
334 0.625039
335 0.626295
336 0.627549
337 0.628801
338 0.630051
339 0.6313
340 0.632546
341 0.63379
342 0.635032
343 0.636273
344 0.637511
345 0.638748
346 0.639982
347 0.641215
348 0.642445
349 0.643674
350 0.6449
351 0.646125
352 0.647348
353 0.648568
354 0.649787
355 0.651004
356 0.652218
357 0.653431
358 0.654642
359 0.65585
360 0.657057
361 0.658261
362 0.659464
363 0.660665
364 0.661863
365 0.663059
366 0.664254
367 0.665446
368 0.666636
369 0.667825
370 0.669011
371 0.670195
372 0.671377
373 0.672556
374 0.673734
375 0.67491
376 0.676083
377 0.677255
378 0.678424
379 0.679591
380 0.680756
381 0.681919
382 0.68308
383 0.684239
384 0.685395
385 0.68655
386 0.687702
387 0.688852
388 0.69
389 0.691145
390 0.692289
391 0.69343
392 0.694569
393 0.695706
394 0.69684
395 0.697972
396 0.699103
397 0.70023
398 0.701356
399 0.702479
400 0.7036
401 0.704719
402 0.705835
403 0.706949
404 0.708061
405 0.70917
406 0.710277
407 0.711382
408 0.712484
409 0.713584
410 0.714681
411 0.715776
412 0.716868
413 0.717958
414 0.719045
415 0.720129
416 0.721211
417 0.72229
418 0.723367
419 0.72444
420 0.725511
421 0.726579
422 0.727644
423 0.728707
424 0.729766
425 0.730822
426 0.731875
427 0.732926
428 0.733973
429 0.735017
430 0.736057
431 0.737095
432 0.73813
433 0.739161
434 0.740189
435 0.741214
436 0.742235
437 0.743253
438 0.744268
439 0.745279
440 0.746288
441 0.747292
442 0.748294
443 0.749291
444 0.750286
445 0.751277
446 0.752264
447 0.753248
448 0.754229
449 0.755205
450 0.756178
451 0.757148
452 0.758114
453 0.759076
454 0.760034
455 0.760988
456 0.761939
457 0.762885
458 0.763828
459 0.764767
460 0.765702
461 0.766633
462 0.767561
463 0.768484
464 0.769404
465 0.770319
466 0.771231
467 0.772138
468 0.773042
469 0.773942
470 0.774838
471 0.77573
472 0.776619
473 0.777503
474 0.778384
475 0.779261
476 0.780134
477 0.781004
478 0.781869
479 0.782731
480 0.783589
481 0.784444
482 0.785295
483 0.786142
484 0.786985
485 0.787825
486 0.788662
487 0.789494
488 0.790323
489 0.791149
490 0.791971
491 0.792789
492 0.793604
493 0.794416
494 0.795223
495 0.796028
496 0.796829
497 0.797627
498 0.798421
499 0.799211
500 0.799999
501 0.800783
502 0.801564
503 0.802341
504 0.803115
505 0.803886
506 0.804653
507 0.805417
508 0.806178
509 0.806936
510 0.80769
511 0.808441
512 0.809189
513 0.809934
514 0.810675
515 0.811414
516 0.812149
517 0.812881
518 0.81361
519 0.814336
520 0.815059
521 0.815779
522 0.816496
523 0.81721
524 0.81792
525 0.818628
526 0.819333
527 0.820034
528 0.820733
529 0.821429
530 0.822121
531 0.822811
532 0.823498
533 0.824182
534 0.824864
535 0.825542
536 0.826217
537 0.82689
538 0.827559
539 0.828226
540 0.82889
541 0.829552
542 0.83021
543 0.830866
544 0.831519
545 0.832169
546 0.832817
547 0.833461
548 0.834103
549 0.834743
550 0.835379
551 0.836013
552 0.836645
553 0.837273
554 0.837899
555 0.838523
556 0.839144
557 0.839762
558 0.840377
559 0.84099
560 0.841601
561 0.842209
562 0.842814
563 0.843417
564 0.844017
565 0.844615
566 0.84521
567 0.845803
568 0.846394
569 0.846981
570 0.847567
571 0.84815
572 0.84873
573 0.849309
574 0.849884
575 0.850458
576 0.851029
577 0.851597
578 0.852163
579 0.852727
580 0.853289
581 0.853848
582 0.854405
583 0.854959
584 0.855512
585 0.856062
586 0.856609
587 0.857155
588 0.857698
589 0.858239
590 0.858777
591 0.859314
592 0.859848
593 0.86038
594 0.86091
595 0.861438
596 0.861963
597 0.862486
598 0.863007
599 0.863526
600 0.864043
601 0.864558
602 0.865071
603 0.865581
604 0.866089
605 0.866596
606 0.8671
607 0.867602
608 0.868102
609 0.8686
610 0.869096
611 0.86959
612 0.870082
613 0.870572
614 0.87106
615 0.871545
616 0.872029
617 0.872511
618 0.872991
619 0.873469
620 0.873945
621 0.874419
622 0.874891
623 0.875362
624 0.87583
625 0.876296
626 0.876761
627 0.877223
628 0.877684
629 0.878143
630 0.8786
631 0.879055
632 0.879508
633 0.879959
634 0.880409
635 0.880857
636 0.881303
637 0.881747
638 0.882189
639 0.882629
640 0.883068
641 0.883505
642 0.88394
643 0.884374
644 0.884805
645 0.885235
646 0.885663
647 0.88609
648 0.886514
649 0.886937
650 0.887359
651 0.887778
652 0.888196
653 0.888612
654 0.889027
655 0.88944
656 0.889851
657 0.89026
658 0.890668
659 0.891074
660 0.891479
661 0.891882
662 0.892283
663 0.892683
664 0.893081
665 0.893478
666 0.893873
667 0.894266
668 0.894658
669 0.895048
670 0.895436
671 0.895824
672 0.896209
673 0.896593
674 0.896975
675 0.897356
676 0.897736
677 0.898114
678 0.89849
679 0.898865
680 0.899238
681 0.89961
682 0.89998
683 0.900349
684 0.900717
685 0.901083
686 0.901447
687 0.90181
688 0.902172
689 0.902532
690 0.902891
691 0.903248
692 0.903604
693 0.903958
694 0.904312
695 0.904663
696 0.905013
697 0.905362
698 0.90571
699 0.906056
700 0.906401
701 0.906744
702 0.907086
703 0.907427
704 0.907766
705 0.908104
706 0.908441
707 0.908776
708 0.90911
709 0.909443
710 0.909774
711 0.910104
712 0.910433
713 0.91076
714 0.911087
715 0.911411
716 0.911735
717 0.912057
718 0.912378
719 0.912698
720 0.913017
721 0.913334
722 0.91365
723 0.913965
724 0.914278
725 0.914591
726 0.914902
727 0.915212
728 0.915521
729 0.915828
730 0.916134
731 0.916439
732 0.916743
733 0.917046
734 0.917347
735 0.917648
736 0.917947
737 0.918245
738 0.918542
739 0.918837
740 0.919132
741 0.919425
742 0.919717
743 0.920008
744 0.920298
745 0.920587
746 0.920875
747 0.921161
748 0.921447
749 0.921731
750 0.922014
751 0.922296
752 0.922577
753 0.922857
754 0.923136
755 0.923414
756 0.923691
757 0.923966
758 0.924241
759 0.924514
760 0.924787
761 0.925058
762 0.925328
763 0.925598
764 0.925866
765 0.926133
766 0.926399
767 0.926664
768 0.926929
769 0.927192
770 0.927454
771 0.927715
772 0.927975
773 0.928234
774 0.928492
775 0.928749
776 0.929005
777 0.92926
778 0.929514
779 0.929767
780 0.93002
781 0.930271
782 0.930521
783 0.93077
784 0.931018
785 0.931266
786 0.931512
787 0.931758
788 0.932002
789 0.932246
790 0.932488
791 0.93273
792 0.932971
793 0.933211
794 0.93345
795 0.933688
796 0.933925
797 0.934161
798 0.934396
799 0.934631
800 0.934864
801 0.935097
802 0.935329
803 0.935559
804 0.935789
805 0.936018
806 0.936247
807 0.936474
808 0.936701
809 0.936926
810 0.937151
811 0.937375
812 0.937598
813 0.93782
814 0.938041
815 0.938262
816 0.938482
817 0.9387
818 0.938918
819 0.939136
820 0.939352
821 0.939568
822 0.939782
823 0.939996
824 0.940209
825 0.940422
826 0.940633
827 0.940844
828 0.941054
829 0.941263
830 0.941471
831 0.941678
832 0.941885
833 0.942091
834 0.942296
835 0.942501
836 0.942704
837 0.942907
838 0.943109
839 0.943311
840 0.943511
841 0.943711
842 0.94391
843 0.944108
844 0.944306
845 0.944503
846 0.944699
847 0.944894
848 0.945089
849 0.945283
850 0.945476
851 0.945668
852 0.94586
853 0.946051
854 0.946241
855 0.946431
856 0.94662
857 0.946808
858 0.946995
859 0.947182
860 0.947368
861 0.947553
862 0.947738
863 0.947922
864 0.948105
865 0.948288
866 0.948469
867 0.948651
868 0.948831
869 0.949011
870 0.94919
871 0.949369
872 0.949546
873 0.949724
874 0.9499
875 0.950076
876 0.950251
877 0.950426
878 0.9506
879 0.950773
880 0.950946
881 0.951117
882 0.951289
883 0.95146
884 0.95163
885 0.951799
886 0.951968
887 0.952136
888 0.952303
889 0.95247
890 0.952637
891 0.952802
892 0.952967
893 0.953132
894 0.953296
895 0.953459
896 0.953622
897 0.953784
898 0.953945
899 0.954106
900 0.954266
901 0.954426
902 0.954585
903 0.954743
904 0.954901
905 0.955058
906 0.955215
907 0.955371
908 0.955527
909 0.955682
910 0.955836
911 0.95599
912 0.956143
913 0.956296
914 0.956448
915 0.9566
916 0.956751
917 0.956901
918 0.957051
919 0.9572
920 0.957349
921 0.957497
922 0.957645
923 0.957792
924 0.957939
925 0.958085
926 0.95823
927 0.958375
928 0.95852
929 0.958664
930 0.958807
931 0.95895
932 0.959093
933 0.959234
934 0.959376
935 0.959517
936 0.959657
937 0.959797
938 0.959936
939 0.960075
940 0.960213
941 0.960351
942 0.960488
943 0.960625
944 0.960761
945 0.960897
946 0.961032
947 0.961167
948 0.961301
949 0.961435
950 0.961568
951 0.961701
952 0.961833
953 0.961965
954 0.962096
955 0.962227
956 0.962357
957 0.962487
958 0.962617
959 0.962746
960 0.962874
961 0.963002
962 0.96313
963 0.963257
964 0.963383
965 0.96351
966 0.963635
967 0.963761
968 0.963885
969 0.96401
970 0.964134
971 0.964257
972 0.96438
973 0.964503
974 0.964625
975 0.964746
976 0.964868
977 0.964988
978 0.965109
979 0.965229
980 0.965348
981 0.965467
982 0.965586
983 0.965704
984 0.965822
985 0.965939
986 0.966056
987 0.966172
988 0.966288
989 0.966404
990 0.966519
991 0.966634
992 0.966748
993 0.966862
994 0.966976
995 0.967089
996 0.967202
997 0.967314
998 0.967426
999 0.967538
1000 0.967649
1000 0.967649
