# Iteration MagnetizationX 
1 0.00394377
2 0.00394469
3 0.00646332
4 0.0108472
5 0.0135178
6 0.0161443
7 0.0161183
8 0.0176791
9 0.0191804
10 0.0224579
11 0.023712
12 0.0262017
13 0.0280276
14 0.0293362
15 0.0332518
16 0.0362863
17 0.0365584
18 0.0404187
19 0.0419463
20 0.0468885
21 0.0521164
22 0.0548862
23 0.0576554
24 0.0600261
25 0.0626702
26 0.0687531
27 0.0702903
28 0.0788141
29 0.0812107
30 0.0822112
31 0.0831415
32 0.0824797
33 0.0859813
34 0.0886157
35 0.0932098
36 0.0920926
37 0.0936953
38 0.0962578
39 0.0987685
40 0.101862
41 0.105442
42 0.107308
43 0.113831
44 0.113273
45 0.118421
46 0.119981
47 0.121726
48 0.126439
49 0.129625
50 0.132604
51 0.136965
52 0.140633
53 0.141432
54 0.137813
55 0.140052
56 0.142996
57 0.143406
58 0.146969
59 0.151366
60 0.149049
61 0.152792
62 0.153169
63 0.156856
64 0.159431
65 0.159527
66 0.162602
67 0.16308
68 0.167181
69 0.169128
70 0.16964
71 0.16964
72 0.172084
73 0.174333
74 0.180399
75 0.180468
76 0.184248
77 0.183982
78 0.18613
79 0.192206
80 0.192778
81 0.193149
82 0.19599
83 0.195161
84 0.196127
85 0.194225
86 0.195991
87 0.198639
88 0.199638
89 0.202631
90 0.205355
91 0.205343
92 0.208013
93 0.206105
94 0.206258
95 0.207594
96 0.205093
97 0.204435
98 0.205995
99 0.210564
100 0.210692
101 0.216922
102 0.224383
103 0.226721
104 0.227431
105 0.228228
106 0.229274
107 0.232183
108 0.234048
109 0.234279
110 0.234415
111 0.235731
112 0.236793
113 0.237306
114 0.240071
115 0.239028
116 0.239138
117 0.242124
118 0.241863
119 0.241153
120 0.240624
121 0.242467
122 0.24382
123 0.246537
124 0.249005
125 0.250575
126 0.249896
127 0.252919
128 0.253537
129 0.255619
130 0.25825
131 0.260792
132 0.263886
133 0.265354
134 0.266206
135 0.266703
136 0.266612
137 0.268724
138 0.273208
139 0.273647
140 0.27258
141 0.274557
142 0.274988
143 0.276305
144 0.274939
145 0.275784
146 0.277441
147 0.281234
148 0.282884
149 0.284853
150 0.284155
151 0.28883
152 0.29041
153 0.292487
154 0.291899
155 0.292843
156 0.294365
157 0.294383
158 0.291052
159 0.29444
160 0.298654
161 0.299766
162 0.301775
163 0.299622
164 0.30033
165 0.304365
166 0.308043
167 0.3083
168 0.31391
169 0.314157
170 0.318416
171 0.3168
172 0.31739
173 0.317708
174 0.318174
175 0.319284
176 0.322169
177 0.322636
178 0.323268
179 0.32325
180 0.327383
181 0.328077
182 0.328133
183 0.330318
184 0.329943
185 0.331133
186 0.333247
187 0.336856
188 0.339437
189 0.342377
190 0.346939
191 0.347142
192 0.347245
193 0.35035
194 0.349409
195 0.350692
196 0.350414
197 0.349023
198 0.34967
199 0.349678
200 0.351269
201 0.348259
202 0.349068
203 0.347373
204 0.348159
205 0.348394
206 0.347894
207 0.345109
208 0.346959
209 0.347817
210 0.354608
211 0.358459
212 0.35786
213 0.359219
214 0.364196
215 0.362724
216 0.364177
217 0.368006
218 0.3678
219 0.368244
220 0.367221
221 0.366469
222 0.365292
223 0.365078
224 0.362071
225 0.361075
226 0.359458
227 0.359739
228 0.358821
229 0.358914
230 0.360323
231 0.360953
232 0.359515
233 0.360821
234 0.364496
235 0.365322
236 0.363781
237 0.367578
238 0.36761
239 0.369936
240 0.37248
241 0.375222
242 0.379668
243 0.378753
244 0.382819
245 0.383806
246 0.387477
247 0.387675
248 0.38628
249 0.389153
250 0.388492
251 0.389594
252 0.387436
253 0.386483
254 0.387085
255 0.38931
256 0.390318
257 0.391374
258 0.393863
259 0.391086
260 0.394075
261 0.391519
262 0.391937
263 0.392309
264 0.395322
265 0.396514
266 0.398945
267 0.397663
268 0.398403
269 0.399532
270 0.400932
271 0.400561
272 0.401918
273 0.403159
274 0.401484
275 0.402717
276 0.402296
277 0.402415
278 0.403996
279 0.404707
280 0.405227
281 0.405007
282 0.406106
283 0.404465
284 0.404341
285 0.408247
286 0.408554
287 0.408205
288 0.402539
289 0.403285
290 0.404546
291 0.402923
292 0.402682
293 0.405912
294 0.406957
295 0.409649
296 0.410111
297 0.414258
298 0.417617
299 0.417832
300 0.417165
301 0.418807
302 0.419446
303 0.418954
304 0.41812
305 0.418774
306 0.419841
307 0.421612
308 0.42438
309 0.424341
310 0.421961
311 0.423546
312 0.424123
313 0.425564
314 0.42847
315 0.428918
316 0.430762
317 0.431127
318 0.430917
319 0.431369
320 0.42839
321 0.427112
322 0.42503
323 0.425671
324 0.428471
325 0.429371
326 0.428439
327 0.431092
328 0.433104
329 0.434199
330 0.434154
331 0.434802
332 0.435411
333 0.436671
334 0.438149
335 0.437533
336 0.438737
337 0.436842
338 0.440391
339 0.441644
340 0.44222
341 0.442781
342 0.440258
343 0.441627
344 0.443677
345 0.444634
346 0.443861
347 0.442935
348 0.440501
349 0.438689
350 0.439063
351 0.43896
352 0.43914
353 0.440016
354 0.439312
355 0.439464
356 0.444063
357 0.445074
358 0.446676
359 0.446251
360 0.446561
361 0.442032
362 0.442034
363 0.442804
364 0.442308
365 0.443485
366 0.441028
367 0.443108
368 0.444072
369 0.445515
370 0.443667
371 0.444132
372 0.442922
373 0.44341
374 0.443815
375 0.449275
376 0.450095
377 0.451423
378 0.451898
379 0.450354
380 0.450742
381 0.449907
382 0.449844
383 0.449086
384 0.449979
385 0.44951
386 0.449917
387 0.44844
388 0.445735
389 0.446956
390 0.445896
391 0.444974
392 0.446253
393 0.442255
394 0.444434
395 0.44385
396 0.441938
397 0.442408
398 0.443245
399 0.444253
400 0.442875
401 0.440751
402 0.442938
403 0.438982
404 0.440809
405 0.439716
406 0.438267
407 0.437915
408 0.435258
409 0.436618
410 0.434237
411 0.43649
412 0.442249
413 0.445574
414 0.445704
415 0.442962
416 0.445362
417 0.446848
418 0.448154
419 0.446789
420 0.447169
421 0.45014
422 0.450724
423 0.449458
424 0.45003
425 0.449302
426 0.451277
427 0.453227
428 0.454414
429 0.455342
430 0.45565
431 0.451942
432 0.453847
433 0.454229
434 0.452324
435 0.452234
436 0.453164
437 0.452213
438 0.450717
439 0.447965
440 0.447702
441 0.448008
442 0.447724
443 0.445143
444 0.445066
445 0.445261
446 0.443796
447 0.441987
448 0.443779
449 0.445021
450 0.447948
451 0.448206
452 0.447099
453 0.448276
454 0.449647
455 0.450349
456 0.453144
457 0.451529
458 0.454459
459 0.454772
460 0.459166
461 0.459672
462 0.461457
463 0.462898
464 0.465135
465 0.467116
466 0.469752
467 0.469237
468 0.471195
469 0.472643
470 0.4727
471 0.474077
472 0.475588
473 0.47601
474 0.474433
475 0.476103
476 0.477691
477 0.476272
478 0.477361
479 0.477892
480 0.476143
481 0.474998
482 0.477743
483 0.479482
484 0.480561
485 0.481197
486 0.481464
487 0.480549
488 0.47914
489 0.476053
490 0.475001
491 0.477718
492 0.478974
493 0.478902
494 0.479316
495 0.479344
496 0.480314
497 0.480448
498 0.477629
499 0.476671
500 0.47376
501 0.471929
502 0.470936
503 0.468451
504 0.46736
505 0.465327
506 0.467904
507 0.465041
508 0.468382
509 0.471051
510 0.466858
511 0.466926
512 0.466294
513 0.469498
514 0.468619
515 0.467373
516 0.466464
517 0.468828
518 0.469571
519 0.472498
520 0.475491
521 0.4776
522 0.475131
523 0.474421
524 0.470067
525 0.471051
526 0.471189
527 0.470638
528 0.47086
529 0.467452
530 0.468407
531 0.463394
532 0.465653
533 0.466808
534 0.467508
535 0.4681
536 0.47137
537 0.472589
538 0.472764
539 0.477343
540 0.476147
541 0.474413
542 0.474894
543 0.47806
544 0.479061
545 0.476915
546 0.474208
547 0.474384
548 0.476053
549 0.477346
550 0.47942
551 0.478304
552 0.479921
553 0.478421
554 0.483869
555 0.486318
556 0.483656
557 0.481329
558 0.481401
559 0.48093
560 0.477074
561 0.477349
562 0.475159
563 0.475194
564 0.477643
565 0.480541
566 0.476556
567 0.477579
568 0.475508
569 0.479913
570 0.481674
571 0.480576
572 0.47873
573 0.484001
574 0.484573
575 0.482561
576 0.480775
577 0.480837
578 0.480439
579 0.480526
580 0.480008
581 0.481714
582 0.480458
583 0.479849
584 0.48076
585 0.48311
586 0.480716
587 0.479997
588 0.481394
589 0.482204
590 0.480395
591 0.477825
592 0.475611
593 0.470631
594 0.470886
595 0.472133
596 0.474105
597 0.474459
598 0.477821
599 0.475202
600 0.476103
601 0.475346
602 0.476421
603 0.479062
604 0.472082
605 0.468291
606 0.469148
607 0.469549
608 0.471093
609 0.468951
610 0.469071
611 0.469036
612 0.468408
613 0.465216
614 0.463997
615 0.464181
616 0.462387
617 0.461827
618 0.458661
619 0.459606
620 0.460817
621 0.461363
622 0.461694
623 0.46116
624 0.457624
625 0.45758
626 0.460958
627 0.462065
628 0.465138
629 0.465913
630 0.467529
631 0.462687
632 0.460743
633 0.458126
634 0.46018
635 0.461714
636 0.460163
637 0.460532
638 0.461681
639 0.463766
640 0.465296
641 0.462881
642 0.463934
643 0.465628
644 0.46866
645 0.467256
646 0.465278
647 0.465546
648 0.464119
649 0.462622
650 0.466112
651 0.46377
652 0.463792
653 0.463792
654 0.462811
655 0.464829
656 0.463911
657 0.463955
658 0.465771
659 0.464591
660 0.468268
661 0.470061
662 0.46902
663 0.468831
664 0.468672
665 0.466504
666 0.463887
667 0.464571
668 0.464987
669 0.465999
670 0.466518
671 0.469423
672 0.469607
673 0.474212
674 0.475054
675 0.475555
676 0.478782
677 0.480204
678 0.479028
679 0.474272
680 0.47255
681 0.473718
682 0.477157
683 0.480128
684 0.479026
685 0.479303
686 0.479501
687 0.479923
688 0.47832
689 0.48151
690 0.48252
691 0.481972
692 0.480504
693 0.480646
694 0.477495
695 0.479077
696 0.477417
697 0.481451
698 0.483246
699 0.483378
700 0.48435
701 0.484646
702 0.483646
703 0.483177
704 0.483957
705 0.485238
706 0.48443
707 0.485111
708 0.483074
709 0.483772
710 0.484423
711 0.483688
712 0.480986
713 0.4806
714 0.480117
715 0.482124
716 0.481394
717 0.481858
718 0.477528
719 0.479151
720 0.476965
721 0.475171
722 0.473701
723 0.47281
724 0.472636
725 0.471464
726 0.473602
727 0.474338
728 0.474209
729 0.474707
730 0.476344
731 0.477443
732 0.478067
733 0.476928
734 0.472506
735 0.470721
736 0.46845
737 0.467732
738 0.46967
739 0.467022
740 0.468745
741 0.46952
742 0.470328
743 0.467099
744 0.465342
745 0.465536
746 0.465318
747 0.462744
748 0.464188
749 0.461339
750 0.460687
751 0.459247
752 0.461044
753 0.463767
754 0.463523
755 0.464039
756 0.467248
757 0.468579
758 0.468438
759 0.464081
760 0.46027
761 0.459045
762 0.459645
763 0.456662
764 0.454398
765 0.457648
766 0.460059
767 0.459714
768 0.463226
769 0.466022
770 0.462063
771 0.464458
772 0.466855
773 0.468235
774 0.470868
775 0.470176
776 0.469974
777 0.470753
778 0.470853
779 0.472216
780 0.470255
781 0.471454
782 0.470725
783 0.474629
784 0.470326
785 0.473611
786 0.476947
787 0.480438
788 0.477785
789 0.478207
790 0.479361
791 0.482247
792 0.481953
793 0.485004
794 0.489441
795 0.486658
796 0.488099
797 0.486488
798 0.485315
799 0.482642
800 0.482416
801 0.478917
802 0.478008
803 0.476736
804 0.477219
805 0.478151
806 0.480473
807 0.479408
808 0.48228
809 0.483304
810 0.485847
811 0.483199
812 0.481772
813 0.483765
814 0.480318
815 0.482834
816 0.483833
817 0.48415
818 0.481728
819 0.480802
820 0.479836
821 0.47801
822 0.479877
823 0.479131
824 0.47948
825 0.478654
826 0.480238
827 0.482605
828 0.479399
829 0.478471
830 0.477915
831 0.479816
832 0.480038
833 0.479062
834 0.479296
835 0.474953
836 0.47252
837 0.474754
838 0.475185
839 0.475041
840 0.477478
841 0.478685
842 0.476472
843 0.475704
844 0.476262
845 0.481029
846 0.480639
847 0.479074
848 0.480618
849 0.481603
850 0.482313
851 0.483686
852 0.482123
853 0.484497
854 0.483275
855 0.484782
856 0.485424
857 0.486568
858 0.485837
859 0.48706
860 0.48609
861 0.485434
862 0.488679
863 0.489213
864 0.492375
865 0.491752
866 0.491364
867 0.494519
868 0.497036
869 0.495755
870 0.496435
871 0.494202
872 0.495716
873 0.49536
874 0.501107
875 0.501564
876 0.499285
877 0.498459
878 0.498711
879 0.504394
880 0.499389
881 0.495469
882 0.495153
883 0.493973
884 0.49598
885 0.493377
886 0.493514
887 0.492148
888 0.495947
889 0.495101
890 0.492861
891 0.492027
892 0.488664
893 0.491661
894 0.490227
895 0.488701
896 0.487188
897 0.485017
898 0.48274
899 0.481087
900 0.483357
901 0.484783
902 0.482809
903 0.480715
904 0.4807
905 0.483594
906 0.487376
907 0.488079
908 0.488067
909 0.488654
910 0.49051
911 0.485802
912 0.487854
913 0.488581
914 0.487842
915 0.489356
916 0.49212
917 0.493495
918 0.494711
919 0.49626
920 0.498239
921 0.495028
922 0.497216
923 0.497735
924 0.495535
925 0.495692
926 0.497529
927 0.495757
928 0.494484
929 0.497142
930 0.49694
931 0.495658
932 0.495786
933 0.496244
934 0.497412
935 0.498183
936 0.49619
937 0.497071
938 0.499605
939 0.500221
940 0.500823
941 0.500663
942 0.501825
943 0.503653
944 0.504547
945 0.506681
946 0.506615
947 0.50586
948 0.508463
949 0.509051
950 0.508038
951 0.509335
952 0.508652
953 0.50377
954 0.503641
955 0.499829
956 0.498649
957 0.49835
958 0.497626
959 0.496463
960 0.494809
961 0.49222
962 0.496237
963 0.497532
964 0.496032
965 0.491029
966 0.494151
967 0.495578
968 0.498624
969 0.497464
970 0.495583
971 0.498406
972 0.499219
973 0.501089
974 0.499618
975 0.497712
976 0.497284
977 0.49665
978 0.498921
979 0.50025
980 0.50034
981 0.500555
982 0.499387
983 0.499
984 0.496646
985 0.496799
986 0.497532
987 0.496621
988 0.497741
989 0.49743
990 0.495265
991 0.494812
992 0.496907
993 0.499277
994 0.498253
995 0.496647
996 0.496146
997 0.496488
998 0.496322
999 0.492758
1000 0.492336
1000 0.492336
