# Iteration MagnetizationX 
1 0.00307055
2 0.00562651
3 0.00796326
4 0.0108258
5 0.0132913
6 0.0155806
7 0.0182636
8 0.021133
9 0.0246344
10 0.0277487
11 0.0309297
12 0.0350208
13 0.0377703
14 0.0419437
15 0.0467074
16 0.0503415
17 0.0543074
18 0.0591439
19 0.0635028
20 0.0683344
21 0.0725259
22 0.0768495
23 0.081721
24 0.0862295
25 0.0900294
26 0.0953597
27 0.100292
28 0.103818
29 0.107571
30 0.111476
31 0.115555
32 0.11944
33 0.123834
34 0.128429
35 0.13199
36 0.135247
37 0.139716
38 0.145272
39 0.147939
40 0.151474
41 0.155885
42 0.159191
43 0.16333
44 0.167345
45 0.171795
46 0.175062
47 0.178362
48 0.181537
49 0.185132
50 0.187814
51 0.189204
52 0.192009
53 0.195667
54 0.19767
55 0.201976
56 0.204336
57 0.208544
58 0.21141
59 0.214318
60 0.218784
61 0.221583
62 0.224214
63 0.227516
64 0.230422
65 0.232778
66 0.235795
67 0.239531
68 0.243347
69 0.247457
70 0.251414
71 0.255747
72 0.259395
73 0.262581
74 0.264965
75 0.267581
76 0.269836
77 0.272148
78 0.275322
79 0.278818
80 0.282597
81 0.285568
82 0.289729
83 0.292885
84 0.295297
85 0.297494
86 0.300013
87 0.302878
88 0.304425
89 0.305979
90 0.309356
91 0.311536
92 0.314902
93 0.318633
94 0.321583
95 0.324945
96 0.327601
97 0.330109
98 0.333222
99 0.334768
100 0.336922
101 0.338879
102 0.342267
103 0.345875
104 0.34872
105 0.350663
106 0.353963
107 0.356516
108 0.358998
109 0.362119
110 0.36452
111 0.366782
112 0.369142
113 0.371236
114 0.374367
115 0.377336
116 0.380967
117 0.383746
118 0.386149
119 0.389753
120 0.391706
121 0.393336
122 0.395566
123 0.398242
124 0.401478
125 0.404684
126 0.406982
127 0.409852
128 0.412371
129 0.414057
130 0.416252
131 0.418857
132 0.421291
133 0.425006
134 0.426393
135 0.428487
136 0.430413
137 0.431873
138 0.433158
139 0.435371
140 0.43793
141 0.439574
142 0.442876
143 0.445182
144 0.44731
145 0.449489
146 0.451619
147 0.454173
148 0.456611
149 0.459055
150 0.461429
151 0.463994
152 0.466132
153 0.468865
154 0.470663
155 0.472311
156 0.474477
157 0.477268
158 0.478646
159 0.481071
160 0.48326
161 0.486767
162 0.487245
163 0.488622
164 0.49127
165 0.493102
166 0.495244
167 0.497199
168 0.500073
169 0.501407
170 0.503483
171 0.505651
172 0.507225
173 0.508898
174 0.511067
175 0.513355
176 0.516179
177 0.518605
178 0.520204
179 0.521782
180 0.523944
181 0.525778
182 0.527605
183 0.530046
184 0.531869
185 0.533723
186 0.535804
187 0.537586
188 0.539871
189 0.542312
190 0.544813
191 0.54588
192 0.547107
193 0.5484
194 0.550186
195 0.551166
196 0.552849
197 0.554573
198 0.556336
199 0.558952
200 0.560858
201 0.562949
202 0.564824
203 0.567417
204 0.56955
205 0.572377
206 0.574932
207 0.576479
208 0.577538
209 0.578646
210 0.580372
211 0.583496
212 0.584963
213 0.58565
214 0.586774
215 0.587405
216 0.589075
217 0.591183
218 0.593362
219 0.595589
220 0.597501
221 0.599479
222 0.601345
223 0.60352
224 0.605203
225 0.606924
226 0.608498
227 0.610712
228 0.611769
229 0.612701
230 0.614731
231 0.616146
232 0.618326
233 0.619363
234 0.6211
235 0.623084
236 0.624843
237 0.626167
238 0.627597
239 0.629832
240 0.6303
241 0.632042
242 0.634138
243 0.634451
244 0.635528
245 0.635947
246 0.63709
247 0.638192
248 0.639796
249 0.641182
250 0.642771
251 0.643495
252 0.644624
253 0.646412
254 0.647065
255 0.647056
256 0.648211
257 0.648918
258 0.652234
259 0.653928
260 0.655901
261 0.657399
262 0.659763
263 0.660579
264 0.662039
265 0.662911
266 0.66444
267 0.666099
268 0.667313
269 0.668429
270 0.671342
271 0.673304
272 0.675032
273 0.676644
274 0.676907
275 0.678546
276 0.678365
277 0.679568
278 0.680772
279 0.681856
280 0.682611
281 0.684331
282 0.685261
283 0.686336
284 0.686962
285 0.688962
286 0.690423
287 0.691715
288 0.693771
289 0.695012
290 0.69614
291 0.697939
292 0.698878
293 0.699797
294 0.701087
295 0.701931
296 0.704298
297 0.70639
298 0.707485
299 0.708293
300 0.709788
301 0.710634
302 0.712093
303 0.713854
304 0.715395
305 0.716243
306 0.717887
307 0.720181
308 0.721397
309 0.723289
310 0.724367
311 0.725516
312 0.726657
313 0.72766
314 0.728957
315 0.729807
316 0.730264
317 0.731216
318 0.732552
319 0.734316
320 0.734601
321 0.73665
322 0.738612
323 0.740323
324 0.742179
325 0.74266
326 0.744329
327 0.745713
328 0.747206
329 0.748427
330 0.749589
331 0.75029
332 0.750515
333 0.751901
334 0.752093
335 0.752935
336 0.753173
337 0.75369
338 0.754402
339 0.755533
340 0.756941
341 0.758322
342 0.759791
343 0.761313
344 0.762609
345 0.764148
346 0.765086
347 0.766637
348 0.767649
349 0.768635
350 0.769948
351 0.771058
352 0.771944
353 0.772402
354 0.773442
355 0.774183
356 0.775223
357 0.775671
358 0.77679
359 0.778132
360 0.779311
361 0.780148
362 0.781707
363 0.78281
364 0.784254
365 0.785814
366 0.785939
367 0.787568
368 0.788569
369 0.789016
370 0.790419
371 0.790825
372 0.79178
373 0.792993
374 0.794327
375 0.794335
376 0.795078
377 0.796411
378 0.796633
379 0.79757
380 0.798839
381 0.79953
382 0.80006
383 0.800656
384 0.80167
385 0.802683
386 0.803457
387 0.803828
388 0.804586
389 0.805211
390 0.806038
391 0.807281
392 0.807792
393 0.807843
394 0.807771
395 0.808332
396 0.809228
397 0.809836
398 0.811243
399 0.812002
400 0.813381
401 0.814187
402 0.815528
403 0.816803
404 0.816394
405 0.816819
406 0.817511
407 0.818087
408 0.819036
409 0.819606
410 0.819801
411 0.820536
412 0.821811
413 0.822432
414 0.822613
415 0.822996
416 0.822975
417 0.823997
418 0.824002
419 0.825278
420 0.826691
421 0.827825
422 0.828698
423 0.830259
424 0.830877
425 0.831834
426 0.832201
427 0.833246
428 0.833976
429 0.835128
430 0.836013
431 0.835876
432 0.836494
433 0.836388
434 0.837617
435 0.838809
436 0.839065
437 0.839238
438 0.839836
439 0.840602
440 0.84093
441 0.841855
442 0.842512
443 0.842839
444 0.843283
445 0.843782
446 0.844404
447 0.844954
448 0.846136
449 0.846993
450 0.848189
451 0.848505
452 0.848927
453 0.849561
454 0.850178
455 0.850802
456 0.8516
457 0.852362
458 0.852495
459 0.853591
460 0.853905
461 0.853823
462 0.854263
463 0.854373
464 0.854676
465 0.854739
466 0.855619
467 0.855253
468 0.855849
469 0.856649
470 0.857242
471 0.857817
472 0.858034
473 0.858414
474 0.858627
475 0.858669
476 0.858946
477 0.859383
478 0.860302
479 0.860934
480 0.860874
481 0.861747
482 0.861605
483 0.862044
484 0.862329
485 0.86321
486 0.863555
487 0.864192
488 0.865262
489 0.865674
490 0.866882
491 0.867148
492 0.867261
493 0.867513
494 0.867617
495 0.868087
496 0.868809
497 0.869218
498 0.869258
499 0.870313
500 0.871077
501 0.87199
502 0.872012
503 0.872496
504 0.873487
505 0.873929
506 0.87467
507 0.875126
508 0.875998
509 0.875849
510 0.876341
511 0.876552
512 0.876769
513 0.877252
514 0.878305
515 0.87862
516 0.879475
517 0.880023
518 0.880095
519 0.880694
520 0.881088
521 0.881335
522 0.881986
523 0.881661
524 0.881789
525 0.882656
526 0.882964
527 0.883533
528 0.883948
529 0.885108
530 0.886022
531 0.88622
532 0.886423
533 0.886932
534 0.887509
535 0.887831
536 0.888393
537 0.888872
538 0.889291
539 0.888898
540 0.88884
541 0.888983
542 0.88929
543 0.889701
544 0.889993
545 0.89027
546 0.890757
547 0.891021
548 0.891504
549 0.892434
550 0.892346
551 0.892916
552 0.89358
553 0.893562
554 0.893811
555 0.893893
556 0.894789
557 0.894885
558 0.895433
559 0.896438
560 0.896802
561 0.89638
562 0.897303
563 0.897501
564 0.897838
565 0.898545
566 0.898961
567 0.899387
568 0.899129
569 0.89955
570 0.900145
571 0.900622
572 0.900957
573 0.901668
574 0.901601
575 0.902164
576 0.902316
577 0.903117
578 0.903234
579 0.903712
580 0.903895
581 0.904628
582 0.904774
583 0.904737
584 0.90481
585 0.904762
586 0.905054
587 0.90531
588 0.905268
589 0.904838
590 0.904896
591 0.905256
592 0.905851
593 0.905656
594 0.90536
595 0.90549
596 0.905866
597 0.906584
598 0.907133
599 0.906919
600 0.907699
601 0.908003
602 0.908058
603 0.908496
604 0.909057
605 0.909768
606 0.910263
607 0.910184
608 0.910211
609 0.911024
610 0.911695
611 0.912262
612 0.912486
613 0.912909
614 0.913263
615 0.913988
616 0.914594
617 0.914987
618 0.915839
619 0.916169
620 0.916534
621 0.916305
622 0.916971
623 0.917569
624 0.917653
625 0.917547
626 0.91821
627 0.91825
628 0.9185
629 0.9182
630 0.91895
631 0.919355
632 0.919696
633 0.919696
634 0.919941
635 0.920091
636 0.920367
637 0.920977
638 0.920461
639 0.920872
640 0.921027
641 0.921151
642 0.92166
643 0.922038
644 0.922404
645 0.922642
646 0.922946
647 0.923239
648 0.92331
649 0.923168
650 0.923754
651 0.923264
652 0.923566
653 0.92427
654 0.924559
655 0.924892
656 0.924619
657 0.924881
658 0.924936
659 0.925088
660 0.925197
661 0.925098
662 0.925348
663 0.925032
664 0.924727
665 0.924807
666 0.924795
667 0.925439
668 0.925242
669 0.925212
670 0.925328
671 0.925415
672 0.925331
673 0.925727
674 0.926293
675 0.926228
676 0.92624
677 0.926584
678 0.926894
679 0.92756
680 0.927918
681 0.928209
682 0.928473
683 0.928907
684 0.929414
685 0.929591
686 0.929691
687 0.930167
688 0.930574
689 0.930788
690 0.931116
691 0.931651
692 0.931753
693 0.931769
694 0.931911
695 0.932122
696 0.932666
697 0.932769
698 0.932686
699 0.932921
700 0.933316
701 0.933525
702 0.933174
703 0.933412
704 0.933756
705 0.934116
706 0.934803
707 0.934748
708 0.934496
709 0.93453
710 0.934688
711 0.935183
712 0.93536
713 0.93554
714 0.935693
715 0.936116
716 0.936358
717 0.936048
718 0.936107
719 0.936375
720 0.936474
721 0.936744
722 0.936892
723 0.936872
724 0.936844
725 0.937064
726 0.936641
727 0.937037
728 0.937412
729 0.937535
730 0.937092
731 0.937331
732 0.937445
733 0.937421
734 0.937313
735 0.937442
736 0.937247
737 0.937094
738 0.937301
739 0.937579
740 0.937943
741 0.937835
742 0.938315
743 0.938151
744 0.938557
745 0.938924
746 0.938778
747 0.938816
748 0.93867
749 0.938912
750 0.938999
751 0.938826
752 0.938909
753 0.939069
754 0.938903
755 0.938957
756 0.938699
757 0.938682
758 0.938932
759 0.938988
760 0.938791
761 0.939302
762 0.939076
763 0.939769
764 0.940084
765 0.940031
766 0.940022
767 0.940195
768 0.940388
769 0.940618
770 0.940925
771 0.941035
772 0.941209
773 0.941395
774 0.941993
775 0.942208
776 0.942044
777 0.942494
778 0.942679
779 0.942591
780 0.942397
781 0.94228
782 0.942192
783 0.942282
784 0.942569
785 0.942597
786 0.942831
787 0.942726
788 0.942656
789 0.942892
790 0.943553
791 0.94362
792 0.943956
793 0.94368
794 0.943725
795 0.943473
796 0.943257
797 0.943535
798 0.943939
799 0.944331
800 0.944097
801 0.944349
802 0.944282
803 0.944461
804 0.944633
805 0.944743
806 0.945133
807 0.945676
808 0.945749
809 0.945647
810 0.945317
811 0.945579
812 0.945462
813 0.945646
814 0.945746
815 0.945579
816 0.94606
817 0.946054
818 0.946096
819 0.94598
820 0.946236
821 0.946461
822 0.946569
823 0.946891
824 0.946832
825 0.947027
826 0.947009
827 0.947091
828 0.947208
829 0.947415
830 0.94745
831 0.947234
832 0.947482
833 0.947455
834 0.94783
835 0.948191
836 0.947739
837 0.9483
838 0.948444
839 0.948416
840 0.948485
841 0.948253
842 0.947949
843 0.948085
844 0.947932
845 0.947286
846 0.9472
847 0.947574
848 0.947662
849 0.947501
850 0.947863
851 0.948161
852 0.948273
853 0.948793
854 0.94916
855 0.949401
856 0.949697
857 0.94987
858 0.950204
859 0.950333
860 0.950381
861 0.950276
862 0.950532
863 0.950399
864 0.950492
865 0.950447
866 0.950556
867 0.950946
868 0.951299
869 0.951205
870 0.9511
871 0.951319
872 0.95155
873 0.951594
874 0.951566
875 0.951597
876 0.951783
877 0.951707
878 0.952114
879 0.952412
880 0.952458
881 0.952205
882 0.952372
883 0.952339
884 0.952466
885 0.952407
886 0.952271
887 0.95239
888 0.951984
889 0.952131
890 0.952401
891 0.952285
892 0.952062
893 0.952243
894 0.952367
895 0.952793
896 0.953039
897 0.953297
898 0.95341
899 0.953906
900 0.953992
901 0.954152
902 0.95426
903 0.95458
904 0.954476
905 0.954893
906 0.955015
907 0.955412
908 0.955424
909 0.955331
910 0.955531
911 0.955507
912 0.95555
913 0.955139
914 0.955342
915 0.955301
916 0.955512
917 0.95551
918 0.955906
919 0.956466
920 0.956528
921 0.956803
922 0.95662
923 0.956775
924 0.956635
925 0.956722
926 0.956807
927 0.956739
928 0.956647
929 0.95659
930 0.956828
931 0.956919
932 0.956754
933 0.956741
934 0.956879
935 0.956796
936 0.956426
937 0.956374
938 0.956242
939 0.956345
940 0.956273
941 0.956333
942 0.956343
943 0.95633
944 0.956551
945 0.956467
946 0.956969
947 0.956968
948 0.956868
949 0.956719
950 0.957062
951 0.956982
952 0.957646
953 0.957307
954 0.957451
955 0.95729
956 0.957606
957 0.957679
958 0.957787
959 0.958001
960 0.957888
961 0.957895
962 0.957906
963 0.957588
964 0.95805
965 0.958015
966 0.958106
967 0.957958
968 0.957957
969 0.95812
970 0.958075
971 0.958175
972 0.95851
973 0.959168
974 0.95925
975 0.959032
976 0.958714
977 0.958808
978 0.959158
979 0.959246
980 0.959296
981 0.95912
982 0.958947
983 0.95878
984 0.958831
985 0.958558
986 0.958527
987 0.958425
988 0.958614
989 0.95888
990 0.958759
991 0.958665
992 0.958555
993 0.958601
994 0.958732
995 0.958438
996 0.958843
997 0.959076
998 0.959194
999 0.959216
1000 0.95903
1000 0.95903
