# Iteration MagnetizationX 
1 0.00107067
2 0.00194796
3 0.00524494
4 0.00873486
5 0.0114609
6 0.0151134
7 0.0181561
8 0.0206777
9 0.0228879
10 0.023632
11 0.0291796
12 0.0318369
13 0.0341452
14 0.0360995
15 0.0372811
16 0.0399562
17 0.0425678
18 0.0452621
19 0.0496632
20 0.0530523
21 0.0572849
22 0.060786
23 0.0653431
24 0.0679043
25 0.0703667
26 0.0742358
27 0.0748077
28 0.0775023
29 0.0782471
30 0.0803911
31 0.0839957
32 0.0839204
33 0.0869865
34 0.0894413
35 0.0921851
36 0.0919903
37 0.0953925
38 0.0997045
39 0.104503
40 0.105889
41 0.107007
42 0.108649
43 0.108962
44 0.109629
45 0.110881
46 0.112628
47 0.117509
48 0.118683
49 0.12034
50 0.122594
51 0.125477
52 0.127311
53 0.13037
54 0.132758
55 0.134946
56 0.137486
57 0.140931
58 0.142094
59 0.141304
60 0.144541
61 0.145556
62 0.147554
63 0.146501
64 0.147937
65 0.148567
66 0.150707
67 0.154956
68 0.157791
69 0.162001
70 0.164525
71 0.168416
72 0.168419
73 0.170945
74 0.172463
75 0.172318
76 0.175532
77 0.175865
78 0.177479
79 0.177458
80 0.181026
81 0.181756
82 0.184161
83 0.186012
84 0.18676
85 0.185418
86 0.184746
87 0.18512
88 0.184498
89 0.189793
90 0.191204
91 0.194055
92 0.196564
93 0.196334
94 0.196563
95 0.199992
96 0.203389
97 0.207995
98 0.2094
99 0.21001
100 0.21419
101 0.215248
102 0.215879
103 0.216052
104 0.220794
105 0.218961
106 0.219851
107 0.221008
108 0.22359
109 0.225807
110 0.230542
111 0.229444
112 0.230116
113 0.233264
114 0.2368
115 0.235996
116 0.237833
117 0.239354
118 0.242605
119 0.245936
120 0.247713
121 0.245646
122 0.24793
123 0.248051
124 0.250441
125 0.252537
126 0.252657
127 0.25217
128 0.25241
129 0.25356
130 0.256296
131 0.261094
132 0.262696
133 0.265758
134 0.271048
135 0.271396
136 0.272036
137 0.273462
138 0.27432
139 0.27689
140 0.278396
141 0.280585
142 0.281442
143 0.283797
144 0.289311
145 0.293394
146 0.293009
147 0.291549
148 0.292803
149 0.292597
150 0.293862
151 0.295781
152 0.297515
153 0.299173
154 0.3024
155 0.305225
156 0.307905
157 0.310761
158 0.310116
159 0.30868
160 0.307349
161 0.310721
162 0.310531
163 0.312228
164 0.314227
165 0.312882
166 0.315549
167 0.317888
168 0.31768
169 0.31998
170 0.320504
171 0.323109
172 0.325463
173 0.324811
174 0.330169
175 0.334979
176 0.334732
177 0.33807
178 0.338873
179 0.339966
180 0.343639
181 0.346155
182 0.343757
183 0.346417
184 0.349542
185 0.350238
186 0.353442
187 0.354495
188 0.356807
189 0.357903
190 0.359788
191 0.362452
192 0.364229
193 0.367427
194 0.370343
195 0.371418
196 0.375165
197 0.376422
198 0.377408
199 0.378164
200 0.376048
201 0.374253
202 0.376914
203 0.377723
204 0.379136
205 0.378091
206 0.379431
207 0.38035
208 0.379819
209 0.381447
210 0.382745
211 0.382791
212 0.386239
213 0.38977
214 0.392223
215 0.390505
216 0.393244
217 0.395576
218 0.396348
219 0.398414
220 0.39987
221 0.401646
222 0.401296
223 0.403033
224 0.405844
225 0.406805
226 0.408276
227 0.407806
228 0.407843
229 0.408742
230 0.410922
231 0.410128
232 0.410542
233 0.413402
234 0.414006
235 0.414469
236 0.414319
237 0.416994
238 0.415755
239 0.416189
240 0.417472
241 0.422652
242 0.422655
243 0.423041
244 0.422994
245 0.424251
246 0.426369
247 0.426974
248 0.428162
249 0.429831
250 0.429655
251 0.434458
252 0.434436
253 0.436225
254 0.438243
255 0.439919
256 0.442597
257 0.443935
258 0.447628
259 0.447704
260 0.446282
261 0.447678
262 0.449308
263 0.450771
264 0.452739
265 0.454852
266 0.455098
267 0.457561
268 0.459436
269 0.459076
270 0.460261
271 0.459692
272 0.459967
273 0.463176
274 0.461799
275 0.46393
276 0.463771
277 0.462173
278 0.464314
279 0.464423
280 0.465799
281 0.467627
282 0.46869
283 0.469324
284 0.471391
285 0.472205
286 0.473693
287 0.474356
288 0.474303
289 0.474358
290 0.475975
291 0.476782
292 0.477989
293 0.480492
294 0.48424
295 0.486502
296 0.490359
297 0.493781
298 0.495978
299 0.498137
300 0.498003
301 0.497175
302 0.494883
303 0.494067
304 0.494779
305 0.496925
306 0.498776
307 0.500575
308 0.499458
309 0.500471
310 0.500272
311 0.502407
312 0.504862
313 0.503769
314 0.503822
315 0.503755
316 0.50524
317 0.506889
318 0.506929
319 0.509975
320 0.510291
321 0.508225
322 0.510402
323 0.509847
324 0.508798
325 0.507723
326 0.510093
327 0.511475
328 0.513743
329 0.514903
330 0.516121
331 0.519942
332 0.521348
333 0.521589
334 0.520857
335 0.521465
336 0.522983
337 0.522651
338 0.524892
339 0.526663
340 0.524946
341 0.525073
342 0.524741
343 0.525511
344 0.525891
345 0.528126
346 0.529889
347 0.53037
348 0.532212
349 0.53413
350 0.531832
351 0.53462
352 0.534954
353 0.535315
354 0.537991
355 0.539753
356 0.54136
357 0.543489
358 0.545421
359 0.546504
360 0.545881
361 0.545917
362 0.543874
363 0.545819
364 0.545754
365 0.546628
366 0.548135
367 0.549095
368 0.549038
369 0.551701
370 0.554515
371 0.553426
372 0.552934
373 0.552564
374 0.554381
375 0.554517
376 0.555536
377 0.558054
378 0.558994
379 0.561468
380 0.56054
381 0.55891
382 0.558896
383 0.559501
384 0.56116
385 0.562313
386 0.560546
387 0.562671
388 0.564057
389 0.563391
390 0.565817
391 0.566016
392 0.566308
393 0.567619
394 0.569307
395 0.570611
396 0.571349
397 0.571989
398 0.574324
399 0.577792
400 0.579135
401 0.579989
402 0.583138
403 0.582634
404 0.584085
405 0.583785
406 0.583709
407 0.584253
408 0.583274
409 0.580764
410 0.581869
411 0.58154
412 0.584541
413 0.587751
414 0.589184
415 0.591458
416 0.59563
417 0.595955
418 0.597168
419 0.596765
420 0.596743
421 0.597529
422 0.597462
423 0.598009
424 0.594645
425 0.595296
426 0.594743
427 0.59509
428 0.595291
429 0.597172
430 0.59874
431 0.598691
432 0.598807
433 0.600592
434 0.601445
435 0.603126
436 0.604275
437 0.60648
438 0.608025
439 0.608402
440 0.60628
441 0.608244
442 0.609345
443 0.608676
444 0.607616
445 0.607265
446 0.60952
447 0.612394
448 0.614405
449 0.61446
450 0.614808
451 0.613098
452 0.614799
453 0.615019
454 0.615308
455 0.616211
456 0.613696
457 0.613686
458 0.613412
459 0.613685
460 0.613617
461 0.61499
462 0.616714
463 0.618668
464 0.618133
465 0.618723
466 0.618998
467 0.618927
468 0.619783
469 0.621498
470 0.62305
471 0.62516
472 0.627674
473 0.628298
474 0.630565
475 0.630267
476 0.630084
477 0.629069
478 0.628944
479 0.628875
480 0.629263
481 0.630015
482 0.632409
483 0.633678
484 0.630411
485 0.629757
486 0.631698
487 0.633455
488 0.635407
489 0.635168
490 0.637953
491 0.638455
492 0.638821
493 0.639552
494 0.638911
495 0.641335
496 0.64218
497 0.641851
498 0.644944
499 0.643287
500 0.643672
501 0.645028
502 0.645416
503 0.646364
504 0.647935
505 0.648366
506 0.649605
507 0.64932
508 0.650179
509 0.651117
510 0.649338
511 0.650694
512 0.6499
513 0.649313
514 0.650544
515 0.649251
516 0.648022
517 0.651514
518 0.652924
519 0.651954
520 0.651634
521 0.648934
522 0.647503
523 0.647942
524 0.647357
525 0.649424
526 0.651258
527 0.65211
528 0.652981
529 0.653719
530 0.65302
531 0.651924
532 0.65416
533 0.655492
534 0.652959
535 0.653399
536 0.652563
537 0.654703
538 0.656618
539 0.654379
540 0.656227
541 0.658741
542 0.660558
543 0.659982
544 0.658537
545 0.660036
546 0.661437
547 0.663289
548 0.664658
549 0.663717
550 0.665122
551 0.666391
552 0.665847
553 0.666125
554 0.666006
555 0.666905
556 0.669607
557 0.671343
558 0.672263
559 0.672401
560 0.675165
561 0.677135
562 0.675462
563 0.675295
564 0.674281
565 0.675472
566 0.6795
567 0.681005
568 0.68149
569 0.681005
570 0.680563
571 0.681107
572 0.679531
573 0.680599
574 0.680867
575 0.681058
576 0.680725
577 0.681883
578 0.683936
579 0.685997
580 0.685598
581 0.683925
582 0.683959
583 0.6828
584 0.682675
585 0.681358
586 0.679782
587 0.680212
588 0.680481
589 0.681212
590 0.682296
591 0.682458
592 0.682972
593 0.685807
594 0.684971
595 0.687055
596 0.685269
597 0.6852
598 0.687568
599 0.687702
600 0.685264
601 0.686645
602 0.68576
603 0.683665
604 0.685656
605 0.68608
606 0.687994
607 0.68965
608 0.690241
609 0.690536
610 0.688912
611 0.688425
612 0.689655
613 0.690833
614 0.689564
615 0.689639
616 0.690513
617 0.690155
618 0.692676
619 0.692147
620 0.692373
621 0.692406
622 0.692956
623 0.691745
624 0.691475
625 0.692347
626 0.693398
627 0.693808
628 0.695009
629 0.69586
630 0.697757
631 0.698488
632 0.698617
633 0.699446
634 0.700673
635 0.701341
636 0.703226
637 0.704213
638 0.704327
639 0.70467
640 0.706082
641 0.704971
642 0.704913
643 0.705285
644 0.707822
645 0.708825
646 0.70938
647 0.70904
648 0.709522
649 0.70522
650 0.705691
651 0.704894
652 0.706306
653 0.70545
654 0.703562
655 0.70531
656 0.706774
657 0.706567
658 0.705633
659 0.702994
660 0.702728
661 0.702703
662 0.705318
663 0.705114
664 0.708917
665 0.70999
666 0.712792
667 0.712794
668 0.715153
669 0.71537
670 0.715222
671 0.716709
672 0.715471
673 0.716053
674 0.716049
675 0.714954
676 0.712182
677 0.710807
678 0.711962
679 0.712093
680 0.712826
681 0.713646
682 0.711831
683 0.713102
684 0.713494
685 0.713102
686 0.713533
687 0.713347
688 0.71431
689 0.715362
690 0.71725
691 0.717573
692 0.718074
693 0.720019
694 0.719347
695 0.721109
696 0.721184
697 0.722688
698 0.722576
699 0.723353
700 0.723031
701 0.722417
702 0.721494
703 0.720567
704 0.719895
705 0.717833
706 0.715298
707 0.715706
708 0.718225
709 0.718251
710 0.718745
711 0.717015
712 0.71666
713 0.717312
714 0.71715
715 0.718199
716 0.721604
717 0.721058
718 0.720211
719 0.721337
720 0.720783
721 0.724016
722 0.721894
723 0.720845
724 0.720755
725 0.718546
726 0.71864
727 0.716646
728 0.717647
729 0.718442
730 0.716682
731 0.715301
732 0.71637
733 0.715695
734 0.717166
735 0.719001
736 0.717693
737 0.717619
738 0.71706
739 0.719146
740 0.719768
741 0.721128
742 0.720316
743 0.721548
744 0.724216
745 0.723915
746 0.722854
747 0.722645
748 0.721166
749 0.72298
750 0.723388
751 0.723174
752 0.7206
753 0.720769
754 0.719809
755 0.721245
756 0.724468
757 0.725415
758 0.726429
759 0.726792
760 0.726733
761 0.726264
762 0.726383
763 0.725944
764 0.725406
765 0.727785
766 0.727324
767 0.726173
768 0.728459
769 0.729264
770 0.729986
771 0.729609
772 0.731539
773 0.729513
774 0.730455
775 0.728344
776 0.726497
777 0.729862
778 0.72983
779 0.73042
780 0.731071
781 0.731242
782 0.732694
783 0.735237
784 0.736013
785 0.736637
786 0.73662
787 0.737123
788 0.737578
789 0.737098
790 0.737084
791 0.737683
792 0.739114
793 0.739676
794 0.741853
795 0.741307
796 0.740584
797 0.743078
798 0.741726
799 0.742114
800 0.740702
801 0.740557
802 0.74207
803 0.743674
804 0.742999
805 0.74372
806 0.74461
807 0.741742
808 0.74318
809 0.743209
810 0.741417
811 0.741318
812 0.739947
813 0.740192
814 0.740168
815 0.740285
816 0.740324
817 0.740993
818 0.740989
819 0.740803
820 0.739787
821 0.73924
822 0.73893
823 0.739319
824 0.739026
825 0.738676
826 0.739739
827 0.739185
828 0.741006
829 0.740432
830 0.739831
831 0.738216
832 0.740014
833 0.739184
834 0.739188
835 0.739464
836 0.739983
837 0.738896
838 0.738544
839 0.738113
840 0.735484
841 0.737032
842 0.738057
843 0.736965
844 0.737376
845 0.739751
846 0.739587
847 0.740693
848 0.739152
849 0.739224
850 0.740457
851 0.741433
852 0.742209
853 0.743896
854 0.744677
855 0.746836
856 0.747195
857 0.747385
858 0.74836
859 0.749474
860 0.75126
861 0.74992
862 0.749418
863 0.748914
864 0.750143
865 0.749659
866 0.749168
867 0.748917
868 0.748601
869 0.750011
870 0.74943
871 0.749636
872 0.750794
873 0.749419
874 0.750049
875 0.748264
876 0.749319
877 0.749577
878 0.750408
879 0.752076
880 0.749557
881 0.751467
882 0.753543
883 0.752341
884 0.752711
885 0.751385
886 0.750485
887 0.751998
888 0.749531
889 0.74889
890 0.750012
891 0.749561
892 0.750182
893 0.750241
894 0.751556
895 0.75265
896 0.752245
897 0.752305
898 0.750974
899 0.750857
900 0.749657
901 0.748314
902 0.748582
903 0.747575
904 0.749031
905 0.750859
906 0.751563
907 0.751709
908 0.751344
909 0.750715
910 0.753463
911 0.753415
912 0.752548
913 0.750279
914 0.749864
915 0.751113
916 0.753303
917 0.752043
918 0.752361
919 0.751049
920 0.751395
921 0.751924
922 0.753202
923 0.752201
924 0.75269
925 0.752201
926 0.752122
927 0.75326
928 0.755385
929 0.756405
930 0.757697
931 0.758698
932 0.758524
933 0.75936
934 0.757796
935 0.758566
936 0.760693
937 0.759524
938 0.758735
939 0.758047
940 0.757609
941 0.756108
942 0.757831
943 0.757009
944 0.756535
945 0.757576
946 0.755825
947 0.755824
948 0.75451
949 0.755869
950 0.754549
951 0.753914
952 0.752801
953 0.752095
954 0.753041
955 0.753098
956 0.753183
957 0.752774
958 0.753312
959 0.754527
960 0.75505
961 0.753597
962 0.752115
963 0.751822
964 0.752921
965 0.753405
966 0.753709
967 0.753372
968 0.753374
969 0.754734
970 0.756674
971 0.755592
972 0.753662
973 0.7551
974 0.755834
975 0.755459
976 0.754992
977 0.755889
978 0.755183
979 0.754657
980 0.758054
981 0.757551
982 0.758235
983 0.759376
984 0.758947
985 0.763029
986 0.763082
987 0.762506
988 0.762114
989 0.761808
990 0.760727
991 0.760157
992 0.760406
993 0.758844
994 0.757711
995 0.758592
996 0.759683
997 0.76014
998 0.759406
999 0.758624
1000 0.75526
1000 0.75526
