# Iteration MagnetizationX 
1 0.00202491
2 0.00371691
3 0.00464336
4 0.00609492
5 0.00778328
6 0.00965303
7 0.010398
8 0.0126627
9 0.0142838
10 0.0161357
11 0.0179377
12 0.0203919
13 0.0222651
14 0.0237879
15 0.0252963
16 0.0276558
17 0.029927
18 0.0323861
19 0.0347561
20 0.0379563
21 0.0396182
22 0.041003
23 0.0437122
24 0.0457843
25 0.0487071
26 0.0508663
27 0.0527765
28 0.0552696
29 0.0577547
30 0.0599331
31 0.0627468
32 0.0644898
33 0.0671716
34 0.0705043
35 0.0708775
36 0.0731468
37 0.0748668
38 0.0768463
39 0.0787706
40 0.0807819
41 0.0831293
42 0.0850656
43 0.0859076
44 0.0872812
45 0.0882171
46 0.0906448
47 0.092667
48 0.0947004
49 0.0966167
50 0.098012
51 0.100666
52 0.102213
53 0.104141
54 0.106328
55 0.108653
56 0.109537
57 0.112647
58 0.114519
59 0.116682
60 0.118227
61 0.12064
62 0.1212
63 0.123063
64 0.124972
65 0.126997
66 0.129019
67 0.129585
68 0.130506
69 0.131876
70 0.133053
71 0.134383
72 0.134869
73 0.13619
74 0.137613
75 0.139836
76 0.142192
77 0.144088
78 0.146162
79 0.148228
80 0.149307
81 0.150841
82 0.153351
83 0.153498
84 0.155919
85 0.156884
86 0.158837
87 0.160065
88 0.162199
89 0.163648
90 0.165715
91 0.166683
92 0.16777
93 0.169729
94 0.171351
95 0.173472
96 0.175955
97 0.178048
98 0.179217
99 0.180273
100 0.18025
101 0.181648
102 0.18326
103 0.185282
104 0.186062
105 0.186124
106 0.188013
107 0.18986
108 0.190456
109 0.191555
110 0.193375
111 0.194105
112 0.194806
113 0.196313
114 0.198436
115 0.200286
116 0.202336
117 0.20356
118 0.204842
119 0.207045
120 0.208431
121 0.209775
122 0.211055
123 0.21184
124 0.212713
125 0.214251
126 0.215803
127 0.217288
128 0.21793
129 0.21892
130 0.2199
131 0.221159
132 0.222191
133 0.224623
134 0.225082
135 0.226617
136 0.228133
137 0.229272
138 0.230585
139 0.233032
140 0.234792
141 0.234926
142 0.236092
143 0.236855
144 0.23799
145 0.238818
146 0.239761
147 0.242389
148 0.243898
149 0.24521
150 0.24633
151 0.24739
152 0.248891
153 0.249726
154 0.25011
155 0.250543
156 0.251968
157 0.2538
158 0.256226
159 0.258228
160 0.259847
161 0.261895
162 0.263096
163 0.264985
164 0.266567
165 0.268063
166 0.269252
167 0.269861
168 0.271083
169 0.272005
170 0.273299
171 0.274386
172 0.275537
173 0.275929
174 0.276807
175 0.27824
176 0.279674
177 0.279821
178 0.28202
179 0.283719
180 0.284417
181 0.285137
182 0.286179
183 0.287391
184 0.28903
185 0.288899
186 0.289855
187 0.291624
188 0.292653
189 0.294532
190 0.295797
191 0.296946
192 0.297175
193 0.297059
194 0.298645
195 0.301023
196 0.302474
197 0.302486
198 0.303951
199 0.30632
200 0.307123
201 0.308296
202 0.309622
203 0.310433
204 0.311751
205 0.311136
206 0.312743
207 0.313392
208 0.313857
209 0.315456
210 0.316448
211 0.318563
212 0.319139
213 0.32097
214 0.322144
215 0.323689
216 0.324576
217 0.325554
218 0.326917
219 0.32837
220 0.329556
221 0.330278
222 0.331514
223 0.332257
224 0.33309
225 0.333075
226 0.334625
227 0.335411
228 0.336963
229 0.337766
230 0.339529
231 0.340069
232 0.34181
233 0.341849
234 0.342889
235 0.344064
236 0.34551
237 0.346267
238 0.34794
239 0.348212
240 0.349109
241 0.349854
242 0.350882
243 0.352593
244 0.35416
245 0.3542
246 0.354962
247 0.356215
248 0.357268
249 0.357831
250 0.359533
251 0.361792
252 0.362299
253 0.362696
254 0.363962
255 0.364332
256 0.36517
257 0.366671
258 0.367418
259 0.368442
260 0.368462
261 0.369494
262 0.370595
263 0.373808
264 0.374555
265 0.374459
266 0.376317
267 0.376912
268 0.377504
269 0.378401
270 0.378126
271 0.379215
272 0.380104
273 0.381779
274 0.382676
275 0.383655
276 0.384676
277 0.385288
278 0.386142
279 0.387762
280 0.389136
281 0.389774
282 0.390533
283 0.391799
284 0.392197
285 0.393084
286 0.392903
287 0.393796
288 0.394893
289 0.395034
290 0.396554
291 0.398552
292 0.398633
293 0.399401
294 0.400867
295 0.402506
296 0.403219
297 0.404629
298 0.404091
299 0.40488
300 0.406154
301 0.407886
302 0.40927
303 0.411398
304 0.412947
305 0.41367
306 0.415808
307 0.417136
308 0.418532
309 0.419185
310 0.419628
311 0.420681
312 0.421439
313 0.423192
314 0.425506
315 0.426945
316 0.427536
317 0.42853
318 0.429965
319 0.430261
320 0.43085
321 0.43196
322 0.432584
323 0.433613
324 0.43422
325 0.434882
326 0.434431
327 0.434743
328 0.437132
329 0.438983
330 0.440395
331 0.441566
332 0.441855
333 0.443317
334 0.443916
335 0.445214
336 0.445235
337 0.446646
338 0.448417
339 0.449599
340 0.450967
341 0.450708
342 0.451466
343 0.452263
344 0.45322
345 0.453925
346 0.45501
347 0.455918
348 0.457128
349 0.458483
350 0.459094
351 0.459795
352 0.460978
353 0.461375
354 0.46246
355 0.463204
356 0.464154
357 0.465947
358 0.466421
359 0.467656
360 0.468424
361 0.46843
362 0.46931
363 0.470697
364 0.472002
365 0.473772
366 0.474576
367 0.475573
368 0.476557
369 0.478368
370 0.479591
371 0.480875
372 0.481296
373 0.482622
374 0.484298
375 0.485569
376 0.486659
377 0.486903
378 0.487517
379 0.488616
380 0.489404
381 0.491494
382 0.491959
383 0.493232
384 0.494942
385 0.495761
386 0.496791
387 0.496744
388 0.496999
389 0.497227
390 0.497763
391 0.499101
392 0.499409
393 0.499164
394 0.499789
395 0.501203
396 0.503026
397 0.503634
398 0.505239
399 0.505911
400 0.506765
401 0.507728
402 0.508694
403 0.508913
404 0.509453
405 0.510377
406 0.511944
407 0.512226
408 0.512362
409 0.513363
410 0.514051
411 0.513738
412 0.514847
413 0.51615
414 0.517471
415 0.518733
416 0.51947
417 0.519715
418 0.520388
419 0.521052
420 0.521814
421 0.522878
422 0.524713
423 0.525551
424 0.526706
425 0.528303
426 0.527458
427 0.52806
428 0.528754
429 0.529864
430 0.530418
431 0.531478
432 0.532273
433 0.533505
434 0.533874
435 0.534688
436 0.534697
437 0.536234
438 0.537132
439 0.538512
440 0.539126
441 0.53996
442 0.542173
443 0.542889
444 0.543945
445 0.543904
446 0.544876
447 0.545815
448 0.545958
449 0.546265
450 0.547085
451 0.547765
452 0.548314
453 0.548878
454 0.550219
455 0.551688
456 0.551662
457 0.552417
458 0.552952
459 0.553167
460 0.554251
461 0.554966
462 0.55573
463 0.557439
464 0.558534
465 0.558535
466 0.559043
467 0.559378
468 0.560528
469 0.560942
470 0.562108
471 0.562962
472 0.563964
473 0.565052
474 0.566545
475 0.566994
476 0.56734
477 0.567482
478 0.568277
479 0.568789
480 0.570035
481 0.570141
482 0.570726
483 0.571803
484 0.572219
485 0.572901
486 0.572715
487 0.573438
488 0.573871
489 0.574706
490 0.57562
491 0.575476
492 0.575532
493 0.576825
494 0.577393
495 0.578122
496 0.57937
497 0.580441
498 0.580668
499 0.581257
500 0.58201
501 0.5828
502 0.583265
503 0.584298
504 0.584767
505 0.585532
506 0.587195
507 0.587552
508 0.588829
509 0.588667
510 0.589791
511 0.591176
512 0.592061
513 0.594
514 0.594886
515 0.595581
516 0.5969
517 0.597593
518 0.597301
519 0.596971
520 0.598371
521 0.598852
522 0.599469
523 0.600492
524 0.600947
525 0.602065
526 0.602731
527 0.602684
528 0.603852
529 0.60568
530 0.606057
531 0.60723
532 0.606712
533 0.607398
534 0.608348
535 0.610304
536 0.611092
537 0.612393
538 0.612413
539 0.612774
540 0.614247
541 0.614912
542 0.616568
543 0.617434
544 0.618022
545 0.618881
546 0.620051
547 0.620418
548 0.621044
549 0.621923
550 0.623031
551 0.624283
552 0.624118
553 0.62504
554 0.625176
555 0.625538
556 0.625278
557 0.626078
558 0.626307
559 0.626376
560 0.626511
561 0.626946
562 0.627753
563 0.62795
564 0.629543
565 0.631111
566 0.630711
567 0.63173
568 0.632295
569 0.633474
570 0.634143
571 0.634896
572 0.635548
573 0.635972
574 0.636717
575 0.637146
576 0.637883
577 0.637968
578 0.638028
579 0.638864
580 0.639422
581 0.640418
582 0.64104
583 0.641305
584 0.640893
585 0.640987
586 0.641045
587 0.641299
588 0.641269
589 0.64223
590 0.642406
591 0.642332
592 0.642296
593 0.641802
594 0.64234
595 0.6435
596 0.643835
597 0.644581
598 0.645133
599 0.645478
600 0.645956
601 0.647507
602 0.647695
603 0.648082
604 0.648672
605 0.649046
606 0.650565
607 0.650949
608 0.652709
609 0.653526
610 0.655036
611 0.656237
612 0.658407
613 0.658647
614 0.658459
615 0.657945
616 0.658879
617 0.658658
618 0.659152
619 0.660622
620 0.661768
621 0.662231
622 0.663164
623 0.66368
624 0.663799
625 0.664292
626 0.66505
627 0.666082
628 0.668362
629 0.669525
630 0.669805
631 0.670787
632 0.672308
633 0.672888
634 0.672776
635 0.672771
636 0.673596
637 0.674887
638 0.675538
639 0.675874
640 0.677411
641 0.677454
642 0.678009
643 0.678391
644 0.678508
645 0.680326
646 0.681115
647 0.681216
648 0.681755
649 0.682909
650 0.683804
651 0.68406
652 0.684726
653 0.685547
654 0.687182
655 0.688241
656 0.688802
657 0.68953
658 0.69057
659 0.691613
660 0.693554
661 0.694009
662 0.694528
663 0.69564
664 0.695926
665 0.696814
666 0.698325
667 0.698982
668 0.699571
669 0.700156
670 0.700635
671 0.701161
672 0.702655
673 0.702935
674 0.704123
675 0.705006
676 0.705582
677 0.707053
678 0.708384
679 0.708501
680 0.70888
681 0.708955
682 0.709404
683 0.710258
684 0.711249
685 0.712459
686 0.712915
687 0.713436
688 0.714647
689 0.714371
690 0.714305
691 0.714387
692 0.714999
693 0.71553
694 0.715791
695 0.716973
696 0.717912
697 0.718277
698 0.718397
699 0.718844
700 0.719559
701 0.720335
702 0.721408
703 0.721661
704 0.722541
705 0.722192
706 0.721919
707 0.721994
708 0.722134
709 0.722187
710 0.722753
711 0.724037
712 0.724469
713 0.725505
714 0.726388
715 0.726696
716 0.727279
717 0.726976
718 0.726576
719 0.727052
720 0.728079
721 0.728679
722 0.729524
723 0.729976
724 0.729882
725 0.730135
726 0.730435
727 0.73098
728 0.731775
729 0.732218
730 0.73198
731 0.732763
732 0.732955
733 0.733019
734 0.733312
735 0.734003
736 0.734969
737 0.736658
738 0.736729
739 0.7376
740 0.738017
741 0.738677
742 0.739114
743 0.739441
744 0.739713
745 0.739698
746 0.739795
747 0.740516
748 0.740725
749 0.741381
750 0.741622
751 0.742903
752 0.74238
753 0.74406
754 0.744521
755 0.744924
756 0.744665
757 0.745147
758 0.745079
759 0.746195
760 0.746915
761 0.747004
762 0.747212
763 0.747934
764 0.749367
765 0.749625
766 0.750197
767 0.750292
768 0.750017
769 0.750403
770 0.751239
771 0.751094
772 0.751484
773 0.751532
774 0.75266
775 0.753511
776 0.754211
777 0.754694
778 0.755082
779 0.75644
780 0.756593
781 0.756757
782 0.757219
783 0.757799
784 0.7576
785 0.758359
786 0.758481
787 0.760005
788 0.760584
789 0.760166
790 0.760453
791 0.760867
792 0.762346
793 0.762447
794 0.76279
795 0.763249
796 0.764474
797 0.764154
798 0.764785
799 0.765315
800 0.765623
801 0.76582
802 0.766841
803 0.767778
804 0.76817
805 0.768509
806 0.76899
807 0.76939
808 0.769618
809 0.769587
810 0.769826
811 0.770118
812 0.770774
813 0.770588
814 0.770094
815 0.770109
816 0.77056
817 0.771286
818 0.771881
819 0.772852
820 0.773177
821 0.773219
822 0.773589
823 0.774687
824 0.775292
825 0.774801
826 0.774719
827 0.775268
828 0.776292
829 0.776193
830 0.777277
831 0.778582
832 0.779235
833 0.779236
834 0.779141
835 0.779987
836 0.780032
837 0.780597
838 0.781811
839 0.781628
840 0.781287
841 0.781199
842 0.781826
843 0.783062
844 0.783564
845 0.783571
846 0.784093
847 0.784708
848 0.784762
849 0.78506
850 0.785108
851 0.785459
852 0.786684
853 0.787059
854 0.787729
855 0.787604
856 0.787467
857 0.787145
858 0.787798
859 0.788021
860 0.788737
861 0.789557
862 0.789605
863 0.790437
864 0.790502
865 0.791769
866 0.791875
867 0.7921
868 0.793026
869 0.792807
870 0.793194
871 0.793917
872 0.794103
873 0.794779
874 0.795172
875 0.795017
876 0.795388
877 0.79583
878 0.797445
879 0.798085
880 0.799006
881 0.799121
882 0.799302
883 0.799869
884 0.800566
885 0.800781
886 0.800779
887 0.800834
888 0.801098
889 0.800791
890 0.800862
891 0.802026
892 0.803356
893 0.804002
894 0.80442
895 0.805619
896 0.806205
897 0.806245
898 0.806386
899 0.806803
900 0.807292
901 0.807291
902 0.807863
903 0.808091
904 0.808541
905 0.808937
906 0.809062
907 0.808397
908 0.80821
909 0.808857
910 0.808625
911 0.809
912 0.809545
913 0.809526
914 0.8104
915 0.810908
916 0.81144
917 0.812483
918 0.812442
919 0.812872
920 0.813023
921 0.81202
922 0.812796
923 0.813337
924 0.813602
925 0.814081
926 0.814708
927 0.814605
928 0.815001
929 0.814937
930 0.815855
931 0.816339
932 0.816281
933 0.816374
934 0.817275
935 0.817258
936 0.817807
937 0.818864
938 0.819534
939 0.820084
940 0.820595
941 0.820738
942 0.821125
943 0.821162
944 0.821404
945 0.822764
946 0.822939
947 0.823322
948 0.823778
949 0.823831
950 0.824355
951 0.825245
952 0.826091
953 0.826284
954 0.826726
955 0.827146
956 0.82772
957 0.827348
958 0.827928
959 0.828459
960 0.829339
961 0.829276
962 0.82998
963 0.830598
964 0.831075
965 0.830948
966 0.831314
967 0.831365
968 0.831751
969 0.831743
970 0.832364
971 0.83174
972 0.83182
973 0.832179
974 0.832337
975 0.832902
976 0.83303
977 0.833448
978 0.833814
979 0.833982
980 0.833827
981 0.833536
982 0.834185
983 0.834778
984 0.83518
985 0.835547
986 0.835972
987 0.836281
988 0.836559
989 0.83655
990 0.8378
991 0.838073
992 0.83807
993 0.83839
994 0.839155
995 0.83852
996 0.83853
997 0.838437
998 0.839079
999 0.8392
1000 0.839864
1000 0.839864
