# Iteration MagnetizationX 
1 0.00272263
2 0.00378085
3 0.00490172
4 0.00610255
5 0.00732255
6 0.00859638
7 0.00994574
8 0.011363
9 0.0128613
10 0.0144391
11 0.0160645
12 0.0177524
13 0.0195046
14 0.0213332
15 0.0232232
16 0.0251921
17 0.0271957
18 0.0292247
19 0.0312864
20 0.0333194
21 0.0352734
22 0.0372703
23 0.0392118
24 0.0411875
25 0.0432178
26 0.0452168
27 0.0472468
28 0.0492683
29 0.0512603
30 0.0532591
31 0.0552463
32 0.0571979
33 0.059116
34 0.0609955
35 0.0628297
36 0.0646563
37 0.0664825
38 0.0682631
39 0.0699932
40 0.0716956
41 0.0733846
42 0.0750628
43 0.0767376
44 0.0783896
45 0.0800269
46 0.081656
47 0.0832714
48 0.0848725
49 0.0864604
50 0.0880295
51 0.0895812
52 0.0911301
53 0.0926717
54 0.0942079
55 0.0957398
56 0.097258
57 0.0987806
58 0.100312
59 0.101845
60 0.103371
61 0.104906
62 0.106448
63 0.107989
64 0.109527
65 0.111068
66 0.112596
67 0.114113
68 0.115624
69 0.117137
70 0.118648
71 0.120156
72 0.121658
73 0.123157
74 0.124652
75 0.126141
76 0.127622
77 0.129096
78 0.130565
79 0.132022
80 0.133478
81 0.13493
82 0.136379
83 0.137825
84 0.139268
85 0.140709
86 0.142144
87 0.143573
88 0.144998
89 0.146419
90 0.147834
91 0.149247
92 0.150655
93 0.152055
94 0.153449
95 0.154838
96 0.156223
97 0.157604
98 0.158982
99 0.160356
100 0.161728
101 0.163096
102 0.164462
103 0.165821
104 0.167175
105 0.168526
106 0.169873
107 0.171215
108 0.172554
109 0.17389
110 0.175222
111 0.17655
112 0.177875
113 0.179197
114 0.180514
115 0.181827
116 0.183136
117 0.184441
118 0.185744
119 0.187043
120 0.188339
121 0.189632
122 0.190921
123 0.192208
124 0.193495
125 0.19478
126 0.196062
127 0.197341
128 0.198618
129 0.199893
130 0.201163
131 0.202427
132 0.203689
133 0.204947
134 0.206204
135 0.207461
136 0.208716
137 0.209969
138 0.211219
139 0.212466
140 0.213711
141 0.214954
142 0.216195
143 0.217433
144 0.21867
145 0.219904
146 0.221136
147 0.222367
148 0.223595
149 0.224821
150 0.226046
151 0.227268
152 0.228488
153 0.229707
154 0.230924
155 0.23214
156 0.233354
157 0.234566
158 0.235776
159 0.236982
160 0.238185
161 0.239386
162 0.240584
163 0.241781
164 0.242975
165 0.244168
166 0.245358
167 0.246545
168 0.247731
169 0.248914
170 0.250094
171 0.251272
172 0.252447
173 0.253621
174 0.254792
175 0.255961
176 0.257128
177 0.258293
178 0.259456
179 0.260617
180 0.261776
181 0.262933
182 0.264089
183 0.265242
184 0.266393
185 0.267543
186 0.26869
187 0.269836
188 0.27098
189 0.272121
190 0.273261
191 0.274399
192 0.275534
193 0.276668
194 0.2778
195 0.278929
196 0.280057
197 0.281182
198 0.282305
199 0.283426
200 0.284545
201 0.285662
202 0.286777
203 0.287891
204 0.289002
205 0.290111
206 0.291218
207 0.292323
208 0.293427
209 0.294528
210 0.295628
211 0.296726
212 0.297823
213 0.298918
214 0.300011
215 0.301103
216 0.302194
217 0.303283
218 0.304371
219 0.305458
220 0.306543
221 0.307628
222 0.308711
223 0.309794
224 0.310875
225 0.311955
226 0.313035
227 0.314113
228 0.315191
229 0.316268
230 0.317344
231 0.31842
232 0.319495
233 0.320569
234 0.321643
235 0.322716
236 0.323789
237 0.324861
238 0.325933
239 0.327005
240 0.328076
241 0.329147
242 0.330218
243 0.331289
244 0.33236
245 0.33343
246 0.334501
247 0.335571
248 0.336641
249 0.337712
250 0.338782
251 0.339852
252 0.340922
253 0.341992
254 0.343062
255 0.344132
256 0.345203
257 0.346273
258 0.347343
259 0.348413
260 0.349483
261 0.350553
262 0.351623
263 0.352693
264 0.353764
265 0.354834
266 0.355905
267 0.356977
268 0.358048
269 0.35912
270 0.360191
271 0.361264
272 0.362336
273 0.363408
274 0.364481
275 0.365555
276 0.366628
277 0.367702
278 0.368776
279 0.36985
280 0.370925
281 0.372
282 0.373075
283 0.374151
284 0.375227
285 0.376303
286 0.37738
287 0.378456
288 0.379533
289 0.380611
290 0.381688
291 0.382766
292 0.383844
293 0.384923
294 0.386001
295 0.38708
296 0.388159
297 0.389238
298 0.390317
299 0.391396
300 0.392475
301 0.393555
302 0.394634
303 0.395713
304 0.396793
305 0.397872
306 0.398951
307 0.40003
308 0.401109
309 0.402187
310 0.403265
311 0.404343
312 0.405421
313 0.406498
314 0.407575
315 0.408651
316 0.409726
317 0.410802
318 0.411876
319 0.41295
320 0.414023
321 0.415096
322 0.416168
323 0.417239
324 0.41831
325 0.419379
326 0.420448
327 0.421517
328 0.422584
329 0.423652
330 0.424718
331 0.425784
332 0.426849
333 0.427913
334 0.428977
335 0.43004
336 0.431102
337 0.432164
338 0.433225
339 0.434286
340 0.435346
341 0.436406
342 0.437465
343 0.438523
344 0.439581
345 0.440639
346 0.441695
347 0.442752
348 0.443808
349 0.444863
350 0.445918
351 0.446973
352 0.448028
353 0.449082
354 0.450137
355 0.451191
356 0.452245
357 0.453299
358 0.454352
359 0.455405
360 0.456457
361 0.457509
362 0.458561
363 0.459612
364 0.460662
365 0.461712
366 0.462761
367 0.46381
368 0.464858
369 0.465905
370 0.466951
371 0.467996
372 0.469041
373 0.470085
374 0.471127
375 0.472169
376 0.47321
377 0.47425
378 0.47529
379 0.476328
380 0.477365
381 0.478401
382 0.479437
383 0.480471
384 0.481504
385 0.482537
386 0.483568
387 0.484599
388 0.485628
389 0.486656
390 0.487684
391 0.48871
392 0.489735
393 0.49076
394 0.491783
395 0.492805
396 0.493827
397 0.494847
398 0.495866
399 0.496885
400 0.497902
401 0.498918
402 0.499934
403 0.500948
404 0.501961
405 0.502973
406 0.503984
407 0.504994
408 0.506003
409 0.507012
410 0.508019
411 0.509025
412 0.51003
413 0.511033
414 0.512036
415 0.513038
416 0.514039
417 0.515039
418 0.516037
419 0.517035
420 0.518032
421 0.519027
422 0.520021
423 0.521015
424 0.522007
425 0.522998
426 0.523988
427 0.524977
428 0.525965
429 0.526952
430 0.527937
431 0.528922
432 0.529905
433 0.530887
434 0.531869
435 0.532848
436 0.533827
437 0.534805
438 0.535781
439 0.536757
440 0.537731
441 0.538704
442 0.539676
443 0.540646
444 0.541615
445 0.542584
446 0.543551
447 0.544516
448 0.545481
449 0.546444
450 0.547406
451 0.548367
452 0.549327
453 0.550285
454 0.551242
455 0.552198
456 0.553153
457 0.554107
458 0.555059
459 0.55601
460 0.55696
461 0.557909
462 0.558856
463 0.559803
464 0.560748
465 0.561692
466 0.562634
467 0.563576
468 0.564516
469 0.565456
470 0.566394
471 0.56733
472 0.568266
473 0.569201
474 0.570134
475 0.571066
476 0.571998
477 0.572927
478 0.573856
479 0.574784
480 0.57571
481 0.576636
482 0.57756
483 0.578483
484 0.579405
485 0.580326
486 0.581245
487 0.582164
488 0.583081
489 0.583997
490 0.584911
491 0.585825
492 0.586737
493 0.587648
494 0.588558
495 0.589467
496 0.590374
497 0.59128
498 0.592185
499 0.593089
500 0.593991
501 0.594892
502 0.595792
503 0.596691
504 0.597588
505 0.598484
506 0.599379
507 0.600273
508 0.601165
509 0.602056
510 0.602945
511 0.603834
512 0.604721
513 0.605606
514 0.606491
515 0.607374
516 0.608256
517 0.609136
518 0.610015
519 0.610893
520 0.61177
521 0.612645
522 0.613519
523 0.614392
524 0.615263
525 0.616133
526 0.617001
527 0.617869
528 0.618735
529 0.619599
530 0.620462
531 0.621324
532 0.622185
533 0.623044
534 0.623902
535 0.624758
536 0.625613
537 0.626467
538 0.62732
539 0.628171
540 0.62902
541 0.629869
542 0.630715
543 0.631561
544 0.632405
545 0.633248
546 0.634089
547 0.634929
548 0.635768
549 0.636605
550 0.637441
551 0.638275
552 0.639108
553 0.63994
554 0.64077
555 0.641599
556 0.642426
557 0.643252
558 0.644076
559 0.644899
560 0.645721
561 0.646541
562 0.647359
563 0.648176
564 0.648992
565 0.649806
566 0.650618
567 0.651429
568 0.652238
569 0.653046
570 0.653852
571 0.654657
572 0.65546
573 0.656261
574 0.65706
575 0.657858
576 0.658654
577 0.659449
578 0.660241
579 0.661032
580 0.661821
581 0.662608
582 0.663394
583 0.664178
584 0.664959
585 0.665739
586 0.666517
587 0.667294
588 0.668068
589 0.66884
590 0.669611
591 0.67038
592 0.671146
593 0.671911
594 0.672674
595 0.673435
596 0.674195
597 0.674952
598 0.675707
599 0.676461
600 0.677212
601 0.677962
602 0.67871
603 0.679456
604 0.6802
605 0.680942
606 0.681682
607 0.682421
608 0.683157
609 0.683892
610 0.684625
611 0.685356
612 0.686085
613 0.686812
614 0.687537
615 0.688261
616 0.688983
617 0.689703
618 0.690421
619 0.691137
620 0.691851
621 0.692564
622 0.693275
623 0.693984
624 0.694691
625 0.695397
626 0.696101
627 0.696803
628 0.697503
629 0.698201
630 0.698898
631 0.699593
632 0.700286
633 0.700978
634 0.701667
635 0.702355
636 0.703042
637 0.703726
638 0.704409
639 0.70509
640 0.705769
641 0.706447
642 0.707123
643 0.707797
644 0.70847
645 0.709141
646 0.70981
647 0.710478
648 0.711144
649 0.711808
650 0.71247
651 0.713131
652 0.713791
653 0.714448
654 0.715104
655 0.715759
656 0.716411
657 0.717062
658 0.717712
659 0.71836
660 0.719006
661 0.719651
662 0.720294
663 0.720935
664 0.721575
665 0.722213
666 0.72285
667 0.723485
668 0.724118
669 0.72475
670 0.72538
671 0.726009
672 0.726636
673 0.727262
674 0.727886
675 0.728509
676 0.72913
677 0.729749
678 0.730367
679 0.730983
680 0.731598
681 0.732211
682 0.732823
683 0.733434
684 0.734042
685 0.73465
686 0.735255
687 0.73586
688 0.736462
689 0.737064
690 0.737663
691 0.738262
692 0.738859
693 0.739454
694 0.740048
695 0.74064
696 0.741231
697 0.741821
698 0.742409
699 0.742995
700 0.74358
701 0.744164
702 0.744746
703 0.745327
704 0.745906
705 0.746484
706 0.747061
707 0.747636
708 0.74821
709 0.748782
710 0.749353
711 0.749922
712 0.75049
713 0.751057
714 0.751622
715 0.752186
716 0.752749
717 0.75331
718 0.75387
719 0.754428
720 0.754985
721 0.755541
722 0.756095
723 0.756648
724 0.757199
725 0.757749
726 0.758298
727 0.758846
728 0.759392
729 0.759937
730 0.76048
731 0.761022
732 0.761563
733 0.762103
734 0.762641
735 0.763178
736 0.763713
737 0.764248
738 0.764781
739 0.765312
740 0.765843
741 0.766372
742 0.766899
743 0.767426
744 0.767951
745 0.768475
746 0.768998
747 0.769519
748 0.770039
749 0.770558
750 0.771075
751 0.771592
752 0.772107
753 0.77262
754 0.773133
755 0.773644
756 0.774154
757 0.774663
758 0.775171
759 0.775677
760 0.776182
761 0.776686
762 0.777189
763 0.77769
764 0.77819
765 0.778689
766 0.779187
767 0.779684
768 0.780179
769 0.780673
770 0.781166
771 0.781658
772 0.782149
773 0.782638
774 0.783126
775 0.783613
776 0.784099
777 0.784584
778 0.785068
779 0.78555
780 0.786031
781 0.786511
782 0.78699
783 0.787468
784 0.787944
785 0.78842
786 0.788894
787 0.789367
788 0.789839
789 0.79031
790 0.79078
791 0.791248
792 0.791716
793 0.792182
794 0.792647
795 0.793111
796 0.793574
797 0.794036
798 0.794497
799 0.794957
800 0.795415
801 0.795873
802 0.796329
803 0.796784
804 0.797238
805 0.797691
806 0.798143
807 0.798594
808 0.799044
809 0.799493
810 0.79994
811 0.800387
812 0.800832
813 0.801277
814 0.80172
815 0.802163
816 0.802604
817 0.803044
818 0.803483
819 0.803921
820 0.804358
821 0.804794
822 0.805229
823 0.805663
824 0.806096
825 0.806528
826 0.806959
827 0.807389
828 0.807818
829 0.808245
830 0.808672
831 0.809098
832 0.809523
833 0.809946
834 0.810369
835 0.810791
836 0.811211
837 0.811631
838 0.81205
839 0.812467
840 0.812884
841 0.8133
842 0.813715
843 0.814128
844 0.814541
845 0.814953
846 0.815364
847 0.815773
848 0.816182
849 0.81659
850 0.816997
851 0.817403
852 0.817808
853 0.818212
854 0.818615
855 0.819017
856 0.819418
857 0.819819
858 0.820218
859 0.820616
860 0.821014
861 0.82141
862 0.821805
863 0.8222
864 0.822594
865 0.822986
866 0.823378
867 0.823769
868 0.824159
869 0.824548
870 0.824936
871 0.825323
872 0.82571
873 0.826095
874 0.826479
875 0.826863
876 0.827246
877 0.827627
878 0.828008
879 0.828388
880 0.828767
881 0.829145
882 0.829523
883 0.829899
884 0.830274
885 0.830649
886 0.831023
887 0.831396
888 0.831768
889 0.832139
890 0.832509
891 0.832878
892 0.833247
893 0.833614
894 0.833981
895 0.834347
896 0.834712
897 0.835076
898 0.83544
899 0.835802
900 0.836164
901 0.836525
902 0.836885
903 0.837244
904 0.837602
905 0.83796
906 0.838316
907 0.838672
908 0.839027
909 0.839381
910 0.839734
911 0.840087
912 0.840438
913 0.840789
914 0.841139
915 0.841488
916 0.841837
917 0.842184
918 0.842531
919 0.842877
920 0.843222
921 0.843566
922 0.84391
923 0.844253
924 0.844595
925 0.844936
926 0.845276
927 0.845616
928 0.845954
929 0.846292
930 0.846629
931 0.846966
932 0.847302
933 0.847636
934 0.84797
935 0.848304
936 0.848636
937 0.848968
938 0.849299
939 0.849629
940 0.849958
941 0.850287
942 0.850615
943 0.850942
944 0.851269
945 0.851594
946 0.851919
947 0.852243
948 0.852567
949 0.852889
950 0.853211
951 0.853532
952 0.853853
953 0.854172
954 0.854491
955 0.854809
956 0.855127
957 0.855443
958 0.855759
959 0.856075
960 0.856389
961 0.856703
962 0.857016
963 0.857328
964 0.85764
965 0.857951
966 0.858261
967 0.858571
968 0.858879
969 0.859187
970 0.859495
971 0.859801
972 0.860107
973 0.860412
974 0.860717
975 0.861021
976 0.861324
977 0.861626
978 0.861928
979 0.862229
980 0.862529
981 0.862829
982 0.863128
983 0.863426
984 0.863724
985 0.864021
986 0.864317
987 0.864612
988 0.864907
989 0.865201
990 0.865495
991 0.865788
992 0.86608
993 0.866371
994 0.866662
995 0.866952
996 0.867242
997 0.86753
998 0.867819
999 0.868106
1000 0.868393
1000 0.868393
