# Iteration MagnetizationX 
1 0.00472088
2 0.00297544
3 0.000799782
4 0.00190676
5 0.00443454
6 0.00265183
7 0.00245335
8 0.00224806
9 0.00183892
10 0.0035098
11 0.00335274
12 0.00447832
13 0.00498695
14 0.00681344
15 0.0101418
16 0.0113193
17 0.01261
18 0.0144642
19 0.0111529
20 0.0131612
21 0.0169226
22 0.0224249
23 0.0226965
24 0.0241967
25 0.0242192
26 0.025115
27 0.0277258
28 0.028408
29 0.0321385
30 0.0353935
31 0.0387513
32 0.0370865
33 0.039482
34 0.0420526
35 0.0438805
36 0.0462529
37 0.0459026
38 0.0475429
39 0.0523791
40 0.051845
41 0.0500453
42 0.0506934
43 0.0541595
44 0.0548317
45 0.0531128
46 0.0559747
47 0.0561322
48 0.0548366
49 0.0560307
50 0.0542029
51 0.0543904
52 0.0563341
53 0.0589322
54 0.0602576
55 0.0606528
56 0.0580842
57 0.0591052
58 0.0653284
59 0.069029
60 0.0683369
61 0.0695808
62 0.0685365
63 0.0683951
64 0.0700113
65 0.068995
66 0.0711636
67 0.0776627
68 0.0769393
69 0.0775284
70 0.0812398
71 0.081519
72 0.0856309
73 0.083915
74 0.0845186
75 0.0863858
76 0.0897287
77 0.0871257
78 0.0903473
79 0.0924598
80 0.0924566
81 0.0953029
82 0.0975833
83 0.101644
84 0.106534
85 0.108469
86 0.107687
87 0.110215
88 0.112584
89 0.115406
90 0.119134
91 0.119718
92 0.1215
93 0.11962
94 0.119213
95 0.120625
96 0.122101
97 0.123418
98 0.127474
99 0.12583
100 0.128307
101 0.128114
102 0.127086
103 0.12877
104 0.128078
105 0.129907
106 0.132098
107 0.133598
108 0.135373
109 0.136707
110 0.139441
111 0.138367
112 0.139553
113 0.139277
114 0.139164
115 0.138719
116 0.139774
117 0.142913
118 0.144151
119 0.149885
120 0.153388
121 0.157895
122 0.1554
123 0.158856
124 0.159256
125 0.158709
126 0.160365
127 0.167203
128 0.170772
129 0.171147
130 0.170094
131 0.171676
132 0.176234
133 0.180644
134 0.180346
135 0.181826
136 0.180871
137 0.181435
138 0.181787
139 0.180761
140 0.180009
141 0.179472
142 0.182392
143 0.184791
144 0.180874
145 0.181884
146 0.185387
147 0.18621
148 0.189421
149 0.188315
150 0.186932
151 0.191143
152 0.189434
153 0.188283
154 0.187887
155 0.187878
156 0.188356
157 0.18997
158 0.189887
159 0.193749
160 0.196097
161 0.198446
162 0.19875
163 0.199148
164 0.199853
165 0.204002
166 0.201051
167 0.203789
168 0.205482
169 0.204332
170 0.205637
171 0.208656
172 0.21041
173 0.214576
174 0.212926
175 0.213628
176 0.215428
177 0.215155
178 0.217983
179 0.215968
180 0.219823
181 0.221527
182 0.220219
183 0.2222
184 0.222548
185 0.227529
186 0.229927
187 0.230069
188 0.231344
189 0.229818
190 0.230625
191 0.234452
192 0.236007
193 0.237087
194 0.241048
195 0.242034
196 0.246156
197 0.245988
198 0.249296
199 0.248462
200 0.248399
201 0.248955
202 0.248753
203 0.247872
204 0.250456
205 0.252291
206 0.250657
207 0.251833
208 0.25669
209 0.256891
210 0.25824
211 0.259675
212 0.260565
213 0.263966
214 0.264564
215 0.265983
216 0.266404
217 0.267553
218 0.265844
219 0.265474
220 0.266656
221 0.266203
222 0.265813
223 0.268153
224 0.267431
225 0.26826
226 0.272298
227 0.277887
228 0.278222
229 0.278134
230 0.277822
231 0.276883
232 0.281239
233 0.28299
234 0.28227
235 0.282696
236 0.284007
237 0.286126
238 0.286698
239 0.28768
240 0.291481
241 0.29188
242 0.288562
243 0.289157
244 0.289848
245 0.28788
246 0.289932
247 0.289413
248 0.289096
249 0.287821
250 0.287882
251 0.285704
252 0.286572
253 0.2882
254 0.284458
255 0.283096
256 0.282352
257 0.278612
258 0.28019
259 0.281195
260 0.283921
261 0.286591
262 0.285191
263 0.286061
264 0.286262
265 0.2896
266 0.28944
267 0.289057
268 0.292687
269 0.293598
270 0.295772
271 0.29515
272 0.298282
273 0.301944
274 0.299845
275 0.299944
276 0.301753
277 0.302358
278 0.299877
279 0.301453
280 0.302387
281 0.307557
282 0.309282
283 0.313484
284 0.312473
285 0.313647
286 0.312209
287 0.316505
288 0.316714
289 0.317125
290 0.317123
291 0.315248
292 0.311601
293 0.31037
294 0.31365
295 0.314043
296 0.310226
297 0.312707
298 0.312047
299 0.310795
300 0.312429
301 0.313065
302 0.314907
303 0.315705
304 0.314373
305 0.315278
306 0.315892
307 0.315422
308 0.314885
309 0.313872
310 0.309753
311 0.313493
312 0.317641
313 0.320835
314 0.323131
315 0.32265
316 0.327213
317 0.326166
318 0.326305
319 0.327687
320 0.326534
321 0.329581
322 0.329966
323 0.331331
324 0.32844
325 0.330663
326 0.332353
327 0.331924
328 0.335744
329 0.337252
330 0.336017
331 0.33423
332 0.33828
333 0.338521
334 0.337462
335 0.335654
336 0.337501
337 0.341334
338 0.340715
339 0.341682
340 0.342852
341 0.347042
342 0.348912
343 0.349556
344 0.345978
345 0.341631
346 0.341287
347 0.341676
348 0.340878
349 0.342582
350 0.344984
351 0.343536
352 0.342993
353 0.343279
354 0.344026
355 0.346516
356 0.345798
357 0.34469
358 0.344885
359 0.347615
360 0.348217
361 0.34814
362 0.349703
363 0.35524
364 0.355579
365 0.356848
366 0.357922
367 0.357776
368 0.358167
369 0.357144
370 0.35413
371 0.357012
372 0.358521
373 0.363596
374 0.363262
375 0.364672
376 0.367293
377 0.366889
378 0.368067
379 0.366751
380 0.367252
381 0.367532
382 0.364522
383 0.366148
384 0.362609
385 0.362791
386 0.362702
387 0.361613
388 0.362973
389 0.363333
390 0.362955
391 0.358282
392 0.358069
393 0.355299
394 0.358518
395 0.357702
396 0.36047
397 0.35796
398 0.360875
399 0.363126
400 0.366038
401 0.367925
402 0.366879
403 0.368436
404 0.369218
405 0.371904
406 0.368824
407 0.369693
408 0.367801
409 0.368342
410 0.36886
411 0.371257
412 0.372954
413 0.373325
414 0.37144
415 0.370872
416 0.370395
417 0.373288
418 0.378021
419 0.38265
420 0.37989
421 0.385218
422 0.386161
423 0.386464
424 0.3883
425 0.3898
426 0.38774
427 0.384671
428 0.388442
429 0.389003
430 0.393008
431 0.395268
432 0.396541
433 0.39713
434 0.397115
435 0.394112
436 0.39375
437 0.394204
438 0.390859
439 0.392346
440 0.395038
441 0.394342
442 0.396548
443 0.396963
444 0.397437
445 0.398621
446 0.398161
447 0.39731
448 0.398137
449 0.397835
450 0.399046
451 0.401452
452 0.398708
453 0.398786
454 0.401914
455 0.401534
456 0.403454
457 0.404485
458 0.403704
459 0.404601
460 0.406427
461 0.404373
462 0.40248
463 0.40067
464 0.404561
465 0.404306
466 0.402775
467 0.401709
468 0.39983
469 0.401691
470 0.400998
471 0.400853
472 0.402505
473 0.404135
474 0.406187
475 0.40748
476 0.405898
477 0.405423
478 0.408078
479 0.407742
480 0.407438
481 0.410668
482 0.411362
483 0.411382
484 0.410524
485 0.411084
486 0.410966
487 0.410835
488 0.41304
489 0.412943
490 0.413968
491 0.416155
492 0.418892
493 0.416353
494 0.417726
495 0.41748
496 0.41702
497 0.415055
498 0.416743
499 0.417059
500 0.417114
501 0.417259
502 0.41929
503 0.421031
504 0.423087
505 0.420309
506 0.420919
507 0.419679
508 0.42111
509 0.421947
510 0.422865
511 0.422722
512 0.422682
513 0.421452
514 0.420888
515 0.425127
516 0.424262
517 0.425948
518 0.425527
519 0.426632
520 0.429935
521 0.430396
522 0.429249
523 0.430497
524 0.428796
525 0.433091
526 0.43237
527 0.431187
528 0.426825
529 0.427226
530 0.42831
531 0.426106
532 0.426938
533 0.424418
534 0.426104
535 0.426377
536 0.424536
537 0.426275
538 0.427742
539 0.426104
540 0.426288
541 0.426003
542 0.427951
543 0.424956
544 0.427649
545 0.426868
546 0.425231
547 0.425402
548 0.425923
549 0.424476
550 0.420548
551 0.42277
552 0.422711
553 0.424015
554 0.422345
555 0.426378
556 0.424283
557 0.422759
558 0.422698
559 0.421837
560 0.421373
561 0.418759
562 0.421823
563 0.421799
564 0.42006
565 0.41788
566 0.418458
567 0.422419
568 0.421579
569 0.422025
570 0.421171
571 0.418817
572 0.419274
573 0.419809
574 0.417271
575 0.418896
576 0.419774
577 0.421188
578 0.422028
579 0.423622
580 0.428813
581 0.427965
582 0.427384
583 0.426744
584 0.427802
585 0.428938
586 0.430027
587 0.433487
588 0.433191
589 0.432176
590 0.433822
591 0.436935
592 0.437645
593 0.435914
594 0.433691
595 0.435385
596 0.433303
597 0.433054
598 0.433058
599 0.433509
600 0.433051
601 0.435245
602 0.4373
603 0.433739
604 0.435523
605 0.435017
606 0.437666
607 0.440685
608 0.441085
609 0.438017
610 0.436849
611 0.436458
612 0.437288
613 0.434218
614 0.435451
615 0.438147
616 0.439275
617 0.441115
618 0.440205
619 0.441695
620 0.440792
621 0.439692
622 0.440107
623 0.437239
624 0.436858
625 0.439084
626 0.44007
627 0.439297
628 0.439889
629 0.43897
630 0.43809
631 0.438583
632 0.44201
633 0.444136
634 0.44665
635 0.446794
636 0.442928
637 0.443816
638 0.446029
639 0.447286
640 0.447996
641 0.450951
642 0.449204
643 0.446148
644 0.44562
645 0.446382
646 0.449128
647 0.451396
648 0.450408
649 0.44996
650 0.449566
651 0.450724
652 0.450784
653 0.450004
654 0.450791
655 0.451354
656 0.451548
657 0.449517
658 0.447732
659 0.449002
660 0.451058
661 0.450276
662 0.452547
663 0.455391
664 0.456456
665 0.454687
666 0.454478
667 0.456995
668 0.455644
669 0.454992
670 0.458154
671 0.453993
672 0.451506
673 0.450066
674 0.45438
675 0.456081
676 0.453699
677 0.454879
678 0.45788
679 0.45427
680 0.453849
681 0.455317
682 0.455802
683 0.454634
684 0.455171
685 0.454612
686 0.454152
687 0.451097
688 0.447367
689 0.446502
690 0.445229
691 0.447505
692 0.447957
693 0.449781
694 0.450758
695 0.447731
696 0.443804
697 0.443775
698 0.445033
699 0.445221
700 0.447081
701 0.447986
702 0.449246
703 0.447545
704 0.447377
705 0.446027
706 0.446588
707 0.445131
708 0.444532
709 0.444122
710 0.44628
711 0.446142
712 0.448723
713 0.449437
714 0.449895
715 0.450566
716 0.450901
717 0.446048
718 0.45039
719 0.451838
720 0.452149
721 0.451419
722 0.449018
723 0.44685
724 0.446903
725 0.449405
726 0.445906
727 0.449295
728 0.45184
729 0.44781
730 0.449665
731 0.44703
732 0.445507
733 0.443328
734 0.443613
735 0.443039
736 0.442026
737 0.438462
738 0.437901
739 0.440776
740 0.439492
741 0.436397
742 0.439005
743 0.440369
744 0.439661
745 0.440148
746 0.437522
747 0.433505
748 0.4318
749 0.429575
750 0.427362
751 0.425585
752 0.42734
753 0.428981
754 0.427532
755 0.425751
756 0.426122
757 0.426736
758 0.426717
759 0.427265
760 0.430141
761 0.433206
762 0.432453
763 0.431144
764 0.433947
765 0.43524
766 0.436563
767 0.435353
768 0.432407
769 0.430932
770 0.428715
771 0.428799
772 0.42668
773 0.424435
774 0.424978
775 0.423469
776 0.426738
777 0.428565
778 0.430683
779 0.428485
780 0.426312
781 0.425611
782 0.427769
783 0.427366
784 0.42826
785 0.428595
786 0.43038
787 0.429203
788 0.427019
789 0.426392
790 0.426642
791 0.429198
792 0.43027
793 0.428767
794 0.429012
795 0.426788
796 0.428892
797 0.432258
798 0.435523
799 0.437127
800 0.436965
801 0.438187
802 0.437248
803 0.440175
804 0.439398
805 0.439619
806 0.439946
807 0.437507
808 0.436673
809 0.438541
810 0.43975
811 0.440814
812 0.440804
813 0.438705
814 0.438866
815 0.437455
816 0.435402
817 0.440768
818 0.440615
819 0.438747
820 0.438341
821 0.439834
822 0.439154
823 0.438527
824 0.436042
825 0.435149
826 0.43855
827 0.439567
828 0.438574
829 0.435607
830 0.434554
831 0.436475
832 0.436423
833 0.438798
834 0.439481
835 0.437353
836 0.438255
837 0.438849
838 0.440695
839 0.440855
840 0.44268
841 0.442113
842 0.444686
843 0.444972
844 0.441082
845 0.443907
846 0.443756
847 0.442768
848 0.44462
849 0.443285
850 0.447225
851 0.44629
852 0.448394
853 0.448232
854 0.449935
855 0.447491
856 0.446796
857 0.44804
858 0.449446
859 0.451987
860 0.451002
861 0.450585
862 0.452311
863 0.453891
864 0.456078
865 0.458292
866 0.457559
867 0.454633
868 0.451975
869 0.452208
870 0.454172
871 0.457322
872 0.456114
873 0.457324
874 0.456472
875 0.456943
876 0.455549
877 0.454608
878 0.453752
879 0.45458
880 0.451183
881 0.449996
882 0.451338
883 0.452477
884 0.453402
885 0.454067
886 0.452653
887 0.452956
888 0.451173
889 0.449137
890 0.449936
891 0.450582
892 0.451284
893 0.455029
894 0.454203
895 0.457951
896 0.456453
897 0.454041
898 0.453348
899 0.451164
900 0.449589
901 0.449749
902 0.448941
903 0.448521
904 0.450571
905 0.453142
906 0.45418
907 0.452287
908 0.453367
909 0.456437
910 0.455753
911 0.457959
912 0.452084
913 0.453958
914 0.451102
915 0.44894
916 0.448873
917 0.449906
918 0.45097
919 0.449849
920 0.44972
921 0.450823
922 0.449893
923 0.44949
924 0.451561
925 0.450959
926 0.452392
927 0.453013
928 0.451138
929 0.454025
930 0.453978
931 0.455301
932 0.457316
933 0.456851
934 0.459291
935 0.458399
936 0.455555
937 0.453782
938 0.451971
939 0.453901
940 0.452785
941 0.450526
942 0.452729
943 0.453172
944 0.452747
945 0.45559
946 0.454939
947 0.454118
948 0.452315
949 0.452703
950 0.451342
951 0.449196
952 0.452093
953 0.45131
954 0.453459
955 0.451775
956 0.454319
957 0.455209
958 0.457428
959 0.455526
960 0.451355
961 0.451255
962 0.452989
963 0.452872
964 0.451438
965 0.449044
966 0.450621
967 0.452052
968 0.452332
969 0.454441
970 0.454873
971 0.449793
972 0.450693
973 0.448715
974 0.446945
975 0.445122
976 0.446687
977 0.44912
978 0.449049
979 0.450455
980 0.449695
981 0.448042
982 0.449564
983 0.452752
984 0.452564
985 0.452776
986 0.454602
987 0.452246
988 0.453717
989 0.450456
990 0.452227
991 0.44969
992 0.453141
993 0.455473
994 0.458391
995 0.45717
996 0.457369
997 0.456762
998 0.457252
999 0.456076
1000 0.45717
1000 0.45717
