# Iteration MagnetizationX 
1 0.00226162
2 0.00393345
3 0.00471581
4 0.00551707
5 0.00776652
6 0.00955358
7 0.010647
8 0.0117983
9 0.0134334
10 0.0152761
11 0.0167226
12 0.0179387
13 0.0192737
14 0.0214057
15 0.0228548
16 0.0260441
17 0.0278502
18 0.0296448
19 0.0315966
20 0.0328658
21 0.0346725
22 0.0365341
23 0.0382857
24 0.0403562
25 0.0416163
26 0.0447365
27 0.0463796
28 0.0479779
29 0.0504209
30 0.0529897
31 0.0552221
32 0.0566425
33 0.0579828
34 0.0603125
35 0.0625023
36 0.0642902
37 0.0661967
38 0.0681442
39 0.0695916
40 0.0721602
41 0.0737499
42 0.0752407
43 0.0773774
44 0.0802051
45 0.0821649
46 0.0846548
47 0.086622
48 0.0886587
49 0.0906794
50 0.0930425
51 0.0950519
52 0.0967016
53 0.0991712
54 0.101202
55 0.102982
56 0.104026
57 0.10673
58 0.108754
59 0.109789
60 0.111597
61 0.112355
62 0.113937
63 0.115026
64 0.117075
65 0.119022
66 0.120322
67 0.122186
68 0.123322
69 0.124758
70 0.12631
71 0.127417
72 0.131176
73 0.132856
74 0.134872
75 0.135295
76 0.135907
77 0.136894
78 0.137619
79 0.138639
80 0.138285
81 0.138797
82 0.140264
83 0.142329
84 0.143607
85 0.145876
86 0.147579
87 0.149233
88 0.15154
89 0.153409
90 0.155041
91 0.156653
92 0.157953
93 0.16055
94 0.16257
95 0.16439
96 0.165019
97 0.166161
98 0.166833
99 0.167065
100 0.16887
101 0.170735
102 0.171505
103 0.172521
104 0.173823
105 0.176359
106 0.177759
107 0.17959
108 0.181646
109 0.182298
110 0.184252
111 0.184852
112 0.186295
113 0.187726
114 0.189489
115 0.191385
116 0.192403
117 0.194072
118 0.195505
119 0.19675
120 0.198088
121 0.198876
122 0.199954
123 0.201207
124 0.2025
125 0.203658
126 0.205968
127 0.206977
128 0.208898
129 0.210857
130 0.21167
131 0.213874
132 0.214797
133 0.21679
134 0.21814
135 0.219651
136 0.220385
137 0.220819
138 0.222676
139 0.223956
140 0.225469
141 0.22701
142 0.22806
143 0.229658
144 0.230442
145 0.231764
146 0.233335
147 0.233955
148 0.234824
149 0.235556
150 0.237426
151 0.238841
152 0.238849
153 0.240848
154 0.242598
155 0.243146
156 0.244067
157 0.24615
158 0.247559
159 0.248564
160 0.249475
161 0.249873
162 0.251288
163 0.253193
164 0.254513
165 0.254694
166 0.255828
167 0.256608
168 0.257885
169 0.258233
170 0.259124
171 0.26067
172 0.26236
173 0.263087
174 0.263541
175 0.264371
176 0.265851
177 0.267185
178 0.267724
179 0.269153
180 0.269958
181 0.270798
182 0.271974
183 0.272862
184 0.273998
185 0.275758
186 0.276962
187 0.278335
188 0.278026
189 0.279041
190 0.279505
191 0.279687
192 0.281188
193 0.281243
194 0.282319
195 0.283665
196 0.284233
197 0.285748
198 0.287151
199 0.288571
200 0.289984
201 0.290607
202 0.292815
203 0.293006
204 0.293666
205 0.295091
206 0.296425
207 0.29746
208 0.298554
209 0.298757
210 0.300608
211 0.301434
212 0.30285
213 0.304286
214 0.305182
215 0.30651
216 0.308073
217 0.309501
218 0.310023
219 0.310783
220 0.311267
221 0.311945
222 0.313843
223 0.314756
224 0.315728
225 0.316396
226 0.31811
227 0.319304
228 0.321105
229 0.322396
230 0.322248
231 0.324014
232 0.324997
233 0.326197
234 0.326639
235 0.327556
236 0.328054
237 0.329596
238 0.33018
239 0.330772
240 0.331863
241 0.332695
242 0.3344
243 0.334825
244 0.334823
245 0.336826
246 0.338509
247 0.340033
248 0.340399
249 0.342158
250 0.343359
251 0.344006
252 0.344769
253 0.346669
254 0.348184
255 0.349219
256 0.34998
257 0.350408
258 0.351053
259 0.352762
260 0.353964
261 0.353997
262 0.354806
263 0.356442
264 0.358601
265 0.359246
266 0.360114
267 0.361307
268 0.363241
269 0.364672
270 0.365924
271 0.365958
272 0.365728
273 0.367029
274 0.367909
275 0.369281
276 0.370061
277 0.370959
278 0.371296
279 0.370926
280 0.372775
281 0.373649
282 0.374666
283 0.37702
284 0.37798
285 0.378152
286 0.379072
287 0.380467
288 0.381259
289 0.382607
290 0.384107
291 0.384815
292 0.386213
293 0.387431
294 0.38847
295 0.389044
296 0.389836
297 0.390435
298 0.391802
299 0.393
300 0.393312
301 0.394595
302 0.395241
303 0.396701
304 0.398275
305 0.39886
306 0.401081
307 0.40281
308 0.40437
309 0.406131
310 0.407194
311 0.40883
312 0.409716
313 0.409562
314 0.409313
315 0.410326
316 0.411086
317 0.413067
318 0.413256
319 0.415073
320 0.416642
321 0.418672
322 0.41946
323 0.42085
324 0.421651
325 0.423714
326 0.425097
327 0.426882
328 0.428039
329 0.428608
330 0.429931
331 0.432197
332 0.4324
333 0.433945
334 0.436321
335 0.437162
336 0.438806
337 0.440882
338 0.442405
339 0.442214
340 0.44378
341 0.44439
342 0.44453
343 0.444854
344 0.446367
345 0.44765
346 0.449265
347 0.450712
348 0.451665
349 0.452466
350 0.45282
351 0.454872
352 0.455112
353 0.455983
354 0.457464
355 0.458143
356 0.459571
357 0.461375
358 0.462663
359 0.464351
360 0.465431
361 0.465681
362 0.465323
363 0.466294
364 0.467172
365 0.468851
366 0.469493
367 0.46938
368 0.470635
369 0.472062
370 0.473489
371 0.474998
372 0.47532
373 0.477177
374 0.477575
375 0.478648
376 0.480834
377 0.482266
378 0.483414
379 0.484691
380 0.485209
381 0.486104
382 0.488194
383 0.488927
384 0.489634
385 0.490562
386 0.491814
387 0.492695
388 0.493575
389 0.494967
390 0.496172
391 0.496792
392 0.497162
393 0.498329
394 0.499165
395 0.499804
396 0.500748
397 0.50207
398 0.501974
399 0.503687
400 0.504038
401 0.503609
402 0.504304
403 0.505489
404 0.506619
405 0.507432
406 0.508242
407 0.509014
408 0.509094
409 0.511427
410 0.512839
411 0.512274
412 0.512498
413 0.514422
414 0.515306
415 0.517384
416 0.518905
417 0.519449
418 0.521167
419 0.521286
420 0.521955
421 0.523766
422 0.524079
423 0.525237
424 0.525698
425 0.525998
426 0.525437
427 0.526275
428 0.526653
429 0.527468
430 0.528526
431 0.528742
432 0.530471
433 0.532058
434 0.533789
435 0.534693
436 0.536138
437 0.536858
438 0.538761
439 0.540486
440 0.541113
441 0.542235
442 0.542687
443 0.543133
444 0.543733
445 0.544417
446 0.54581
447 0.54704
448 0.548055
449 0.54938
450 0.549766
451 0.550938
452 0.551449
453 0.55329
454 0.554378
455 0.555758
456 0.55663
457 0.557793
458 0.559601
459 0.560494
460 0.561936
461 0.562511
462 0.562662
463 0.563297
464 0.564111
465 0.565213
466 0.566974
467 0.568272
468 0.569937
469 0.569954
470 0.57105
471 0.571161
472 0.571837
473 0.572449
474 0.574343
475 0.574879
476 0.575686
477 0.57657
478 0.57709
479 0.579149
480 0.580208
481 0.580997
482 0.58109
483 0.581664
484 0.58249
485 0.584337
486 0.584493
487 0.585944
488 0.587165
489 0.587808
490 0.588604
491 0.589429
492 0.590568
493 0.591733
494 0.592603
495 0.594614
496 0.596005
497 0.596222
498 0.597202
499 0.598619
500 0.600075
501 0.600961
502 0.601578
503 0.603309
504 0.604028
505 0.605544
506 0.606785
507 0.60727
508 0.60875
509 0.61027
510 0.611249
511 0.612169
512 0.612317
513 0.612744
514 0.613907
515 0.614579
516 0.615039
517 0.616664
518 0.617371
519 0.61761
520 0.618661
521 0.619441
522 0.619818
523 0.620478
524 0.621257
525 0.622305
526 0.623744
527 0.623491
528 0.624524
529 0.626073
530 0.626893
531 0.627291
532 0.628388
533 0.628036
534 0.628451
535 0.628886
536 0.630946
537 0.631468
538 0.632545
539 0.632757
540 0.633239
541 0.635013
542 0.636603
543 0.636798
544 0.638107
545 0.639638
546 0.641089
547 0.642179
548 0.643608
549 0.643304
550 0.644639
551 0.645637
552 0.646883
553 0.647266
554 0.647776
555 0.648365
556 0.650213
557 0.651654
558 0.652551
559 0.652635
560 0.654325
561 0.654979
562 0.656252
563 0.656497
564 0.656664
565 0.657062
566 0.65765
567 0.658485
568 0.659383
569 0.661207
570 0.662695
571 0.663756
572 0.665055
573 0.6653
574 0.667018
575 0.667783
576 0.668129
577 0.669201
578 0.670182
579 0.671027
580 0.672036
581 0.673111
582 0.674072
583 0.674786
584 0.675883
585 0.676879
586 0.677481
587 0.679361
588 0.679915
589 0.680859
590 0.681873
591 0.682394
592 0.682347
593 0.682681
594 0.684054
595 0.684542
596 0.683877
597 0.685053
598 0.685332
599 0.685926
600 0.686582
601 0.686632
602 0.687424
603 0.6883
604 0.688633
605 0.689447
606 0.689856
607 0.690643
608 0.690915
609 0.692116
610 0.692052
611 0.693535
612 0.694649
613 0.695456
614 0.695859
615 0.696345
616 0.697416
617 0.697191
618 0.698458
619 0.69974
620 0.699817
621 0.700918
622 0.700509
623 0.701825
624 0.702709
625 0.704119
626 0.704852
627 0.704716
628 0.705176
629 0.705238
630 0.706195
631 0.707408
632 0.707838
633 0.708403
634 0.708741
635 0.709193
636 0.710002
637 0.711139
638 0.712415
639 0.712714
640 0.713483
641 0.714183
642 0.714904
643 0.716025
644 0.716869
645 0.71743
646 0.718153
647 0.718689
648 0.718459
649 0.71877
650 0.719686
651 0.720723
652 0.721034
653 0.721111
654 0.721987
655 0.722285
656 0.722817
657 0.722584
658 0.723276
659 0.724039
660 0.725284
661 0.725892
662 0.72642
663 0.727286
664 0.727962
665 0.728439
666 0.729611
667 0.730625
668 0.731921
669 0.732536
670 0.733199
671 0.733809
672 0.734751
673 0.736094
674 0.736285
675 0.737486
676 0.737343
677 0.738525
678 0.73868
679 0.739763
680 0.740261
681 0.740736
682 0.74175
683 0.742197
684 0.742991
685 0.743879
686 0.74504
687 0.745238
688 0.746297
689 0.745257
690 0.746172
691 0.746307
692 0.747642
693 0.748805
694 0.750105
695 0.750668
696 0.75175
697 0.751652
698 0.75141
699 0.752043
700 0.752358
701 0.752394
702 0.753598
703 0.754459
704 0.755579
705 0.756332
706 0.756516
707 0.756847
708 0.757921
709 0.75786
710 0.758517
711 0.758849
712 0.760231
713 0.760993
714 0.76152
715 0.762802
716 0.763364
717 0.763989
718 0.764262
719 0.764597
720 0.764615
721 0.764745
722 0.765423
723 0.766866
724 0.767409
725 0.767498
726 0.767602
727 0.767693
728 0.768816
729 0.767986
730 0.769012
731 0.769227
732 0.769242
733 0.769971
734 0.770264
735 0.770714
736 0.771436
737 0.771824
738 0.772952
739 0.773994
740 0.774798
741 0.775522
742 0.77583
743 0.775267
744 0.776199
745 0.776733
746 0.776917
747 0.778165
748 0.778469
749 0.778993
750 0.779188
751 0.779783
752 0.780204
753 0.781428
754 0.781625
755 0.781456
756 0.782057
757 0.783152
758 0.783124
759 0.783075
760 0.782971
761 0.784065
762 0.783675
763 0.784349
764 0.785733
765 0.786152
766 0.786308
767 0.786487
768 0.788025
769 0.788414
770 0.788423
771 0.788957
772 0.789138
773 0.790267
774 0.790899
775 0.791592
776 0.791875
777 0.792111
778 0.793371
779 0.794182
780 0.79478
781 0.793752
782 0.794482
783 0.794622
784 0.794994
785 0.795442
786 0.795545
787 0.79684
788 0.797566
789 0.797975
790 0.797651
791 0.798119
792 0.798036
793 0.797956
794 0.798194
795 0.798179
796 0.799001
797 0.800487
798 0.800156
799 0.800581
800 0.801706
801 0.801094
802 0.801913
803 0.803027
804 0.804253
805 0.804811
806 0.805878
807 0.806854
808 0.80713
809 0.806817
810 0.807679
811 0.808341
812 0.808645
813 0.808865
814 0.809373
815 0.810009
816 0.810077
817 0.810768
818 0.810979
819 0.811696
820 0.8119
821 0.812893
822 0.813256
823 0.81339
824 0.813821
825 0.81316
826 0.813246
827 0.81417
828 0.813852
829 0.814131
830 0.815101
831 0.815554
832 0.815558
833 0.816092
834 0.816333
835 0.815739
836 0.816336
837 0.81648
838 0.816308
839 0.81741
840 0.817459
841 0.818091
842 0.819261
843 0.819206
844 0.819648
845 0.81993
846 0.820007
847 0.8203
848 0.821501
849 0.82207
850 0.821446
851 0.821621
852 0.821897
853 0.821275
854 0.821833
855 0.821687
856 0.821822
857 0.822021
858 0.822733
859 0.822684
860 0.823825
861 0.824362
862 0.824169
863 0.824834
864 0.825468
865 0.826232
866 0.826454
867 0.826967
868 0.827912
869 0.828691
870 0.828807
871 0.829689
872 0.829822
873 0.830124
874 0.83004
875 0.831426
876 0.83156
877 0.832201
878 0.832372
879 0.833204
880 0.833824
881 0.834372
882 0.834663
883 0.835251
884 0.836608
885 0.83704
886 0.837485
887 0.837734
888 0.83783
889 0.838235
890 0.837708
891 0.839058
892 0.839629
893 0.840014
894 0.840014
895 0.840197
896 0.840724
897 0.840643
898 0.84036
899 0.840868
900 0.840906
901 0.841303
902 0.84115
903 0.841438
904 0.841018
905 0.841506
906 0.841796
907 0.842003
908 0.842106
909 0.843176
910 0.843372
911 0.844204
912 0.844316
913 0.844638
914 0.845277
915 0.845683
916 0.84655
917 0.846724
918 0.847464
919 0.847599
920 0.847974
921 0.848506
922 0.848329
923 0.849199
924 0.850048
925 0.850418
926 0.850714
927 0.851459
928 0.851836
929 0.852543
930 0.853011
931 0.852978
932 0.85338
933 0.853531
934 0.854086
935 0.853725
936 0.853712
937 0.853877
938 0.854826
939 0.854753
940 0.855274
941 0.855416
942 0.85518
943 0.855358
944 0.855246
945 0.855998
946 0.856176
947 0.856815
948 0.856883
949 0.857309
950 0.857908
951 0.857951
952 0.858377
953 0.858233
954 0.859505
955 0.86057
956 0.861153
957 0.862241
958 0.863009
959 0.863758
960 0.863677
961 0.864353
962 0.864547
963 0.864471
964 0.864723
965 0.864989
966 0.86521
967 0.865603
968 0.865237
969 0.865591
970 0.865924
971 0.866236
972 0.86653
973 0.866882
974 0.867011
975 0.867687
976 0.867873
977 0.868329
978 0.868794
979 0.868979
980 0.868888
981 0.869175
982 0.869266
983 0.86912
984 0.869221
985 0.86953
986 0.870023
987 0.869698
988 0.869928
989 0.870114
990 0.870057
991 0.870102
992 0.870235
993 0.870696
994 0.870424
995 0.870854
996 0.870994
997 0.871227
998 0.871474
999 0.872333
1000 0.87242
1000 0.87242
