# Iteration MagnetizationX 
1 0.00336464
2 0.00564631
3 0.00746337
4 0.00884799
5 0.0115866
6 0.0141288
7 0.0159182
8 0.0179215
9 0.0204851
10 0.0222591
11 0.024105
12 0.026511
13 0.0304717
14 0.0326249
15 0.0357583
16 0.0394246
17 0.0417688
18 0.0452571
19 0.048798
20 0.0513485
21 0.0539586
22 0.057589
23 0.0610002
24 0.0636214
25 0.0672299
26 0.0711083
27 0.0749211
28 0.0774813
29 0.079904
30 0.083855
31 0.0870934
32 0.0888546
33 0.0920257
34 0.0941454
35 0.0971011
36 0.0997876
37 0.103082
38 0.106542
39 0.109015
40 0.1117
41 0.11514
42 0.118834
43 0.120646
44 0.123908
45 0.126542
46 0.128735
47 0.131137
48 0.133877
49 0.136655
50 0.139044
51 0.141974
52 0.143562
53 0.146749
54 0.149663
55 0.150747
56 0.152785
57 0.155865
58 0.157692
59 0.161541
60 0.164242
61 0.167126
62 0.169792
63 0.172523
64 0.175119
65 0.178129
66 0.180648
67 0.18388
68 0.186458
69 0.18828
70 0.191285
71 0.193613
72 0.195572
73 0.19905
74 0.202297
75 0.204975
76 0.208504
77 0.211269
78 0.214735
79 0.217261
80 0.219577
81 0.221742
82 0.225142
83 0.227848
84 0.231007
85 0.233794
86 0.236542
87 0.239469
88 0.241282
89 0.243567
90 0.245976
91 0.248911
92 0.250678
93 0.252421
94 0.255161
95 0.257231
96 0.259702
97 0.261958
98 0.263982
99 0.26671
100 0.268703
101 0.271333
102 0.273521
103 0.274908
104 0.275693
105 0.278058
106 0.280535
107 0.283467
108 0.285022
109 0.286806
110 0.288681
111 0.29105
112 0.29289
113 0.294634
114 0.296759
115 0.298866
116 0.301102
117 0.302289
118 0.30465
119 0.306423
120 0.309258
121 0.31121
122 0.315154
123 0.317606
124 0.319075
125 0.320254
126 0.321258
127 0.323464
128 0.325757
129 0.327267
130 0.329119
131 0.332195
132 0.333693
133 0.335177
134 0.336548
135 0.338864
136 0.340778
137 0.343204
138 0.344796
139 0.346371
140 0.346844
141 0.349232
142 0.350959
143 0.352768
144 0.355138
145 0.355787
146 0.358208
147 0.359732
148 0.360725
149 0.362474
150 0.364747
151 0.367816
152 0.370409
153 0.372084
154 0.374125
155 0.376476
156 0.377783
157 0.379619
158 0.380974
159 0.383344
160 0.385854
161 0.387854
162 0.388727
163 0.390799
164 0.393379
165 0.396221
166 0.396561
167 0.398024
168 0.399078
169 0.401123
170 0.403074
171 0.404211
172 0.405432
173 0.405694
174 0.406561
175 0.407854
176 0.410471
177 0.413126
178 0.415311
179 0.417113
180 0.419969
181 0.422159
182 0.423415
183 0.425153
184 0.426935
185 0.42771
186 0.430664
187 0.432695
188 0.434326
189 0.436446
190 0.438506
191 0.439941
192 0.441683
193 0.444959
194 0.447573
195 0.447468
196 0.449382
197 0.450542
198 0.452299
199 0.453478
200 0.455413
201 0.456859
202 0.458965
203 0.461104
204 0.463398
205 0.464259
206 0.465681
207 0.467181
208 0.468712
209 0.471493
210 0.4727
211 0.475094
212 0.475962
213 0.477389
214 0.4783
215 0.48052
216 0.482369
217 0.483118
218 0.484975
219 0.486394
220 0.487706
221 0.48968
222 0.491234
223 0.493945
224 0.495369
225 0.49703
226 0.498703
227 0.500421
228 0.501407
229 0.503793
230 0.505254
231 0.506168
232 0.508213
233 0.509764
234 0.512029
235 0.51358
236 0.515306
237 0.516338
238 0.517241
239 0.518626
240 0.521069
241 0.521767
242 0.522391
243 0.524073
244 0.525742
245 0.527426
246 0.528612
247 0.530095
248 0.530026
249 0.531255
250 0.532428
251 0.533602
252 0.535205
253 0.536342
254 0.538081
255 0.539104
256 0.539631
257 0.541985
258 0.542049
259 0.542442
260 0.543532
261 0.545076
262 0.548074
263 0.549957
264 0.551628
265 0.552808
266 0.554081
267 0.555425
268 0.557638
269 0.558557
270 0.560565
271 0.561499
272 0.562456
273 0.564238
274 0.567016
275 0.567775
276 0.569747
277 0.571625
278 0.572954
279 0.573463
280 0.575351
281 0.576286
282 0.577258
283 0.578497
284 0.580109
285 0.581918
286 0.583042
287 0.584674
288 0.585456
289 0.586318
290 0.587211
291 0.588345
292 0.58979
293 0.59182
294 0.592722
295 0.594336
296 0.595749
297 0.59642
298 0.598092
299 0.599859
300 0.601798
301 0.603399
302 0.60449
303 0.604964
304 0.606352
305 0.607875
306 0.609291
307 0.610347
308 0.612305
309 0.613354
310 0.615026
311 0.616867
312 0.61761
313 0.619484
314 0.620425
315 0.620897
316 0.622373
317 0.624309
318 0.626204
319 0.627354
320 0.627868
321 0.629704
322 0.630927
323 0.63275
324 0.634193
325 0.636079
326 0.638375
327 0.639179
328 0.640617
329 0.641821
330 0.643267
331 0.643929
332 0.645454
333 0.647413
334 0.64845
335 0.649363
336 0.649973
337 0.651475
338 0.651345
339 0.652591
340 0.65335
341 0.654144
342 0.655696
343 0.656814
344 0.658545
345 0.660427
346 0.661665
347 0.663748
348 0.665668
349 0.667628
350 0.669253
351 0.670482
352 0.671892
353 0.67247
354 0.674383
355 0.675266
356 0.676891
357 0.678004
358 0.679341
359 0.681323
360 0.682579
361 0.683135
362 0.683591
363 0.685806
364 0.687009
365 0.688792
366 0.689932
367 0.691003
368 0.693367
369 0.694578
370 0.695572
371 0.697027
372 0.697682
373 0.69979
374 0.701394
375 0.702446
376 0.703872
377 0.70529
378 0.707158
379 0.708677
380 0.709193
381 0.710577
382 0.71122
383 0.712415
384 0.713065
385 0.714022
386 0.715352
387 0.716449
388 0.717772
389 0.718937
390 0.720345
391 0.721144
392 0.721735
393 0.723546
394 0.724624
395 0.724827
396 0.725626
397 0.726545
398 0.726542
399 0.728225
400 0.729492
401 0.73082
402 0.731725
403 0.733205
404 0.735142
405 0.736138
406 0.737277
407 0.738327
408 0.739479
409 0.739967
410 0.740771
411 0.742242
412 0.74366
413 0.743866
414 0.744907
415 0.745688
416 0.746712
417 0.747549
418 0.748089
419 0.74776
420 0.748294
421 0.74929
422 0.749519
423 0.750634
424 0.751948
425 0.752583
426 0.753132
427 0.754614
428 0.755528
429 0.755978
430 0.756775
431 0.757622
432 0.759625
433 0.761346
434 0.762605
435 0.76331
436 0.764214
437 0.764191
438 0.765253
439 0.765952
440 0.766752
441 0.767417
442 0.768756
443 0.769783
444 0.771291
445 0.772037
446 0.77254
447 0.77408
448 0.774688
449 0.775483
450 0.777089
451 0.777505
452 0.778732
453 0.779401
454 0.780423
455 0.780845
456 0.782221
457 0.7832
458 0.783965
459 0.784159
460 0.784952
461 0.785129
462 0.785411
463 0.786606
464 0.787389
465 0.787432
466 0.787323
467 0.788322
468 0.788839
469 0.789967
470 0.790219
471 0.790269
472 0.791083
473 0.792308
474 0.79349
475 0.794021
476 0.794562
477 0.794908
478 0.795473
479 0.795979
480 0.79666
481 0.797258
482 0.798595
483 0.79951
484 0.799555
485 0.800014
486 0.800142
487 0.800931
488 0.801644
489 0.802511
490 0.802591
491 0.802895
492 0.80443
493 0.805713
494 0.806423
495 0.807007
496 0.807047
497 0.807612
498 0.807757
499 0.808793
500 0.809343
501 0.809773
502 0.809489
503 0.810292
504 0.81098
505 0.81201
506 0.812503
507 0.813528
508 0.814547
509 0.815603
510 0.816299
511 0.816611
512 0.817577
513 0.817814
514 0.818767
515 0.819525
516 0.819371
517 0.820188
518 0.821476
519 0.821865
520 0.822949
521 0.823042
522 0.823147
523 0.823736
524 0.824463
525 0.824921
526 0.82489
527 0.825525
528 0.825562
529 0.82644
530 0.827104
531 0.827689
532 0.828186
533 0.829162
534 0.829887
535 0.830083
536 0.830896
537 0.832109
538 0.833117
539 0.833892
540 0.834771
541 0.83539
542 0.836118
543 0.836293
544 0.83658
545 0.836909
546 0.836904
547 0.837871
548 0.838168
549 0.838315
550 0.838819
551 0.83923
552 0.839879
553 0.84092
554 0.84118
555 0.841824
556 0.842788
557 0.843118
558 0.843119
559 0.843849
560 0.844747
561 0.845395
562 0.846484
563 0.846692
564 0.847555
565 0.846691
566 0.84751
567 0.847873
568 0.848035
569 0.848375
570 0.848985
571 0.849757
572 0.849976
573 0.850643
574 0.851276
575 0.852307
576 0.853015
577 0.853717
578 0.854347
579 0.85462
580 0.855101
581 0.856222
582 0.856783
583 0.857072
584 0.857778
585 0.858267
586 0.858145
587 0.859054
588 0.859143
589 0.859798
590 0.860772
591 0.861431
592 0.86141
593 0.861479
594 0.86192
595 0.86217
596 0.863034
597 0.863185
598 0.863361
599 0.863163
600 0.864102
601 0.865353
602 0.866001
603 0.866006
604 0.866383
605 0.867197
606 0.86761
607 0.868629
608 0.869363
609 0.869996
610 0.870331
611 0.870667
612 0.871078
613 0.872266
614 0.873018
615 0.873797
616 0.873377
617 0.873728
618 0.873908
619 0.874872
620 0.874818
621 0.875067
622 0.875468
623 0.876526
624 0.87681
625 0.876947
626 0.877201
627 0.877636
628 0.878075
629 0.878051
630 0.878549
631 0.878817
632 0.879345
633 0.879192
634 0.879777
635 0.880451
636 0.880704
637 0.881583
638 0.881959
639 0.881932
640 0.882542
641 0.882971
642 0.883344
643 0.883389
644 0.883208
645 0.883985
646 0.88415
647 0.884472
648 0.885599
649 0.886139
650 0.886622
651 0.887119
652 0.886884
653 0.88695
654 0.888117
655 0.888207
656 0.888645
657 0.889039
658 0.889791
659 0.890391
660 0.890186
661 0.890726
662 0.890657
663 0.890951
664 0.891185
665 0.891732
666 0.891947
667 0.891922
668 0.891678
669 0.891462
670 0.891858
671 0.892496
672 0.892717
673 0.892371
674 0.892656
675 0.893106
676 0.893023
677 0.893717
678 0.894108
679 0.894078
680 0.89383
681 0.894344
682 0.89458
683 0.895435
684 0.895561
685 0.896124
686 0.896603
687 0.896741
688 0.897431
689 0.897648
690 0.897954
691 0.898801
692 0.899073
693 0.899583
694 0.899893
695 0.900281
696 0.900497
697 0.901267
698 0.901164
699 0.901786
700 0.902181
701 0.902901
702 0.903041
703 0.9035
704 0.903763
705 0.90395
706 0.903807
707 0.903818
708 0.904062
709 0.904299
710 0.905346
711 0.905433
712 0.90481
713 0.905175
714 0.905591
715 0.906012
716 0.90622
717 0.906323
718 0.906866
719 0.907208
720 0.907395
721 0.907498
722 0.907594
723 0.908436
724 0.908127
725 0.908643
726 0.908841
727 0.909206
728 0.909566
729 0.909162
730 0.909097
731 0.909271
732 0.9096
733 0.90922
734 0.909154
735 0.909702
736 0.910057
737 0.910176
738 0.910422
739 0.910653
740 0.911161
741 0.910586
742 0.910688
743 0.910628
744 0.911133
745 0.911319
746 0.91219
747 0.912353
748 0.912427
749 0.91258
750 0.912553
751 0.912854
752 0.913274
753 0.913436
754 0.913036
755 0.913434
756 0.913636
757 0.914018
758 0.913999
759 0.914503
760 0.914622
761 0.914523
762 0.914722
763 0.91503
764 0.915056
765 0.915314
766 0.915557
767 0.916255
768 0.916787
769 0.917087
770 0.917239
771 0.917345
772 0.917425
773 0.917895
774 0.918121
775 0.918517
776 0.918595
777 0.918796
778 0.919227
779 0.919445
780 0.919605
781 0.919759
782 0.91976
783 0.91976
784 0.919644
785 0.919627
786 0.919983
787 0.920254
788 0.920433
789 0.920476
790 0.920572
791 0.920748
792 0.920691
793 0.921143
794 0.921942
795 0.922152
796 0.922208
797 0.922295
798 0.922255
799 0.922144
800 0.921671
801 0.921924
802 0.922064
803 0.92282
804 0.922464
805 0.922514
806 0.92238
807 0.922527
808 0.922819
809 0.922939
810 0.923147
811 0.923535
812 0.924137
813 0.924653
814 0.924768
815 0.924745
816 0.924908
817 0.925229
818 0.92544
819 0.925885
820 0.926343
821 0.926239
822 0.925997
823 0.925953
824 0.926276
825 0.926709
826 0.927174
827 0.92768
828 0.927514
829 0.927626
830 0.927531
831 0.927908
832 0.928185
833 0.928222
834 0.928502
835 0.928445
836 0.928687
837 0.928851
838 0.929181
839 0.929196
840 0.929313
841 0.930004
842 0.930347
843 0.930352
844 0.930314
845 0.930181
846 0.929801
847 0.930257
848 0.929704
849 0.929364
850 0.929569
851 0.930203
852 0.930185
853 0.930116
854 0.930337
855 0.930737
856 0.930999
857 0.931263
858 0.931602
859 0.93208
860 0.932183
861 0.932673
862 0.932992
863 0.93336
864 0.933287
865 0.93287
866 0.933114
867 0.932838
868 0.93276
869 0.932661
870 0.932673
871 0.932872
872 0.933118
873 0.933417
874 0.933407
875 0.933867
876 0.934329
877 0.934268
878 0.934575
879 0.934667
880 0.934909
881 0.934974
882 0.935215
883 0.935467
884 0.935165
885 0.934818
886 0.935178
887 0.935176
888 0.935366
889 0.935547
890 0.935315
891 0.935467
892 0.935305
893 0.935711
894 0.935905
895 0.936215
896 0.936065
897 0.936146
898 0.936585
899 0.937351
900 0.937541
901 0.937265
902 0.937911
903 0.938214
904 0.93833
905 0.938534
906 0.938417
907 0.938534
908 0.938445
909 0.939104
910 0.938762
911 0.93903
912 0.939631
913 0.939403
914 0.939586
915 0.939578
916 0.939444
917 0.939062
918 0.93952
919 0.939612
920 0.939902
921 0.940038
922 0.940301
923 0.940754
924 0.941306
925 0.941418
926 0.941392
927 0.94151
928 0.941278
929 0.941131
930 0.941303
931 0.941674
932 0.941481
933 0.94096
934 0.94144
935 0.941522
936 0.941322
937 0.941279
938 0.941478
939 0.941395
940 0.941058
941 0.941141
942 0.94127
943 0.941422
944 0.941466
945 0.941166
946 0.941487
947 0.941611
948 0.941657
949 0.941548
950 0.942188
951 0.942436
952 0.942428
953 0.942564
954 0.942579
955 0.942299
956 0.94275
957 0.942549
958 0.94285
959 0.943153
960 0.943242
961 0.94322
962 0.943287
963 0.943362
964 0.943393
965 0.943424
966 0.943367
967 0.943446
968 0.943816
969 0.943654
970 0.943532
971 0.943671
972 0.943952
973 0.944138
974 0.944465
975 0.944706
976 0.944801
977 0.945183
978 0.945336
979 0.94512
980 0.944567
981 0.945057
982 0.945198
983 0.945233
984 0.945518
985 0.945256
986 0.94554
987 0.945396
988 0.945749
989 0.945858
990 0.946105
991 0.946019
992 0.946415
993 0.94673
994 0.946703
995 0.946831
996 0.94681
997 0.947151
998 0.947179
999 0.946847
1000 0.947178
1000 0.947178
