# Iteration MagnetizationX 
1 0.00423087
2 0.00623939
3 0.00701685
4 0.00818738
5 0.00967369
6 0.0122026
7 0.0146461
8 0.0164636
9 0.0175679
10 0.0195055
11 0.0215479
12 0.0231666
13 0.0253452
14 0.0279463
15 0.0299965
16 0.0322274
17 0.0341021
18 0.0372146
19 0.0403141
20 0.0429566
21 0.0452262
22 0.0479446
23 0.0512982
24 0.053417
25 0.0562421
26 0.0593769
27 0.0620114
28 0.0644929
29 0.0666402
30 0.0700405
31 0.0723656
32 0.0748524
33 0.0780621
34 0.0807987
35 0.0822751
36 0.0840813
37 0.0861867
38 0.0880952
39 0.0904942
40 0.093433
41 0.0958424
42 0.097747
43 0.101275
44 0.103001
45 0.105925
46 0.107232
47 0.109665
48 0.111057
49 0.112478
50 0.114706
51 0.116486
52 0.119252
53 0.120614
54 0.122853
55 0.124434
56 0.126695
57 0.128246
58 0.129359
59 0.131104
60 0.132876
61 0.135679
62 0.138417
63 0.138718
64 0.139777
65 0.139728
66 0.141872
67 0.144301
68 0.146656
69 0.150029
70 0.151771
71 0.154462
72 0.157503
73 0.159006
74 0.160941
75 0.162174
76 0.164078
77 0.166353
78 0.168509
79 0.170298
80 0.172766
81 0.17413
82 0.176058
83 0.178713
84 0.181205
85 0.18178
86 0.18298
87 0.185129
88 0.186086
89 0.187615
90 0.190297
91 0.191666
92 0.192534
93 0.193584
94 0.194956
95 0.196863
96 0.199448
97 0.201131
98 0.202512
99 0.203384
100 0.204983
101 0.206915
102 0.209003
103 0.210691
104 0.21259
105 0.21419
106 0.216102
107 0.217637
108 0.218575
109 0.219863
110 0.221082
111 0.222431
112 0.224596
113 0.22529
114 0.226612
115 0.228403
116 0.230517
117 0.232248
118 0.232818
119 0.234681
120 0.236623
121 0.238637
122 0.240521
123 0.241924
124 0.244009
125 0.245755
126 0.24729
127 0.248081
128 0.249194
129 0.251526
130 0.252788
131 0.253699
132 0.25546
133 0.256427
134 0.258361
135 0.260708
136 0.262342
137 0.263885
138 0.265042
139 0.265774
140 0.266751
141 0.268941
142 0.269855
143 0.2717
144 0.273081
145 0.275358
146 0.276473
147 0.277712
148 0.279314
149 0.281314
150 0.28323
151 0.284199
152 0.286559
153 0.28773
154 0.288664
155 0.290748
156 0.292792
157 0.294288
158 0.295242
159 0.297106
160 0.298296
161 0.300278
162 0.303164
163 0.303754
164 0.306444
165 0.307974
166 0.309729
167 0.311226
168 0.313393
169 0.315657
170 0.316639
171 0.317388
172 0.319191
173 0.319446
174 0.320518
175 0.322614
176 0.323324
177 0.325281
178 0.326763
179 0.328441
180 0.329864
181 0.331517
182 0.331842
183 0.333188
184 0.334481
185 0.336768
186 0.337224
187 0.338851
188 0.340113
189 0.342135
190 0.343962
191 0.344462
192 0.345796
193 0.347483
194 0.348154
195 0.350352
196 0.351497
197 0.352947
198 0.354264
199 0.356357
200 0.357545
201 0.358799
202 0.361422
203 0.361817
204 0.363664
205 0.364803
206 0.366821
207 0.369082
208 0.370968
209 0.372363
210 0.373664
211 0.373732
212 0.375716
213 0.377043
214 0.378784
215 0.37976
216 0.381143
217 0.382196
218 0.383297
219 0.384386
220 0.386189
221 0.387969
222 0.389823
223 0.39131
224 0.392288
225 0.393153
226 0.394897
227 0.396875
228 0.397905
229 0.399075
230 0.400147
231 0.402187
232 0.402866
233 0.404249
234 0.405541
235 0.406885
236 0.408939
237 0.410011
238 0.41166
239 0.412299
240 0.413214
241 0.414163
242 0.414814
243 0.41651
244 0.416914
245 0.418328
246 0.419416
247 0.419656
248 0.421355
249 0.423009
250 0.424039
251 0.42532
252 0.42647
253 0.427471
254 0.429743
255 0.430935
256 0.432742
257 0.433729
258 0.435239
259 0.436784
260 0.436343
261 0.436982
262 0.438271
263 0.439607
264 0.441753
265 0.443524
266 0.445092
267 0.446827
268 0.447917
269 0.448063
270 0.448823
271 0.451535
272 0.453741
273 0.454986
274 0.456032
275 0.456824
276 0.457087
277 0.458944
278 0.460735
279 0.462579
280 0.464434
281 0.464865
282 0.465781
283 0.46642
284 0.468693
285 0.469952
286 0.472075
287 0.472327
288 0.47328
289 0.474879
290 0.477066
291 0.478961
292 0.479679
293 0.481042
294 0.482818
295 0.484861
296 0.485729
297 0.487466
298 0.488361
299 0.489913
300 0.49132
301 0.492704
302 0.493305
303 0.494952
304 0.49532
305 0.497197
306 0.497929
307 0.49831
308 0.498939
309 0.499987
310 0.501152
311 0.502915
312 0.503675
313 0.505537
314 0.506289
315 0.508267
316 0.509512
317 0.51168
318 0.512659
319 0.513554
320 0.514553
321 0.516278
322 0.518038
323 0.518662
324 0.519548
325 0.519433
326 0.520555
327 0.52122
328 0.522945
329 0.524616
330 0.525615
331 0.526571
332 0.527309
333 0.528848
334 0.530649
335 0.532182
336 0.533131
337 0.534535
338 0.535072
339 0.536677
340 0.537532
341 0.538855
342 0.540138
343 0.541443
344 0.541515
345 0.542474
346 0.543457
347 0.543858
348 0.545231
349 0.547226
350 0.547888
351 0.549857
352 0.550839
353 0.552525
354 0.553993
355 0.554174
356 0.555153
357 0.555792
358 0.55615
359 0.557055
360 0.558366
361 0.560086
362 0.560917
363 0.563133
364 0.564545
365 0.565784
366 0.568082
367 0.569413
368 0.570661
369 0.571171
370 0.572415
371 0.573147
372 0.574038
373 0.57634
374 0.576308
375 0.577332
376 0.578646
377 0.579941
378 0.581067
379 0.58247
380 0.584222
381 0.585423
382 0.585899
383 0.58665
384 0.588799
385 0.589723
386 0.591134
387 0.592674
388 0.593736
389 0.595497
390 0.596395
391 0.598489
392 0.599633
393 0.600331
394 0.600548
395 0.602334
396 0.603497
397 0.605121
398 0.606429
399 0.606989
400 0.607675
401 0.608819
402 0.609989
403 0.611349
404 0.612508
405 0.612929
406 0.614305
407 0.615387
408 0.616173
409 0.617139
410 0.618502
411 0.618455
412 0.619099
413 0.620016
414 0.621449
415 0.622381
416 0.623463
417 0.625024
418 0.626567
419 0.62756
420 0.628404
421 0.629217
422 0.630838
423 0.632391
424 0.633675
425 0.634467
426 0.635457
427 0.635936
428 0.637538
429 0.637802
430 0.638689
431 0.640345
432 0.641008
433 0.641216
434 0.641863
435 0.643078
436 0.644837
437 0.645777
438 0.646361
439 0.648026
440 0.649043
441 0.649004
442 0.649776
443 0.650054
444 0.651147
445 0.652742
446 0.653512
447 0.655142
448 0.656639
449 0.656365
450 0.657689
451 0.658101
452 0.658764
453 0.659982
454 0.661137
455 0.662033
456 0.662795
457 0.664279
458 0.665298
459 0.666871
460 0.669114
461 0.670963
462 0.671818
463 0.672806
464 0.673684
465 0.675304
466 0.676203
467 0.677685
468 0.678173
469 0.679171
470 0.68022
471 0.681313
472 0.681893
473 0.681988
474 0.682457
475 0.684055
476 0.684397
477 0.685028
478 0.685968
479 0.686797
480 0.687744
481 0.68814
482 0.689124
483 0.689152
484 0.690484
485 0.692348
486 0.692883
487 0.694064
488 0.694948
489 0.696227
490 0.69702
491 0.697181
492 0.698094
493 0.698519
494 0.698887
495 0.700696
496 0.701096
497 0.701958
498 0.703196
499 0.70447
500 0.706305
501 0.705864
502 0.706464
503 0.707289
504 0.706946
505 0.706964
506 0.708059
507 0.709487
508 0.710731
509 0.71183
510 0.712753
511 0.713782
512 0.715349
513 0.716274
514 0.717734
515 0.718611
516 0.718862
517 0.719001
518 0.720154
519 0.721125
520 0.722256
521 0.723606
522 0.724398
523 0.725234
524 0.726405
525 0.726658
526 0.726896
527 0.727764
528 0.728652
529 0.728467
530 0.728438
531 0.728966
532 0.730356
533 0.732539
534 0.73274
535 0.733412
536 0.734645
537 0.735111
538 0.735749
539 0.736698
540 0.736873
541 0.737208
542 0.738297
543 0.739644
544 0.740742
545 0.74223
546 0.743117
547 0.743986
548 0.745302
549 0.745757
550 0.746196
551 0.747118
552 0.748268
553 0.748421
554 0.7497
555 0.750116
556 0.750827
557 0.751584
558 0.752183
559 0.752416
560 0.752948
561 0.753134
562 0.754071
563 0.75506
564 0.756059
565 0.756007
566 0.756062
567 0.756182
568 0.756894
569 0.758051
570 0.75824
571 0.759211
572 0.759303
573 0.760678
574 0.761379
575 0.761848
576 0.762365
577 0.763376
578 0.764475
579 0.765708
580 0.767004
581 0.768337
582 0.769584
583 0.769483
584 0.769313
585 0.76983
586 0.770802
587 0.771988
588 0.77257
589 0.772706
590 0.773483
591 0.774241
592 0.775044
593 0.775327
594 0.77671
595 0.778045
596 0.779399
597 0.780254
598 0.781382
599 0.782459
600 0.783374
601 0.78325
602 0.782253
603 0.782611
604 0.782919
605 0.782893
606 0.783458
607 0.784558
608 0.78609
609 0.787145
610 0.787532
611 0.788364
612 0.789263
613 0.790565
614 0.790685
615 0.791136
616 0.791923
617 0.792833
618 0.793082
619 0.793373
620 0.794628
621 0.795115
622 0.796232
623 0.797199
624 0.7978
625 0.797739
626 0.798172
627 0.799424
628 0.800255
629 0.800578
630 0.801364
631 0.801634
632 0.802427
633 0.802839
634 0.803092
635 0.803715
636 0.804638
637 0.805144
638 0.805718
639 0.806602
640 0.807191
641 0.807236
642 0.808027
643 0.8088
644 0.809517
645 0.810138
646 0.81023
647 0.811037
648 0.811444
649 0.812512
650 0.81301
651 0.814515
652 0.814677
653 0.814221
654 0.814849
655 0.815479
656 0.815946
657 0.81565
658 0.816003
659 0.816778
660 0.817073
661 0.818019
662 0.818641
663 0.819116
664 0.819935
665 0.820468
666 0.820384
667 0.821373
668 0.822094
669 0.823043
670 0.824069
671 0.824279
672 0.824216
673 0.824898
674 0.824628
675 0.824943
676 0.826059
677 0.827076
678 0.82705
679 0.827682
680 0.82853
681 0.828508
682 0.829235
683 0.829908
684 0.829801
685 0.83023
686 0.830028
687 0.830501
688 0.830211
689 0.831032
690 0.831581
691 0.831417
692 0.831538
693 0.832419
694 0.833167
695 0.833882
696 0.833655
697 0.833717
698 0.834993
699 0.835395
700 0.835917
701 0.835598
702 0.836934
703 0.836514
704 0.837067
705 0.837683
706 0.838325
707 0.839268
708 0.840014
709 0.840736
710 0.841046
711 0.841505
712 0.841899
713 0.842203
714 0.842196
715 0.842764
716 0.842623
717 0.843148
718 0.843705
719 0.844102
720 0.844209
721 0.844053
722 0.844388
723 0.845216
724 0.845701
725 0.845713
726 0.846007
727 0.846392
728 0.84672
729 0.847427
730 0.847885
731 0.848378
732 0.848758
733 0.84908
734 0.849255
735 0.849921
736 0.850586
737 0.85069
738 0.851232
739 0.851092
740 0.851844
741 0.852363
742 0.852572
743 0.853322
744 0.853604
745 0.853737
746 0.853986
747 0.85394
748 0.853965
749 0.8545
750 0.855197
751 0.855631
752 0.855548
753 0.856137
754 0.856927
755 0.857569
756 0.857569
757 0.857825
758 0.857411
759 0.857973
760 0.858133
761 0.858651
762 0.858965
763 0.859047
764 0.859329
765 0.860286
766 0.86056
767 0.86136
768 0.861449
769 0.862088
770 0.862669
771 0.863573
772 0.863876
773 0.864345
774 0.86516
775 0.865706
776 0.865894
777 0.866167
778 0.86662
779 0.867316
780 0.868158
781 0.868238
782 0.868562
783 0.868882
784 0.869552
785 0.869369
786 0.869295
787 0.869578
788 0.870222
789 0.870869
790 0.870718
791 0.870953
792 0.871688
793 0.871669
794 0.871649
795 0.871751
796 0.872339
797 0.872437
798 0.872244
799 0.872143
800 0.872805
801 0.873058
802 0.873005
803 0.873393
804 0.873786
805 0.874262
806 0.875488
807 0.875632
808 0.875823
809 0.87597
810 0.877051
811 0.878237
812 0.877945
813 0.878074
814 0.878489
815 0.878285
816 0.878363
817 0.878379
818 0.878472
819 0.878542
820 0.878963
821 0.879336
822 0.879608
823 0.880078
824 0.880436
825 0.88087
826 0.880923
827 0.88164
828 0.881809
829 0.882137
830 0.881969
831 0.882427
832 0.882883
833 0.882835
834 0.883254
835 0.883768
836 0.884418
837 0.883878
838 0.884017
839 0.884688
840 0.884956
841 0.884744
842 0.885257
843 0.885679
844 0.886157
845 0.887033
846 0.886769
847 0.886617
848 0.887402
849 0.887592
850 0.88837
851 0.888367
852 0.888809
853 0.889343
854 0.889582
855 0.890527
856 0.890964
857 0.891176
858 0.891466
859 0.891977
860 0.892179
861 0.892046
862 0.892522
863 0.892931
864 0.893342
865 0.893409
866 0.893698
867 0.894434
868 0.894597
869 0.894988
870 0.894974
871 0.896154
872 0.896496
873 0.896811
874 0.897172
875 0.897613
876 0.897704
877 0.897998
878 0.89823
879 0.897869
880 0.897667
881 0.897923
882 0.897512
883 0.897911
884 0.899007
885 0.899769
886 0.899764
887 0.899363
888 0.899824
889 0.899499
890 0.899686
891 0.900005
892 0.899764
893 0.899882
894 0.900135
895 0.900337
896 0.900867
897 0.900668
898 0.901225
899 0.901936
900 0.902137
901 0.902466
902 0.902686
903 0.90291
904 0.902901
905 0.903402
906 0.903559
907 0.90379
908 0.90436
909 0.90397
910 0.903997
911 0.904494
912 0.90472
913 0.904715
914 0.905368
915 0.905154
916 0.905764
917 0.905802
918 0.905832
919 0.905838
920 0.90567
921 0.905494
922 0.905156
923 0.905318
924 0.9053
925 0.90549
926 0.905727
927 0.905915
928 0.906454
929 0.906986
930 0.906732
931 0.907014
932 0.906383
933 0.906965
934 0.90714
935 0.907391
936 0.907121
937 0.907598
938 0.907769
939 0.908089
940 0.908084
941 0.908207
942 0.907995
943 0.908368
944 0.908794
945 0.908964
946 0.909281
947 0.909409
948 0.91006
949 0.910584
950 0.910711
951 0.910781
952 0.910849
953 0.910691
954 0.910318
955 0.910692
956 0.911033
957 0.911351
958 0.911629
959 0.911959
960 0.912343
961 0.912548
962 0.912475
963 0.912148
964 0.912115
965 0.912045
966 0.912074
967 0.911949
968 0.912086
969 0.912758
970 0.912377
971 0.912631
972 0.912763
973 0.913309
974 0.913458
975 0.913391
976 0.913397
977 0.913617
978 0.913907
979 0.914409
980 0.91462
981 0.914331
982 0.914108
983 0.914645
984 0.915074
985 0.915841
986 0.91628
987 0.916429
988 0.916717
989 0.916621
990 0.916727
991 0.917008
992 0.917771
993 0.917408
994 0.917497
995 0.917561
996 0.917458
997 0.917513
998 0.917616
999 0.917582
1000 0.91778
1000 0.91778
