# Iteration MagnetizationX 
1 0.00368395
2 0.00577932
3 0.00801421
4 0.0104053
5 0.0128964
6 0.0155243
7 0.0183165
8 0.0212516
9 0.0243418
10 0.0275799
11 0.0309421
12 0.0344479
13 0.0380828
14 0.0418363
15 0.0457482
16 0.0497749
17 0.0538613
18 0.0580297
19 0.0622204
20 0.0663807
21 0.0705554
22 0.0747122
23 0.0789102
24 0.083142
25 0.0873813
26 0.091635
27 0.0958281
28 0.100014
29 0.104177
30 0.108303
31 0.112388
32 0.116412
33 0.120335
34 0.12422
35 0.128079
36 0.131866
37 0.135603
38 0.139302
39 0.142988
40 0.146637
41 0.150252
42 0.153816
43 0.157316
44 0.160791
45 0.164247
46 0.16766
47 0.171053
48 0.17443
49 0.177766
50 0.181077
51 0.184354
52 0.187607
53 0.19084
54 0.194046
55 0.197225
56 0.200378
57 0.203497
58 0.206604
59 0.209692
60 0.212764
61 0.215826
62 0.218885
63 0.221927
64 0.224962
65 0.227989
66 0.231005
67 0.234008
68 0.236998
69 0.239981
70 0.242959
71 0.245929
72 0.248889
73 0.251833
74 0.254763
75 0.257678
76 0.260578
77 0.263465
78 0.26634
79 0.2692
80 0.272052
81 0.274895
82 0.277727
83 0.280551
84 0.283365
85 0.286167
86 0.288951
87 0.291715
88 0.294468
89 0.297208
90 0.299936
91 0.302652
92 0.305357
93 0.30805
94 0.310732
95 0.313402
96 0.316055
97 0.318697
98 0.321328
99 0.323949
100 0.326557
101 0.32915
102 0.33173
103 0.334297
104 0.336851
105 0.339391
106 0.341919
107 0.344434
108 0.346939
109 0.349431
110 0.35191
111 0.354378
112 0.356833
113 0.359278
114 0.361711
115 0.364133
116 0.366544
117 0.368944
118 0.371333
119 0.373712
120 0.376082
121 0.378443
122 0.380795
123 0.383135
124 0.385463
125 0.387781
126 0.390089
127 0.392387
128 0.394676
129 0.396956
130 0.399226
131 0.401486
132 0.403738
133 0.40598
134 0.408214
135 0.410439
136 0.412654
137 0.414862
138 0.41706
139 0.41925
140 0.421431
141 0.423603
142 0.425761
143 0.427911
144 0.430052
145 0.432184
146 0.434307
147 0.436422
148 0.438527
149 0.440624
150 0.442713
151 0.444794
152 0.446866
153 0.44893
154 0.450986
155 0.453035
156 0.455076
157 0.457109
158 0.459136
159 0.461158
160 0.463173
161 0.465181
162 0.467182
163 0.469177
164 0.471166
165 0.473148
166 0.475124
167 0.477094
168 0.479058
169 0.481016
170 0.482969
171 0.484916
172 0.486857
173 0.488793
174 0.490724
175 0.492649
176 0.49457
177 0.496486
178 0.498396
179 0.500302
180 0.502202
181 0.504098
182 0.505989
183 0.507875
184 0.509757
185 0.511634
186 0.513507
187 0.515375
188 0.51724
189 0.5191
190 0.520952
191 0.522796
192 0.524636
193 0.526472
194 0.528304
195 0.530129
196 0.531949
197 0.533765
198 0.535576
199 0.537384
200 0.539188
201 0.540989
202 0.542785
203 0.544578
204 0.546368
205 0.548154
206 0.549936
207 0.551715
208 0.553491
209 0.555263
210 0.557032
211 0.558797
212 0.56056
213 0.562319
214 0.564075
215 0.565828
216 0.567578
217 0.569324
218 0.571068
219 0.572808
220 0.574545
221 0.576278
222 0.578009
223 0.579735
224 0.581458
225 0.583177
226 0.584892
227 0.586603
228 0.588311
229 0.590015
230 0.591714
231 0.59341
232 0.595101
233 0.596788
234 0.598472
235 0.60015
236 0.601825
237 0.603495
238 0.605161
239 0.606823
240 0.60848
241 0.610133
242 0.611781
243 0.613425
244 0.615065
245 0.616699
246 0.618329
247 0.619955
248 0.621571
249 0.62318
250 0.624783
251 0.626381
252 0.627975
253 0.629563
254 0.631146
255 0.632724
256 0.634297
257 0.635865
258 0.637428
259 0.638986
260 0.64054
261 0.642088
262 0.643632
263 0.64517
264 0.646704
265 0.648234
266 0.649758
267 0.651278
268 0.652793
269 0.654303
270 0.655808
271 0.657309
272 0.658805
273 0.660297
274 0.661784
275 0.663266
276 0.664743
277 0.666216
278 0.667685
279 0.669149
280 0.670608
281 0.672063
282 0.673513
283 0.674959
284 0.676401
285 0.677838
286 0.679271
287 0.680699
288 0.682123
289 0.683543
290 0.684959
291 0.68637
292 0.687778
293 0.689181
294 0.69058
295 0.691975
296 0.693365
297 0.694752
298 0.696134
299 0.697513
300 0.698887
301 0.700258
302 0.701624
303 0.702985
304 0.704342
305 0.705695
306 0.707043
307 0.708388
308 0.709728
309 0.711064
310 0.712395
311 0.713723
312 0.715046
313 0.716365
314 0.71768
315 0.718991
316 0.720297
317 0.721599
318 0.722897
319 0.724191
320 0.725481
321 0.726766
322 0.728047
323 0.729324
324 0.730597
325 0.731865
326 0.73313
327 0.734389
328 0.735645
329 0.736896
330 0.738143
331 0.739386
332 0.740624
333 0.741858
334 0.743088
335 0.744313
336 0.745535
337 0.746752
338 0.747965
339 0.749173
340 0.750377
341 0.751577
342 0.752773
343 0.753964
344 0.755151
345 0.756333
346 0.757511
347 0.758685
348 0.759855
349 0.76102
350 0.762181
351 0.763337
352 0.764489
353 0.765637
354 0.766781
355 0.76792
356 0.769055
357 0.770186
358 0.771312
359 0.772434
360 0.773551
361 0.774664
362 0.775773
363 0.776878
364 0.777977
365 0.779073
366 0.780164
367 0.78125
368 0.782332
369 0.783409
370 0.784482
371 0.78555
372 0.786614
373 0.787673
374 0.788727
375 0.789776
376 0.790821
377 0.791861
378 0.792897
379 0.793927
380 0.794953
381 0.795975
382 0.796991
383 0.798003
384 0.79901
385 0.800013
386 0.801011
387 0.802004
388 0.802992
389 0.803976
390 0.804955
391 0.80593
392 0.8069
393 0.807866
394 0.808827
395 0.809784
396 0.810736
397 0.811684
398 0.812627
399 0.813564
400 0.814496
401 0.815424
402 0.816348
403 0.817267
404 0.818181
405 0.819091
406 0.819997
407 0.820899
408 0.821796
409 0.822689
410 0.823578
411 0.824462
412 0.825342
413 0.826218
414 0.82709
415 0.827958
416 0.828821
417 0.82968
418 0.830535
419 0.831387
420 0.832233
421 0.833076
422 0.833915
423 0.83475
424 0.83558
425 0.836407
426 0.83723
427 0.838048
428 0.838863
429 0.839674
430 0.84048
431 0.841283
432 0.842082
433 0.842877
434 0.843667
435 0.844454
436 0.845238
437 0.846017
438 0.846792
439 0.847564
440 0.848331
441 0.849095
442 0.849855
443 0.850611
444 0.851364
445 0.852112
446 0.852857
447 0.853598
448 0.854336
449 0.855069
450 0.855799
451 0.856525
452 0.857248
453 0.857967
454 0.858682
455 0.859393
456 0.860101
457 0.860805
458 0.861506
459 0.862203
460 0.862896
461 0.863586
462 0.864272
463 0.864955
464 0.865634
465 0.866309
466 0.866981
467 0.86765
468 0.868315
469 0.868977
470 0.869635
471 0.87029
472 0.870941
473 0.871589
474 0.872233
475 0.872874
476 0.873512
477 0.874147
478 0.874778
479 0.875405
480 0.87603
481 0.876651
482 0.877269
483 0.877883
484 0.878494
485 0.879102
486 0.879707
487 0.880309
488 0.880907
489 0.881503
490 0.882095
491 0.882684
492 0.883269
493 0.883852
494 0.884432
495 0.885008
496 0.885581
497 0.886152
498 0.886719
499 0.887283
500 0.887845
501 0.888403
502 0.888958
503 0.88951
504 0.89006
505 0.890606
506 0.89115
507 0.89169
508 0.892228
509 0.892763
510 0.893295
511 0.893824
512 0.89435
513 0.894873
514 0.895394
515 0.895912
516 0.896427
517 0.896939
518 0.897449
519 0.897956
520 0.89846
521 0.898961
522 0.89946
523 0.899956
524 0.900449
525 0.90094
526 0.901428
527 0.901914
528 0.902397
529 0.902877
530 0.903355
531 0.90383
532 0.904302
533 0.904773
534 0.90524
535 0.905705
536 0.906168
537 0.906628
538 0.907086
539 0.907541
540 0.907994
541 0.908444
542 0.908892
543 0.909338
544 0.909781
545 0.910222
546 0.91066
547 0.911096
548 0.91153
549 0.911962
550 0.912391
551 0.912818
552 0.913242
553 0.913665
554 0.914085
555 0.914503
556 0.914918
557 0.915332
558 0.915743
559 0.916152
560 0.916559
561 0.916964
562 0.917366
563 0.917767
564 0.918165
565 0.918561
566 0.918956
567 0.919348
568 0.919738
569 0.920126
570 0.920511
571 0.920895
572 0.921277
573 0.921657
574 0.922034
575 0.92241
576 0.922784
577 0.923156
578 0.923526
579 0.923894
580 0.92426
581 0.924624
582 0.924986
583 0.925346
584 0.925704
585 0.926061
586 0.926415
587 0.926768
588 0.927119
589 0.927468
590 0.927815
591 0.928161
592 0.928504
593 0.928846
594 0.929186
595 0.929524
596 0.929861
597 0.930195
598 0.930528
599 0.930859
600 0.931189
601 0.931517
602 0.931843
603 0.932167
604 0.93249
605 0.932811
606 0.93313
607 0.933448
608 0.933764
609 0.934078
610 0.934391
611 0.934702
612 0.935012
613 0.93532
614 0.935626
615 0.935931
616 0.936234
617 0.936535
618 0.936835
619 0.937134
620 0.937431
621 0.937726
622 0.93802
623 0.938313
624 0.938603
625 0.938893
626 0.939181
627 0.939467
628 0.939752
629 0.940035
630 0.940317
631 0.940598
632 0.940877
633 0.941155
634 0.941431
635 0.941706
636 0.94198
637 0.942252
638 0.942522
639 0.942792
640 0.943059
641 0.943326
642 0.943591
643 0.943855
644 0.944118
645 0.944379
646 0.944639
647 0.944897
648 0.945154
649 0.94541
650 0.945665
651 0.945918
652 0.94617
653 0.946421
654 0.94667
655 0.946918
656 0.947165
657 0.947411
658 0.947655
659 0.947899
660 0.948141
661 0.948381
662 0.948621
663 0.948859
664 0.949096
665 0.949332
666 0.949567
667 0.949801
668 0.950033
669 0.950264
670 0.950494
671 0.950723
672 0.950951
673 0.951178
674 0.951403
675 0.951628
676 0.951851
677 0.952073
678 0.952294
679 0.952514
680 0.952733
681 0.95295
682 0.953167
683 0.953382
684 0.953597
685 0.95381
686 0.954023
687 0.954234
688 0.954444
689 0.954653
690 0.954861
691 0.955068
692 0.955274
693 0.95548
694 0.955684
695 0.955887
696 0.956089
697 0.95629
698 0.95649
699 0.956689
700 0.956887
701 0.957084
702 0.95728
703 0.957475
704 0.957669
705 0.957862
706 0.958054
707 0.958246
708 0.958436
709 0.958625
710 0.958814
711 0.959001
712 0.959188
713 0.959374
714 0.959559
715 0.959742
716 0.959925
717 0.960107
718 0.960289
719 0.960469
720 0.960648
721 0.960827
722 0.961005
723 0.961181
724 0.961357
725 0.961532
726 0.961707
727 0.96188
728 0.962052
729 0.962224
730 0.962395
731 0.962565
732 0.962734
733 0.962902
734 0.96307
735 0.963237
736 0.963403
737 0.963568
738 0.963732
739 0.963896
740 0.964058
741 0.96422
742 0.964381
743 0.964542
744 0.964701
745 0.96486
746 0.965018
747 0.965175
748 0.965332
749 0.965488
750 0.965643
751 0.965797
752 0.96595
753 0.966103
754 0.966255
755 0.966406
756 0.966557
757 0.966707
758 0.966856
759 0.967004
760 0.967152
761 0.967299
762 0.967445
763 0.967591
764 0.967736
765 0.96788
766 0.968023
767 0.968166
768 0.968308
769 0.96845
770 0.96859
771 0.96873
772 0.96887
773 0.969008
774 0.969147
775 0.969284
776 0.969421
777 0.969557
778 0.969692
779 0.969827
780 0.969961
781 0.970095
782 0.970228
783 0.97036
784 0.970492
785 0.970623
786 0.970753
787 0.970883
788 0.971012
789 0.97114
790 0.971268
791 0.971396
792 0.971522
793 0.971648
794 0.971774
795 0.971899
796 0.972023
797 0.972147
798 0.97227
799 0.972393
800 0.972515
801 0.972636
802 0.972757
803 0.972877
804 0.972997
805 0.973116
806 0.973234
807 0.973352
808 0.97347
809 0.973587
810 0.973703
811 0.973819
812 0.973934
813 0.974049
814 0.974163
815 0.974277
816 0.97439
817 0.974502
818 0.974614
819 0.974726
820 0.974837
821 0.974947
822 0.975057
823 0.975167
824 0.975276
825 0.975384
826 0.975492
827 0.9756
828 0.975706
829 0.975813
830 0.975919
831 0.976024
832 0.976129
833 0.976234
834 0.976338
835 0.976441
836 0.976544
837 0.976646
838 0.976748
839 0.97685
840 0.976951
841 0.977052
842 0.977152
843 0.977252
844 0.977351
845 0.97745
846 0.977548
847 0.977646
848 0.977743
849 0.97784
850 0.977936
851 0.978032
852 0.978128
853 0.978223
854 0.978318
855 0.978412
856 0.978506
857 0.978599
858 0.978692
859 0.978785
860 0.978877
861 0.978969
862 0.97906
863 0.979151
864 0.979241
865 0.979331
866 0.979421
867 0.97951
868 0.979599
869 0.979687
870 0.979775
871 0.979863
872 0.97995
873 0.980037
874 0.980123
875 0.980209
876 0.980294
877 0.98038
878 0.980464
879 0.980549
880 0.980633
881 0.980716
882 0.9808
883 0.980882
884 0.980965
885 0.981047
886 0.981129
887 0.98121
888 0.981291
889 0.981372
890 0.981452
891 0.981532
892 0.981611
893 0.98169
894 0.981769
895 0.981848
896 0.981926
897 0.982003
898 0.982081
899 0.982158
900 0.982234
901 0.982311
902 0.982387
903 0.982462
904 0.982537
905 0.982612
906 0.982687
907 0.982761
908 0.982835
909 0.982909
910 0.982982
911 0.983055
912 0.983127
913 0.9832
914 0.983272
915 0.983343
916 0.983414
917 0.983485
918 0.983556
919 0.983626
920 0.983696
921 0.983766
922 0.983835
923 0.983904
924 0.983973
925 0.984041
926 0.98411
927 0.984177
928 0.984245
929 0.984312
930 0.984379
931 0.984446
932 0.984512
933 0.984578
934 0.984644
935 0.984709
936 0.984774
937 0.984839
938 0.984903
939 0.984968
940 0.985032
941 0.985095
942 0.985159
943 0.985222
944 0.985285
945 0.985347
946 0.985409
947 0.985471
948 0.985533
949 0.985594
950 0.985655
951 0.985716
952 0.985777
953 0.985837
954 0.985897
955 0.985957
956 0.986017
957 0.986076
958 0.986135
959 0.986194
960 0.986252
961 0.98631
962 0.986368
963 0.986426
964 0.986483
965 0.98654
966 0.986597
967 0.986654
968 0.98671
969 0.986767
970 0.986822
971 0.986878
972 0.986934
973 0.986989
974 0.987044
975 0.987098
976 0.987153
977 0.987207
978 0.987261
979 0.987315
980 0.987368
981 0.987421
982 0.987474
983 0.987527
984 0.98758
985 0.987632
986 0.987684
987 0.987736
988 0.987787
989 0.987839
990 0.98789
991 0.987941
992 0.987991
993 0.988042
994 0.988092
995 0.988142
996 0.988192
997 0.988242
998 0.988291
999 0.98834
1000 0.988389
1000 0.988389
