# Iteration MagnetizationX 
1 0.00406171
2 0.00608775
3 0.0085919
4 0.0112312
5 0.0138956
6 0.0168341
7 0.0191382
8 0.023105
9 0.0267492
10 0.0300807
11 0.0327304
12 0.034921
13 0.0384166
14 0.0430341
15 0.0471056
16 0.0517089
17 0.0550496
18 0.0578516
19 0.061802
20 0.0663728
21 0.0706317
22 0.0749763
23 0.0792522
24 0.0826913
25 0.086733
26 0.0902489
27 0.0951533
28 0.0998643
29 0.103453
30 0.107551
31 0.111252
32 0.115395
33 0.118847
34 0.12215
35 0.125482
36 0.127938
37 0.132079
38 0.135967
39 0.138831
40 0.141827
41 0.144345
42 0.146352
43 0.14896
44 0.152746
45 0.155769
46 0.159672
47 0.162488
48 0.165148
49 0.16751
50 0.169897
51 0.172873
52 0.175055
53 0.177534
54 0.179957
55 0.183799
56 0.186461
57 0.189041
58 0.192174
59 0.19453
60 0.197494
61 0.20081
62 0.204047
63 0.206585
64 0.209302
65 0.211864
66 0.214862
67 0.216743
68 0.219502
69 0.221509
70 0.224297
71 0.227344
72 0.228774
73 0.231761
74 0.234468
75 0.237262
76 0.239858
77 0.242184
78 0.243849
79 0.244958
80 0.246246
81 0.248688
82 0.251273
83 0.253513
84 0.255808
85 0.258502
86 0.262418
87 0.264832
88 0.26728
89 0.269998
90 0.272242
91 0.274348
92 0.277077
93 0.279045
94 0.281092
95 0.284148
96 0.286272
97 0.287907
98 0.289834
99 0.291283
100 0.293811
101 0.295622
102 0.298003
103 0.3001
104 0.302941
105 0.305142
106 0.307628
107 0.308573
108 0.31132
109 0.314316
110 0.316958
111 0.318571
112 0.32057
113 0.322465
114 0.324398
115 0.325912
116 0.327643
117 0.32918
118 0.331534
119 0.333629
120 0.336017
121 0.337963
122 0.340201
123 0.342305
124 0.344015
125 0.345882
126 0.347951
127 0.349782
128 0.350977
129 0.354132
130 0.355332
131 0.357097
132 0.358922
133 0.360279
134 0.361972
135 0.362947
136 0.365139
137 0.36689
138 0.368485
139 0.370322
140 0.371261
141 0.373881
142 0.376067
143 0.377113
144 0.378609
145 0.380987
146 0.381951
147 0.384004
148 0.385528
149 0.38701
150 0.387755
151 0.389466
152 0.390483
153 0.392453
154 0.393051
155 0.395057
156 0.395871
157 0.397623
158 0.398742
159 0.399912
160 0.402024
161 0.405031
162 0.406229
163 0.408166
164 0.410801
165 0.412188
166 0.413593
167 0.41557
168 0.416942
169 0.418407
170 0.418972
171 0.420542
172 0.42118
173 0.42205
174 0.423214
175 0.424476
176 0.425378
177 0.425684
178 0.427152
179 0.428525
180 0.430561
181 0.432959
182 0.434838
183 0.436665
184 0.438231
185 0.440394
186 0.442214
187 0.443341
188 0.445143
189 0.446427
190 0.448359
191 0.450399
192 0.452254
193 0.453804
194 0.455284
195 0.457498
196 0.459019
197 0.461143
198 0.462327
199 0.464933
200 0.466872
201 0.467853
202 0.470034
203 0.471786
204 0.473464
205 0.474243
206 0.475629
207 0.477353
208 0.478978
209 0.480199
210 0.482066
211 0.483678
212 0.484077
213 0.485457
214 0.487215
215 0.488259
216 0.489553
217 0.491555
218 0.492982
219 0.493694
220 0.494702
221 0.495976
222 0.496976
223 0.497882
224 0.49913
225 0.500337
226 0.501988
227 0.503117
228 0.504905
229 0.505694
230 0.505725
231 0.5075
232 0.508993
233 0.508968
234 0.510684
235 0.512201
236 0.513258
237 0.514354
238 0.516369
239 0.518647
240 0.52066
241 0.521809
242 0.523086
243 0.524785
244 0.526721
245 0.527979
246 0.530005
247 0.531544
248 0.533169
249 0.534121
250 0.536592
251 0.536895
252 0.539377
253 0.541547
254 0.54205
255 0.543991
256 0.544893
257 0.546084
258 0.547353
259 0.548506
260 0.549558
261 0.550204
262 0.551912
263 0.553523
264 0.555663
265 0.55729
266 0.559046
267 0.55968
268 0.561441
269 0.563513
270 0.565693
271 0.56674
272 0.567665
273 0.569194
274 0.570744
275 0.57169
276 0.573188
277 0.573543
278 0.574154
279 0.576008
280 0.576865
281 0.578179
282 0.579585
283 0.580949
284 0.581745
285 0.582071
286 0.584046
287 0.585321
288 0.587588
289 0.588643
290 0.590631
291 0.592179
292 0.593039
293 0.59418
294 0.594293
295 0.59508
296 0.596801
297 0.597986
298 0.599534
299 0.600639
300 0.601939
301 0.603037
302 0.604643
303 0.605906
304 0.607186
305 0.608647
306 0.610381
307 0.611758
308 0.612292
309 0.613537
310 0.614852
311 0.61609
312 0.617464
313 0.619008
314 0.620096
315 0.621673
316 0.622939
317 0.624873
318 0.625781
319 0.626861
320 0.629164
321 0.631699
322 0.632748
323 0.63414
324 0.63516
325 0.637221
326 0.63836
327 0.639092
328 0.640451
329 0.641759
330 0.64326
331 0.644498
332 0.64549
333 0.646956
334 0.648629
335 0.650102
336 0.651143
337 0.652349
338 0.653157
339 0.653952
340 0.656211
341 0.656923
342 0.659393
343 0.661022
344 0.661943
345 0.66337
346 0.664973
347 0.665637
348 0.666517
349 0.667793
350 0.6692
351 0.670133
352 0.670857
353 0.671672
354 0.672444
355 0.673821
356 0.674168
357 0.675693
358 0.676952
359 0.677973
360 0.679235
361 0.680893
362 0.681961
363 0.683854
364 0.685241
365 0.686087
366 0.68765
367 0.689059
368 0.689966
369 0.691415
370 0.691994
371 0.693171
372 0.693501
373 0.6943
374 0.695909
375 0.696562
376 0.697553
377 0.698017
378 0.699061
379 0.700496
380 0.701831
381 0.701874
382 0.702765
383 0.703135
384 0.704249
385 0.705004
386 0.706211
387 0.706648
388 0.707545
389 0.709018
390 0.711214
391 0.712896
392 0.713498
393 0.714804
394 0.715584
395 0.716156
396 0.71719
397 0.718058
398 0.718627
399 0.720074
400 0.722053
401 0.722875
402 0.723392
403 0.724114
404 0.725129
405 0.725559
406 0.726132
407 0.726976
408 0.72748
409 0.728664
410 0.728803
411 0.729171
412 0.730194
413 0.73136
414 0.733114
415 0.7342
416 0.734776
417 0.735097
418 0.736201
419 0.736314
420 0.736905
421 0.738909
422 0.739983
423 0.740963
424 0.74186
425 0.743554
426 0.744502
427 0.745219
428 0.746
429 0.746901
430 0.747737
431 0.74925
432 0.749674
433 0.749782
434 0.750846
435 0.751097
436 0.751742
437 0.752149
438 0.753433
439 0.753711
440 0.754177
441 0.754921
442 0.75544
443 0.757058
444 0.757847
445 0.75886
446 0.75937
447 0.760217
448 0.761876
449 0.762751
450 0.76312
451 0.763852
452 0.764775
453 0.765472
454 0.766856
455 0.767764
456 0.769301
457 0.770053
458 0.771013
459 0.772142
460 0.773559
461 0.774442
462 0.775193
463 0.776042
464 0.776712
465 0.777167
466 0.778489
467 0.779648
468 0.779609
469 0.78136
470 0.782098
471 0.782681
472 0.783077
473 0.783635
474 0.784211
475 0.784754
476 0.785619
477 0.786371
478 0.787513
479 0.788802
480 0.78974
481 0.790837
482 0.791594
483 0.792594
484 0.793827
485 0.794256
486 0.795957
487 0.796279
488 0.796646
489 0.797327
490 0.798043
491 0.79885
492 0.799683
493 0.800105
494 0.801263
495 0.802166
496 0.802184
497 0.803185
498 0.804642
499 0.805089
500 0.806274
501 0.807294
502 0.808409
503 0.808906
504 0.809782
505 0.81062
506 0.811403
507 0.8123
508 0.813404
509 0.814216
510 0.814956
511 0.815631
512 0.816229
513 0.816113
514 0.81725
515 0.818573
516 0.818842
517 0.819404
518 0.81923
519 0.819549
520 0.820239
521 0.820955
522 0.821493
523 0.822165
524 0.823355
525 0.823683
526 0.8243
527 0.824438
528 0.824797
529 0.82539
530 0.826051
531 0.826124
532 0.826629
533 0.827358
534 0.827272
535 0.828074
536 0.828212
537 0.828196
538 0.829222
539 0.829749
540 0.830992
541 0.831676
542 0.832719
543 0.833212
544 0.835245
545 0.8357
546 0.836318
547 0.837213
548 0.83786
549 0.838126
550 0.839073
551 0.839381
552 0.839813
553 0.840443
554 0.84111
555 0.841447
556 0.842058
557 0.842658
558 0.843041
559 0.843803
560 0.844368
561 0.844895
562 0.846188
563 0.846397
564 0.846672
565 0.847726
566 0.848393
567 0.849671
568 0.849498
569 0.849852
570 0.849537
571 0.849635
572 0.85016
573 0.851005
574 0.851671
575 0.851933
576 0.852051
577 0.852918
578 0.85466
579 0.85525
580 0.854981
581 0.855778
582 0.856261
583 0.856392
584 0.856535
585 0.856833
586 0.857141
587 0.85756
588 0.857683
589 0.857785
590 0.858381
591 0.858588
592 0.859048
593 0.860014
594 0.860932
595 0.861678
596 0.862442
597 0.862703
598 0.863428
599 0.863688
600 0.864228
601 0.864625
602 0.864629
603 0.865264
604 0.864735
605 0.865658
606 0.865044
607 0.865168
608 0.865659
609 0.865819
610 0.866053
611 0.866577
612 0.866589
613 0.867138
614 0.866698
615 0.867478
616 0.86763
617 0.867593
618 0.867962
619 0.868349
620 0.868583
621 0.869011
622 0.869047
623 0.869374
624 0.869056
625 0.869693
626 0.870233
627 0.870845
628 0.871305
629 0.871565
630 0.87245
631 0.872746
632 0.873443
633 0.873736
634 0.874143
635 0.874011
636 0.874099
637 0.87461
638 0.875067
639 0.875822
640 0.875774
641 0.875953
642 0.876784
643 0.878012
644 0.878575
645 0.878648
646 0.879779
647 0.879988
648 0.880278
649 0.880627
650 0.880603
651 0.881386
652 0.881837
653 0.88254
654 0.882427
655 0.882599
656 0.882803
657 0.883018
658 0.883486
659 0.883943
660 0.884474
661 0.884752
662 0.885419
663 0.885753
664 0.88613
665 0.886615
666 0.88695
667 0.887763
668 0.887748
669 0.888533
670 0.888402
671 0.8885
672 0.889115
673 0.889859
674 0.890672
675 0.891571
676 0.8926
677 0.893313
678 0.893221
679 0.894126
680 0.894742
681 0.895395
682 0.895408
683 0.895645
684 0.896574
685 0.896172
686 0.89675
687 0.897159
688 0.897082
689 0.897151
690 0.897341
691 0.897751
692 0.89793
693 0.898618
694 0.898991
695 0.899493
696 0.89984
697 0.900253
698 0.900585
699 0.90044
700 0.900267
701 0.899881
702 0.899368
703 0.900172
704 0.900384
705 0.900505
706 0.900758
707 0.900925
708 0.901342
709 0.901109
710 0.901643
711 0.902089
712 0.902464
713 0.902867
714 0.903216
715 0.903448
716 0.904013
717 0.904212
718 0.904174
719 0.90402
720 0.904223
721 0.904594
722 0.905035
723 0.905196
724 0.905513
725 0.9058
726 0.906081
727 0.906265
728 0.906356
729 0.906489
730 0.906668
731 0.907014
732 0.907319
733 0.907121
734 0.906978
735 0.907073
736 0.907339
737 0.907509
738 0.907976
739 0.908475
740 0.908392
741 0.908653
742 0.908767
743 0.909042
744 0.909493
745 0.909968
746 0.909861
747 0.909417
748 0.909473
749 0.910052
750 0.910009
751 0.909639
752 0.910107
753 0.910548
754 0.910918
755 0.911325
756 0.911662
757 0.91166
758 0.911733
759 0.912034
760 0.912208
761 0.911722
762 0.911455
763 0.911969
764 0.91218
765 0.912532
766 0.91267
767 0.9125
768 0.912215
769 0.91262
770 0.912885
771 0.913183
772 0.913248
773 0.91356
774 0.91442
775 0.914448
776 0.914349
777 0.914134
778 0.914782
779 0.915402
780 0.915131
781 0.915229
782 0.915825
783 0.916367
784 0.916295
785 0.916678
786 0.916764
787 0.91681
788 0.917429
789 0.917759
790 0.917592
791 0.917512
792 0.917763
793 0.917821
794 0.917767
795 0.917944
796 0.918161
797 0.918169
798 0.918425
799 0.91925
800 0.91938
801 0.920156
802 0.920337
803 0.920449
804 0.92006
805 0.920407
806 0.920556
807 0.920999
808 0.920928
809 0.921064
810 0.921128
811 0.921378
812 0.921878
813 0.921988
814 0.922031
815 0.922114
816 0.922496
817 0.922158
818 0.921875
819 0.92161
820 0.921979
821 0.922189
822 0.922093
823 0.922066
824 0.92255
825 0.922306
826 0.922341
827 0.9224
828 0.922597
829 0.922821
830 0.923252
831 0.923911
832 0.924384
833 0.924641
834 0.924073
835 0.924598
836 0.924653
837 0.925307
838 0.925068
839 0.925138
840 0.925193
841 0.925393
842 0.925252
843 0.92541
844 0.925933
845 0.925586
846 0.925919
847 0.925748
848 0.92587
849 0.925877
850 0.925648
851 0.926607
852 0.927083
853 0.927426
854 0.92738
855 0.92746
856 0.9276
857 0.927863
858 0.927888
859 0.927943
860 0.927665
861 0.928057
862 0.928504
863 0.928481
864 0.928935
865 0.929137
866 0.929271
867 0.929912
868 0.930268
869 0.930519
870 0.930037
871 0.93032
872 0.929735
873 0.929726
874 0.930133
875 0.930452
876 0.930471
877 0.930629
878 0.93043
879 0.930617
880 0.930837
881 0.930713
882 0.930881
883 0.930334
884 0.930812
885 0.931204
886 0.931286
887 0.931097
888 0.931319
889 0.931485
890 0.931587
891 0.932027
892 0.931866
893 0.932242
894 0.932021
895 0.932257
896 0.932416
897 0.932814
898 0.933042
899 0.933343
900 0.933369
901 0.933575
902 0.933792
903 0.934046
904 0.934187
905 0.934721
906 0.934912
907 0.935322
908 0.935281
909 0.935618
910 0.935981
911 0.935871
912 0.935896
913 0.935568
914 0.935801
915 0.935819
916 0.935864
917 0.936374
918 0.936689
919 0.936549
920 0.93651
921 0.936868
922 0.936892
923 0.936753
924 0.936852
925 0.93644
926 0.936855
927 0.937225
928 0.93704
929 0.93729
930 0.937715
931 0.937283
932 0.937418
933 0.937335
934 0.938059
935 0.937894
936 0.937801
937 0.938046
938 0.938301
939 0.938591
940 0.938282
941 0.938066
942 0.937732
943 0.937748
944 0.938001
945 0.937801
946 0.937993
947 0.937986
948 0.937762
949 0.93812
950 0.938091
951 0.93827
952 0.938589
953 0.938737
954 0.938913
955 0.939179
956 0.938941
957 0.938861
958 0.938566
959 0.938779
960 0.939253
961 0.939421
962 0.939636
963 0.939615
964 0.939916
965 0.940213
966 0.939578
967 0.939695
968 0.940098
969 0.93994
970 0.939892
971 0.940059
972 0.940145
973 0.940769
974 0.940854
975 0.941082
976 0.94106
977 0.941154
978 0.940857
979 0.940843
980 0.941099
981 0.940992
982 0.941161
983 0.94158
984 0.942015
985 0.941581
986 0.94208
987 0.942084
988 0.942539
989 0.942568
990 0.942428
991 0.942678
992 0.942442
993 0.942624
994 0.943168
995 0.943235
996 0.943507
997 0.94367
998 0.943705
999 0.943802
1000 0.94387
1000 0.94387
