# Iteration MagnetizationX 
1 0.00332512
2 0.00756522
3 0.00946628
4 0.0111358
5 0.00920074
6 0.0112232
7 0.0113318
8 0.0111534
9 0.0149357
10 0.0170792
11 0.0195587
12 0.0212681
13 0.0228691
14 0.0258783
15 0.0273752
16 0.028897
17 0.0309067
18 0.0355568
19 0.0383926
20 0.0374667
21 0.0402299
22 0.0436079
23 0.045984
24 0.0488777
25 0.0511444
26 0.0550118
27 0.0567777
28 0.0592863
29 0.0612816
30 0.0653591
31 0.0688768
32 0.0716852
33 0.0738736
34 0.0750641
35 0.076966
36 0.0779882
37 0.0813254
38 0.0831515
39 0.0843022
40 0.0891673
41 0.0878308
42 0.087028
43 0.0882884
44 0.0891478
45 0.0892372
46 0.0912052
47 0.0903524
48 0.0925241
49 0.095114
50 0.099046
51 0.101594
52 0.103347
53 0.1046
54 0.106397
55 0.105097
56 0.107753
57 0.107142
58 0.108634
59 0.110693
60 0.110177
61 0.111761
62 0.111819
63 0.113527
64 0.115875
65 0.117755
66 0.120991
67 0.122446
68 0.124035
69 0.124954
70 0.125051
71 0.125633
72 0.128008
73 0.12534
74 0.127485
75 0.127532
76 0.128919
77 0.131316
78 0.135214
79 0.134405
80 0.135069
81 0.136473
82 0.138471
83 0.14162
84 0.142047
85 0.143501
86 0.141589
87 0.142615
88 0.143522
89 0.147771
90 0.150552
91 0.152366
92 0.154141
93 0.151833
94 0.151842
95 0.150816
96 0.151924
97 0.154319
98 0.155052
99 0.15685
100 0.15922
101 0.160332
102 0.157266
103 0.157709
104 0.1596
105 0.160215
106 0.160772
107 0.161314
108 0.16343
109 0.162294
110 0.165046
111 0.16444
112 0.164644
113 0.167062
114 0.16618
115 0.164689
116 0.168473
117 0.169611
118 0.170887
119 0.171326
120 0.172164
121 0.172558
122 0.17487
123 0.17645
124 0.176748
125 0.179015
126 0.177422
127 0.180528
128 0.184505
129 0.185277
130 0.186253
131 0.186938
132 0.190919
133 0.192358
134 0.192537
135 0.196057
136 0.199501
137 0.199913
138 0.202562
139 0.20271
140 0.204911
141 0.205309
142 0.205231
143 0.205997
144 0.206836
145 0.207111
146 0.207527
147 0.209654
148 0.211991
149 0.213737
150 0.21581
151 0.21928
152 0.221136
153 0.219737
154 0.219592
155 0.222992
156 0.225818
157 0.225477
158 0.226494
159 0.22604
160 0.227103
161 0.228828
162 0.230562
163 0.230932
164 0.232213
165 0.230329
166 0.233346
167 0.233453
168 0.234751
169 0.234014
170 0.235258
171 0.235718
172 0.23818
173 0.238984
174 0.238971
175 0.24086
176 0.240399
177 0.242172
178 0.243746
179 0.245647
180 0.246846
181 0.244509
182 0.244287
183 0.247744
184 0.248524
185 0.24969
186 0.250263
187 0.251795
188 0.255334
189 0.256878
190 0.257353
191 0.25677
192 0.255409
193 0.257965
194 0.25881
195 0.257797
196 0.258298
197 0.260727
198 0.259333
199 0.260116
200 0.261405
201 0.261872
202 0.261131
203 0.263029
204 0.264064
205 0.266362
206 0.2643
207 0.264589
208 0.264394
209 0.264184
210 0.26445
211 0.262932
212 0.26406
213 0.265022
214 0.265983
215 0.267716
216 0.268442
217 0.268729
218 0.268807
219 0.269946
220 0.267097
221 0.272876
222 0.274437
223 0.275148
224 0.278134
225 0.278577
226 0.279948
227 0.282113
228 0.281186
229 0.283498
230 0.283695
231 0.283163
232 0.285781
233 0.288255
234 0.288304
235 0.294337
236 0.294362
237 0.294808
238 0.2947
239 0.296613
240 0.297794
241 0.300535
242 0.30132
243 0.304741
244 0.303083
245 0.301908
246 0.302536
247 0.30349
248 0.302349
249 0.304794
250 0.308861
251 0.309925
252 0.30988
253 0.310542
254 0.311908
255 0.313568
256 0.311957
257 0.313185
258 0.31486
259 0.316094
260 0.3162
261 0.316957
262 0.317498
263 0.31648
264 0.318537
265 0.319247
266 0.321326
267 0.321577
268 0.322618
269 0.324693
270 0.327238
271 0.328947
272 0.32908
273 0.329213
274 0.330828
275 0.331007
276 0.331709
277 0.332191
278 0.331522
279 0.334948
280 0.333768
281 0.33553
282 0.338137
283 0.340213
284 0.341755
285 0.342535
286 0.344154
287 0.345024
288 0.343622
289 0.346945
290 0.348643
291 0.349867
292 0.35128
293 0.351147
294 0.353397
295 0.352304
296 0.350434
297 0.350681
298 0.350468
299 0.350473
300 0.350964
301 0.349949
302 0.352442
303 0.352641
304 0.351799
305 0.354528
306 0.354086
307 0.356342
308 0.357934
309 0.357283
310 0.356578
311 0.358197
312 0.36069
313 0.359379
314 0.359403
315 0.360462
316 0.362217
317 0.362884
318 0.363794
319 0.362848
320 0.365366
321 0.366152
322 0.365949
323 0.368062
324 0.365534
325 0.365453
326 0.363104
327 0.363971
328 0.36407
329 0.365055
330 0.367096
331 0.366176
332 0.368091
333 0.368067
334 0.367802
335 0.368001
336 0.367435
337 0.36918
338 0.370249
339 0.372544
340 0.372617
341 0.373379
342 0.375649
343 0.376651
344 0.38095
345 0.379811
346 0.379739
347 0.38073
348 0.380245
349 0.381254
350 0.384429
351 0.385125
352 0.38697
353 0.389275
354 0.389585
355 0.39139
356 0.392393
357 0.392358
358 0.390276
359 0.390207
360 0.393147
361 0.39354
362 0.39436
363 0.394505
364 0.394802
365 0.395705
366 0.395033
367 0.394743
368 0.395283
369 0.392847
370 0.397093
371 0.39495
372 0.397702
373 0.3964
374 0.397463
375 0.396471
376 0.397046
377 0.398775
378 0.399134
379 0.398527
380 0.398892
381 0.399845
382 0.40177
383 0.402308
384 0.400405
385 0.40026
386 0.400142
387 0.399349
388 0.398829
389 0.400675
390 0.400662
391 0.403026
392 0.404186
393 0.403093
394 0.403421
395 0.400917
396 0.402417
397 0.402421
398 0.402765
399 0.407985
400 0.4077
401 0.406779
402 0.410525
403 0.41242
404 0.410551
405 0.411307
406 0.412215
407 0.412743
408 0.413631
409 0.411902
410 0.412789
411 0.413022
412 0.413808
413 0.415809
414 0.417239
415 0.416941
416 0.416751
417 0.416178
418 0.417412
419 0.412854
420 0.414733
421 0.416376
422 0.417453
423 0.421555
424 0.424456
425 0.424947
426 0.423378
427 0.422707
428 0.423352
429 0.423548
430 0.426245
431 0.426203
432 0.430047
433 0.430053
434 0.430429
435 0.43076
436 0.431333
437 0.429616
438 0.431424
439 0.432356
440 0.433471
441 0.433001
442 0.433937
443 0.437297
444 0.437155
445 0.436671
446 0.437324
447 0.435843
448 0.435621
449 0.436748
450 0.440086
451 0.43958
452 0.441333
453 0.44198
454 0.444106
455 0.443983
456 0.447521
457 0.44763
458 0.449019
459 0.44741
460 0.449586
461 0.448648
462 0.451531
463 0.452263
464 0.451858
465 0.453254
466 0.455076
467 0.456866
468 0.455535
469 0.455848
470 0.455216
471 0.458154
472 0.458788
473 0.459534
474 0.463412
475 0.463164
476 0.463605
477 0.465403
478 0.468078
479 0.468731
480 0.465234
481 0.464424
482 0.465953
483 0.462202
484 0.462837
485 0.464712
486 0.468215
487 0.465341
488 0.467193
489 0.466901
490 0.467644
491 0.467465
492 0.467505
493 0.470175
494 0.471719
495 0.47011
496 0.469994
497 0.46924
498 0.469376
499 0.468892
500 0.471863
501 0.469701
502 0.469837
503 0.470051
504 0.470518
505 0.4712
506 0.471401
507 0.472797
508 0.472159
509 0.469816
510 0.468599
511 0.468485
512 0.466782
513 0.468278
514 0.469898
515 0.470743
516 0.470182
517 0.470919
518 0.471322
519 0.471522
520 0.470206
521 0.47233
522 0.474902
523 0.474477
524 0.475267
525 0.475576
526 0.476276
527 0.476532
528 0.476675
529 0.478509
530 0.477003
531 0.475987
532 0.476151
533 0.476119
534 0.478424
535 0.480563
536 0.482328
537 0.483395
538 0.484102
539 0.483494
540 0.482966
541 0.482978
542 0.482849
543 0.484254
544 0.484963
545 0.484152
546 0.484342
547 0.485449
548 0.487212
549 0.487933
550 0.488773
551 0.489763
552 0.490346
553 0.494124
554 0.494813
555 0.498227
556 0.499835
557 0.499938
558 0.500059
559 0.502206
560 0.502307
561 0.501385
562 0.504666
563 0.50602
564 0.506267
565 0.507589
566 0.509022
567 0.507812
568 0.509264
569 0.509623
570 0.512312
571 0.511119
572 0.510475
573 0.510286
574 0.512421
575 0.509234
576 0.51035
577 0.508699
578 0.511256
579 0.513872
580 0.512328
581 0.513869
582 0.514819
583 0.514456
584 0.514985
585 0.514639
586 0.515914
587 0.517375
588 0.518809
589 0.521993
590 0.524087
591 0.526038
592 0.524608
593 0.522212
594 0.522775
595 0.524432
596 0.524175
597 0.52522
598 0.525536
599 0.524346
600 0.524466
601 0.52419
602 0.524246
603 0.526836
604 0.524968
605 0.525103
606 0.526537
607 0.527667
608 0.52891
609 0.52835
610 0.528976
611 0.5307
612 0.532231
613 0.531362
614 0.532236
615 0.533504
616 0.534127
617 0.532697
618 0.532823
619 0.532873
620 0.53293
621 0.532364
622 0.533327
623 0.533534
624 0.534363
625 0.534796
626 0.537416
627 0.53846
628 0.53901
629 0.541149
630 0.542627
631 0.542511
632 0.544222
633 0.547822
634 0.548396
635 0.549636
636 0.549416
637 0.549409
638 0.5513
639 0.550492
640 0.54926
641 0.551
642 0.553316
643 0.552328
644 0.554243
645 0.553352
646 0.553439
647 0.554755
648 0.554988
649 0.555306
650 0.557398
651 0.557489
652 0.557654
653 0.557434
654 0.560233
655 0.561171
656 0.562511
657 0.563868
658 0.56248
659 0.562992
660 0.561935
661 0.562024
662 0.564122
663 0.566856
664 0.567675
665 0.569054
666 0.570517
667 0.569453
668 0.569621
669 0.570053
670 0.571506
671 0.571726
672 0.571545
673 0.57129
674 0.570888
675 0.569692
676 0.56895
677 0.570649
678 0.570852
679 0.571943
680 0.57095
681 0.571073
682 0.572845
683 0.571949
684 0.574688
685 0.573402
686 0.574114
687 0.576732
688 0.577536
689 0.576566
690 0.577124
691 0.576962
692 0.576576
693 0.577808
694 0.578379
695 0.580424
696 0.583176
697 0.582721
698 0.582063
699 0.583192
700 0.585972
701 0.586354
702 0.58713
703 0.587312
704 0.588149
705 0.591284
706 0.590857
707 0.590144
708 0.5879
709 0.588926
710 0.587282
711 0.587799
712 0.585553
713 0.586242
714 0.587647
715 0.586243
716 0.588108
717 0.590922
718 0.590043
719 0.590448
720 0.590101
721 0.58942
722 0.588289
723 0.587883
724 0.588693
725 0.590292
726 0.59068
727 0.589854
728 0.589509
729 0.590537
730 0.594583
731 0.59562
732 0.595678
733 0.595711
734 0.595082
735 0.596786
736 0.600273
737 0.601308
738 0.602864
739 0.601405
740 0.600833
741 0.60257
742 0.603333
743 0.605663
744 0.605682
745 0.606374
746 0.60812
747 0.609133
748 0.609177
749 0.609628
750 0.610026
751 0.608351
752 0.607476
753 0.607027
754 0.60612
755 0.607936
756 0.608881
757 0.610425
758 0.609165
759 0.609648
760 0.609508
761 0.610516
762 0.610274
763 0.611022
764 0.609404
765 0.609172
766 0.609207
767 0.609547
768 0.611341
769 0.615459
770 0.617609
771 0.618573
772 0.617367
773 0.616602
774 0.619252
775 0.61994
776 0.619749
777 0.620194
778 0.620136
779 0.619312
780 0.617256
781 0.617938
782 0.617725
783 0.618767
784 0.6204
785 0.622488
786 0.620224
787 0.624219
788 0.625111
789 0.624671
790 0.624084
791 0.627037
792 0.627077
793 0.626728
794 0.627113
795 0.625466
796 0.628731
797 0.632179
798 0.633342
799 0.632759
800 0.632091
801 0.631258
802 0.631269
803 0.631813
804 0.632554
805 0.632403
806 0.631003
807 0.630745
808 0.629907
809 0.629945
810 0.630499
811 0.632573
812 0.631308
813 0.631162
814 0.629793
815 0.63071
816 0.629597
817 0.632161
818 0.630887
819 0.629731
820 0.62993
821 0.633224
822 0.633056
823 0.631621
824 0.631704
825 0.632457
826 0.631742
827 0.633682
828 0.633923
829 0.631957
830 0.632788
831 0.633272
832 0.633428
833 0.632748
834 0.634169
835 0.634683
836 0.633147
837 0.633812
838 0.634522
839 0.636114
840 0.635609
841 0.636227
842 0.63659
843 0.637974
844 0.639634
845 0.640951
846 0.640714
847 0.641993
848 0.640736
849 0.642454
850 0.643018
851 0.644053
852 0.645182
853 0.646181
854 0.646555
855 0.647821
856 0.645723
857 0.64726
858 0.649152
859 0.649535
860 0.651502
861 0.651776
862 0.652883
863 0.651724
864 0.651581
865 0.650689
866 0.653134
867 0.651786
868 0.651537
869 0.652132
870 0.653034
871 0.653379
872 0.653181
873 0.654821
874 0.652548
875 0.652185
876 0.653132
877 0.653709
878 0.654646
879 0.654552
880 0.654231
881 0.656743
882 0.657774
883 0.657247
884 0.659491
885 0.66193
886 0.661215
887 0.661856
888 0.663677
889 0.664019
890 0.665337
891 0.665386
892 0.666256
893 0.666192
894 0.665028
895 0.665833
896 0.666331
897 0.666085
898 0.667099
899 0.667839
900 0.66741
901 0.669009
902 0.670239
903 0.669918
904 0.670815
905 0.671853
906 0.673653
907 0.671154
908 0.671031
909 0.670215
910 0.670279
911 0.671804
912 0.671442
913 0.674505
914 0.672967
915 0.671849
916 0.670888
917 0.671366
918 0.672365
919 0.675444
920 0.675663
921 0.676705
922 0.679389
923 0.678451
924 0.676673
925 0.676527
926 0.676458
927 0.678197
928 0.679608
929 0.679592
930 0.682312
931 0.681196
932 0.681936
933 0.682825
934 0.681808
935 0.683214
936 0.683315
937 0.684078
938 0.685641
939 0.687699
940 0.686436
941 0.687893
942 0.688346
943 0.686449
944 0.685077
945 0.685087
946 0.684924
947 0.686658
948 0.686255
949 0.686067
950 0.68617
951 0.68539
952 0.682533
953 0.683989
954 0.682239
955 0.682315
956 0.682857
957 0.684761
958 0.685455
959 0.685354
960 0.685008
961 0.684462
962 0.684133
963 0.68232
964 0.684196
965 0.685438
966 0.685976
967 0.686841
968 0.68807
969 0.687543
970 0.687396
971 0.68787
972 0.687796
973 0.68957
974 0.691943
975 0.692299
976 0.693039
977 0.692509
978 0.694526
979 0.696651
980 0.696356
981 0.695745
982 0.695642
983 0.694074
984 0.693776
985 0.692998
986 0.693167
987 0.690734
988 0.694423
989 0.696421
990 0.698675
991 0.698073
992 0.699444
993 0.702003
994 0.701855
995 0.700394
996 0.698097
997 0.699464
998 0.700055
999 0.698836
1000 0.697871
1000 0.697871
