# Iteration MagnetizationX 
1 0.00291489
2 0.00418062
3 0.00552421
4 0.00696345
5 0.00843771
6 0.0099819
7 0.0116198
8 0.0133407
9 0.0151582
10 0.0170688
11 0.0190412
12 0.0210928
13 0.0232216
14 0.0254354
15 0.0277291
16 0.030115
17 0.0325337
18 0.0349899
19 0.037482
20 0.0399448
21 0.0423432
22 0.0447748
23 0.0471616
24 0.0495821
25 0.0520569
26 0.0545093
27 0.0569805
28 0.0594292
29 0.0618661
30 0.0642916
31 0.0667011
32 0.0690755
33 0.0713972
34 0.0736981
35 0.0759321
36 0.0781522
37 0.0803626
38 0.0825341
39 0.0846492
40 0.086739
41 0.0888152
42 0.0908865
43 0.092944
44 0.0949533
45 0.096951
46 0.0989324
47 0.100909
48 0.102868
49 0.1048
50 0.106723
51 0.108639
52 0.110536
53 0.112419
54 0.114294
55 0.116154
56 0.118016
57 0.119874
58 0.12173
59 0.12358
60 0.125419
61 0.127257
62 0.129101
63 0.130938
64 0.132771
65 0.134601
66 0.136426
67 0.138251
68 0.140071
69 0.141887
70 0.143702
71 0.145516
72 0.147321
73 0.149116
74 0.150904
75 0.152687
76 0.154464
77 0.156234
78 0.157999
79 0.159761
80 0.16152
81 0.16328
82 0.165035
83 0.166785
84 0.16853
85 0.170269
86 0.172002
87 0.173731
88 0.175457
89 0.177179
90 0.178889
91 0.180596
92 0.182298
93 0.183996
94 0.185686
95 0.187366
96 0.18904
97 0.19071
98 0.192375
99 0.194035
100 0.195692
101 0.197343
102 0.198991
103 0.200634
104 0.202272
105 0.203907
106 0.205536
107 0.207162
108 0.208783
109 0.2104
110 0.212012
111 0.21362
112 0.215221
113 0.216816
114 0.218406
115 0.21999
116 0.221569
117 0.223143
118 0.224712
119 0.226276
120 0.227834
121 0.229387
122 0.230933
123 0.232473
124 0.234005
125 0.235529
126 0.237047
127 0.238559
128 0.240066
129 0.241567
130 0.243066
131 0.244559
132 0.246047
133 0.247531
134 0.24901
135 0.250484
136 0.251953
137 0.253418
138 0.254879
139 0.256335
140 0.257787
141 0.259235
142 0.260677
143 0.262116
144 0.263552
145 0.264986
146 0.266418
147 0.267846
148 0.269271
149 0.270693
150 0.272113
151 0.273526
152 0.274936
153 0.276342
154 0.277744
155 0.279144
156 0.28054
157 0.281932
158 0.283322
159 0.284708
160 0.28609
161 0.28747
162 0.288845
163 0.290217
164 0.291585
165 0.292949
166 0.29431
167 0.295667
168 0.29702
169 0.29837
170 0.299717
171 0.30106
172 0.302399
173 0.303735
174 0.305067
175 0.306397
176 0.307723
177 0.309046
178 0.310365
179 0.311682
180 0.312995
181 0.314305
182 0.315611
183 0.316917
184 0.31822
185 0.319519
186 0.320816
187 0.32211
188 0.323401
189 0.324688
190 0.325973
191 0.327255
192 0.328534
193 0.32981
194 0.331083
195 0.332353
196 0.33362
197 0.334885
198 0.336147
199 0.337406
200 0.338663
201 0.339917
202 0.341169
203 0.342418
204 0.343665
205 0.34491
206 0.346153
207 0.347393
208 0.348632
209 0.349869
210 0.351103
211 0.352336
212 0.353568
213 0.354797
214 0.356025
215 0.357251
216 0.358476
217 0.359699
218 0.360921
219 0.362141
220 0.36336
221 0.364578
222 0.365794
223 0.367009
224 0.368224
225 0.369437
226 0.370649
227 0.37186
228 0.37307
229 0.37428
230 0.375489
231 0.376697
232 0.377905
233 0.379112
234 0.380318
235 0.381524
236 0.38273
237 0.383935
238 0.385141
239 0.386346
240 0.387551
241 0.388756
242 0.38996
243 0.391165
244 0.392371
245 0.393576
246 0.394781
247 0.395987
248 0.397194
249 0.3984
250 0.399607
251 0.400815
252 0.402023
253 0.403232
254 0.404441
255 0.40565
256 0.406861
257 0.408072
258 0.409284
259 0.410497
260 0.41171
261 0.412924
262 0.414138
263 0.415353
264 0.416568
265 0.417784
266 0.418999
267 0.420215
268 0.421432
269 0.422648
270 0.423865
271 0.425081
272 0.426298
273 0.427515
274 0.428731
275 0.429948
276 0.431164
277 0.432381
278 0.433597
279 0.434812
280 0.436028
281 0.437243
282 0.438457
283 0.439671
284 0.440884
285 0.442097
286 0.443309
287 0.444521
288 0.445731
289 0.446941
290 0.44815
291 0.449358
292 0.450565
293 0.451771
294 0.452975
295 0.454179
296 0.455382
297 0.456583
298 0.457783
299 0.458982
300 0.460179
301 0.461375
302 0.46257
303 0.463763
304 0.464955
305 0.466146
306 0.467337
307 0.468527
308 0.469716
309 0.470903
310 0.472089
311 0.473274
312 0.474457
313 0.475639
314 0.47682
315 0.477999
316 0.479177
317 0.480354
318 0.481529
319 0.482703
320 0.483875
321 0.485046
322 0.486216
323 0.487384
324 0.488551
325 0.489717
326 0.490882
327 0.492045
328 0.493206
329 0.494367
330 0.495526
331 0.496684
332 0.497841
333 0.498996
334 0.50015
335 0.501303
336 0.502454
337 0.503604
338 0.504753
339 0.505901
340 0.507047
341 0.508192
342 0.509336
343 0.510479
344 0.51162
345 0.51276
346 0.513899
347 0.515037
348 0.516174
349 0.517309
350 0.518443
351 0.519576
352 0.520708
353 0.521839
354 0.522968
355 0.524096
356 0.525223
357 0.526349
358 0.527474
359 0.528597
360 0.52972
361 0.530841
362 0.531961
363 0.53308
364 0.534198
365 0.535315
366 0.53643
367 0.537544
368 0.538658
369 0.53977
370 0.540881
371 0.54199
372 0.543099
373 0.544207
374 0.545313
375 0.546419
376 0.547523
377 0.548626
378 0.549728
379 0.550829
380 0.551928
381 0.553027
382 0.554124
383 0.555221
384 0.556316
385 0.55741
386 0.558503
387 0.559594
388 0.560685
389 0.561774
390 0.562863
391 0.56395
392 0.565035
393 0.56612
394 0.567204
395 0.568286
396 0.569367
397 0.570447
398 0.571525
399 0.572603
400 0.573679
401 0.574754
402 0.575827
403 0.576899
404 0.577971
405 0.57904
406 0.580109
407 0.581176
408 0.582242
409 0.583306
410 0.584369
411 0.585431
412 0.586492
413 0.587551
414 0.588608
415 0.589665
416 0.59072
417 0.591774
418 0.592826
419 0.593877
420 0.594926
421 0.595975
422 0.597021
423 0.598067
424 0.599111
425 0.600153
426 0.601195
427 0.602234
428 0.603273
429 0.60431
430 0.605345
431 0.606379
432 0.607412
433 0.608443
434 0.609472
435 0.6105
436 0.611527
437 0.612552
438 0.613575
439 0.614597
440 0.615617
441 0.616636
442 0.617653
443 0.618668
444 0.619682
445 0.620694
446 0.621704
447 0.622712
448 0.623719
449 0.624724
450 0.625727
451 0.626729
452 0.627728
453 0.628726
454 0.629722
455 0.630716
456 0.631708
457 0.632698
458 0.633687
459 0.634674
460 0.635658
461 0.636641
462 0.637622
463 0.638601
464 0.639579
465 0.640554
466 0.641528
467 0.642499
468 0.643469
469 0.644437
470 0.645402
471 0.646366
472 0.647329
473 0.648289
474 0.649247
475 0.650204
476 0.651158
477 0.652111
478 0.653061
479 0.65401
480 0.654957
481 0.655902
482 0.656845
483 0.657786
484 0.658726
485 0.659663
486 0.660598
487 0.661532
488 0.662463
489 0.663393
490 0.664321
491 0.665247
492 0.666171
493 0.667093
494 0.668013
495 0.668931
496 0.669847
497 0.670762
498 0.671674
499 0.672585
500 0.673493
501 0.6744
502 0.675305
503 0.676208
504 0.677108
505 0.678007
506 0.678904
507 0.679799
508 0.680692
509 0.681584
510 0.682473
511 0.68336
512 0.684245
513 0.685128
514 0.68601
515 0.686889
516 0.687766
517 0.688641
518 0.689514
519 0.690385
520 0.691254
521 0.692121
522 0.692985
523 0.693848
524 0.694708
525 0.695566
526 0.696422
527 0.697276
528 0.698127
529 0.698976
530 0.699823
531 0.700668
532 0.70151
533 0.70235
534 0.703188
535 0.704023
536 0.704856
537 0.705686
538 0.706514
539 0.70734
540 0.708163
541 0.708983
542 0.709802
543 0.710618
544 0.711431
545 0.712242
546 0.713051
547 0.713857
548 0.714661
549 0.715462
550 0.716261
551 0.717057
552 0.717851
553 0.718643
554 0.719432
555 0.720219
556 0.721003
557 0.721785
558 0.722565
559 0.723342
560 0.724117
561 0.72489
562 0.72566
563 0.726428
564 0.727194
565 0.727957
566 0.728718
567 0.729476
568 0.730233
569 0.730987
570 0.731739
571 0.732488
572 0.733235
573 0.73398
574 0.734723
575 0.735464
576 0.736202
577 0.736938
578 0.737672
579 0.738403
580 0.739133
581 0.73986
582 0.740585
583 0.741308
584 0.742028
585 0.742747
586 0.743463
587 0.744177
588 0.744889
589 0.745599
590 0.746307
591 0.747013
592 0.747716
593 0.748418
594 0.749117
595 0.749814
596 0.750509
597 0.751202
598 0.751893
599 0.752582
600 0.753269
601 0.753954
602 0.754637
603 0.755317
604 0.755996
605 0.756673
606 0.757347
607 0.75802
608 0.75869
609 0.759359
610 0.760026
611 0.76069
612 0.761353
613 0.762014
614 0.762672
615 0.763329
616 0.763984
617 0.764637
618 0.765288
619 0.765937
620 0.766584
621 0.767229
622 0.767872
623 0.768513
624 0.769153
625 0.76979
626 0.770426
627 0.771059
628 0.771691
629 0.772321
630 0.772949
631 0.773575
632 0.7742
633 0.774822
634 0.775443
635 0.776062
636 0.776679
637 0.777294
638 0.777907
639 0.778519
640 0.779128
641 0.779736
642 0.780342
643 0.780947
644 0.781549
645 0.78215
646 0.782749
647 0.783346
648 0.783942
649 0.784535
650 0.785127
651 0.785717
652 0.786306
653 0.786892
654 0.787477
655 0.788061
656 0.788642
657 0.789222
658 0.7898
659 0.790376
660 0.790951
661 0.791524
662 0.792095
663 0.792665
664 0.793233
665 0.793799
666 0.794364
667 0.794927
668 0.795488
669 0.796048
670 0.796606
671 0.797162
672 0.797717
673 0.79827
674 0.798822
675 0.799372
676 0.79992
677 0.800466
678 0.801011
679 0.801555
680 0.802097
681 0.802637
682 0.803176
683 0.803713
684 0.804248
685 0.804782
686 0.805315
687 0.805845
688 0.806375
689 0.806903
690 0.807429
691 0.807953
692 0.808476
693 0.808998
694 0.809518
695 0.810037
696 0.810554
697 0.811069
698 0.811583
699 0.812096
700 0.812607
701 0.813116
702 0.813624
703 0.814131
704 0.814636
705 0.81514
706 0.815642
707 0.816143
708 0.816642
709 0.81714
710 0.817636
711 0.818131
712 0.818624
713 0.819116
714 0.819607
715 0.820096
716 0.820584
717 0.82107
718 0.821555
719 0.822038
720 0.822521
721 0.823001
722 0.823481
723 0.823958
724 0.824435
725 0.82491
726 0.825384
727 0.825856
728 0.826327
729 0.826797
730 0.827265
731 0.827732
732 0.828198
733 0.828662
734 0.829125
735 0.829587
736 0.830047
737 0.830506
738 0.830963
739 0.83142
740 0.831875
741 0.832328
742 0.83278
743 0.833231
744 0.833681
745 0.83413
746 0.834577
747 0.835023
748 0.835467
749 0.83591
750 0.836352
751 0.836793
752 0.837233
753 0.837671
754 0.838108
755 0.838543
756 0.838978
757 0.839411
758 0.839843
759 0.840273
760 0.840703
761 0.841131
762 0.841558
763 0.841984
764 0.842408
765 0.842832
766 0.843254
767 0.843675
768 0.844094
769 0.844513
770 0.84493
771 0.845346
772 0.845761
773 0.846175
774 0.846587
775 0.846999
776 0.847409
777 0.847818
778 0.848226
779 0.848632
780 0.849038
781 0.849442
782 0.849845
783 0.850247
784 0.850648
785 0.851048
786 0.851446
787 0.851844
788 0.85224
789 0.852635
790 0.853029
791 0.853422
792 0.853814
793 0.854205
794 0.854595
795 0.854983
796 0.85537
797 0.855757
798 0.856142
799 0.856526
800 0.856909
801 0.857291
802 0.857672
803 0.858051
804 0.85843
805 0.858808
806 0.859184
807 0.859559
808 0.859934
809 0.860307
810 0.860679
811 0.861051
812 0.861421
813 0.86179
814 0.862158
815 0.862525
816 0.862891
817 0.863256
818 0.86362
819 0.863982
820 0.864344
821 0.864705
822 0.865065
823 0.865424
824 0.865781
825 0.866138
826 0.866494
827 0.866849
828 0.867202
829 0.867555
830 0.867907
831 0.868258
832 0.868607
833 0.868956
834 0.869304
835 0.869651
836 0.869997
837 0.870341
838 0.870685
839 0.871028
840 0.87137
841 0.871711
842 0.872051
843 0.87239
844 0.872728
845 0.873066
846 0.873402
847 0.873737
848 0.874071
849 0.874405
850 0.874737
851 0.875069
852 0.875399
853 0.875729
854 0.876058
855 0.876386
856 0.876712
857 0.877038
858 0.877363
859 0.877688
860 0.878011
861 0.878333
862 0.878655
863 0.878975
864 0.879295
865 0.879614
866 0.879931
867 0.880248
868 0.880564
869 0.88088
870 0.881194
871 0.881507
872 0.88182
873 0.882132
874 0.882442
875 0.882752
876 0.883061
877 0.88337
878 0.883677
879 0.883983
880 0.884289
881 0.884594
882 0.884898
883 0.885201
884 0.885503
885 0.885805
886 0.886105
887 0.886405
888 0.886704
889 0.887002
890 0.887299
891 0.887595
892 0.887891
893 0.888186
894 0.88848
895 0.888773
896 0.889065
897 0.889357
898 0.889647
899 0.889937
900 0.890226
901 0.890515
902 0.890802
903 0.891089
904 0.891375
905 0.89166
906 0.891944
907 0.892227
908 0.89251
909 0.892792
910 0.893073
911 0.893354
912 0.893633
913 0.893912
914 0.89419
915 0.894467
916 0.894744
917 0.89502
918 0.895295
919 0.895569
920 0.895842
921 0.896115
922 0.896387
923 0.896658
924 0.896929
925 0.897198
926 0.897467
927 0.897736
928 0.898003
929 0.89827
930 0.898536
931 0.898801
932 0.899066
933 0.899329
934 0.899593
935 0.899855
936 0.900117
937 0.900377
938 0.900638
939 0.900897
940 0.901156
941 0.901414
942 0.901671
943 0.901928
944 0.902184
945 0.902439
946 0.902694
947 0.902947
948 0.903201
949 0.903453
950 0.903705
951 0.903956
952 0.904206
953 0.904456
954 0.904705
955 0.904953
956 0.905201
957 0.905448
958 0.905694
959 0.90594
960 0.906184
961 0.906429
962 0.906672
963 0.906915
964 0.907157
965 0.907399
966 0.90764
967 0.90788
968 0.90812
969 0.908359
970 0.908597
971 0.908835
972 0.909072
973 0.909308
974 0.909544
975 0.909779
976 0.910013
977 0.910247
978 0.91048
979 0.910712
980 0.910944
981 0.911176
982 0.911406
983 0.911636
984 0.911865
985 0.912094
986 0.912322
987 0.91255
988 0.912776
989 0.913003
990 0.913228
991 0.913453
992 0.913678
993 0.913901
994 0.914125
995 0.914347
996 0.914569
997 0.91479
998 0.915011
999 0.915231
1000 0.915451
1000 0.915451
