# Iteration MagnetizationX 
1 0.00264821
2 0.00526206
3 0.00809464
4 0.01115
5 0.0118688
6 0.0153181
7 0.0170766
8 0.0169706
9 0.0195258
10 0.0219997
11 0.0242035
12 0.0263518
13 0.030236
14 0.0311416
15 0.0339099
16 0.0358033
17 0.0373517
18 0.0392113
19 0.0409533
20 0.0427349
21 0.045497
22 0.0483931
23 0.0531176
24 0.0556575
25 0.0582797
26 0.0612812
27 0.0629449
28 0.0645284
29 0.0658157
30 0.0703323
31 0.0718916
32 0.0752873
33 0.0764259
34 0.078796
35 0.0800566
36 0.0833925
37 0.0853834
38 0.0869142
39 0.0876352
40 0.090463
41 0.0922546
42 0.0956899
43 0.096924
44 0.0991227
45 0.101672
46 0.102503
47 0.103687
48 0.103505
49 0.106139
50 0.107903
51 0.111699
52 0.115885
53 0.116631
54 0.116162
55 0.117052
56 0.12114
57 0.123174
58 0.127628
59 0.127763
60 0.130938
61 0.134582
62 0.136846
63 0.138354
64 0.136822
65 0.137887
66 0.139188
67 0.141303
68 0.143349
69 0.143006
70 0.144372
71 0.147593
72 0.150168
73 0.152794
74 0.153413
75 0.157268
76 0.157381
77 0.159111
78 0.163468
79 0.164204
80 0.165038
81 0.169367
82 0.169918
83 0.169906
84 0.173065
85 0.172642
86 0.17392
87 0.175841
88 0.178987
89 0.180073
90 0.181576
91 0.183344
92 0.183072
93 0.185241
94 0.186421
95 0.188192
96 0.187316
97 0.18788
98 0.18826
99 0.192286
100 0.194344
101 0.194773
102 0.193741
103 0.19641
104 0.199324
105 0.199731
106 0.201282
107 0.203147
108 0.204262
109 0.204837
110 0.207943
111 0.210794
112 0.212828
113 0.215616
114 0.217049
115 0.219339
116 0.2199
117 0.222165
118 0.224631
119 0.227733
120 0.230731
121 0.232603
122 0.232107
123 0.234645
124 0.234757
125 0.233802
126 0.232268
127 0.23504
128 0.238545
129 0.24142
130 0.241772
131 0.245117
132 0.24852
133 0.249342
134 0.2527
135 0.25497
136 0.254833
137 0.257414
138 0.25969
139 0.260471
140 0.261454
141 0.264029
142 0.265896
143 0.270053
144 0.268558
145 0.271566
146 0.271245
147 0.272024
148 0.273394
149 0.274673
150 0.274768
151 0.277349
152 0.279423
153 0.278203
154 0.276136
155 0.277904
156 0.280192
157 0.281312
158 0.280591
159 0.280387
160 0.284135
161 0.284891
162 0.286812
163 0.286887
164 0.290879
165 0.293428
166 0.293137
167 0.292811
168 0.29317
169 0.295436
170 0.299344
171 0.302859
172 0.304376
173 0.306318
174 0.310047
175 0.311357
176 0.310244
177 0.313457
178 0.314362
179 0.315823
180 0.31795
181 0.316708
182 0.317832
183 0.321562
184 0.3228
185 0.323294
186 0.325392
187 0.32823
188 0.329592
189 0.330298
190 0.332377
191 0.334229
192 0.335006
193 0.339115
194 0.340684
195 0.343552
196 0.346457
197 0.344924
198 0.346961
199 0.34889
200 0.349781
201 0.352583
202 0.355721
203 0.357218
204 0.359425
205 0.35948
206 0.360853
207 0.365572
208 0.365461
209 0.36871
210 0.370673
211 0.372297
212 0.371422
213 0.371883
214 0.376201
215 0.378158
216 0.377846
217 0.378818
218 0.380729
219 0.384309
220 0.388003
221 0.388711
222 0.392278
223 0.392439
224 0.395578
225 0.396812
226 0.395669
227 0.400338
228 0.403219
229 0.406347
230 0.408285
231 0.409179
232 0.410958
233 0.41154
234 0.412913
235 0.41541
236 0.417283
237 0.419192
238 0.422305
239 0.422481
240 0.422093
241 0.421337
242 0.422044
243 0.42434
244 0.427297
245 0.426222
246 0.428046
247 0.430502
248 0.428663
249 0.430964
250 0.434713
251 0.436607
252 0.437411
253 0.436821
254 0.440448
255 0.44175
256 0.440224
257 0.44356
258 0.446018
259 0.446127
260 0.448669
261 0.449011
262 0.450364
263 0.4496
264 0.452261
265 0.453528
266 0.453807
267 0.452068
268 0.452305
269 0.453528
270 0.454217
271 0.454411
272 0.45366
273 0.455645
274 0.45725
275 0.458813
276 0.460378
277 0.459654
278 0.460162
279 0.459489
280 0.460395
281 0.460285
282 0.460866
283 0.461473
284 0.460992
285 0.459078
286 0.458385
287 0.458374
288 0.46025
289 0.461823
290 0.463991
291 0.465545
292 0.465761
293 0.467384
294 0.465879
295 0.466762
296 0.468137
297 0.46976
298 0.470964
299 0.471972
300 0.475374
301 0.474552
302 0.476038
303 0.479167
304 0.481115
305 0.484856
306 0.485518
307 0.487037
308 0.487141
309 0.48772
310 0.493596
311 0.494076
312 0.494376
313 0.495101
314 0.498614
315 0.501818
316 0.504442
317 0.503332
318 0.504294
319 0.505523
320 0.509319
321 0.509587
322 0.511178
323 0.509633
324 0.507423
325 0.506441
326 0.509382
327 0.511089
328 0.5124
329 0.512251
330 0.51348
331 0.513146
332 0.515638
333 0.517823
334 0.517566
335 0.519384
336 0.521843
337 0.521785
338 0.52429
339 0.524238
340 0.525309
341 0.524853
342 0.525472
343 0.527546
344 0.527181
345 0.527287
346 0.525366
347 0.526655
348 0.52843
349 0.527607
350 0.52886
351 0.530066
352 0.528919
353 0.527659
354 0.525882
355 0.525918
356 0.527703
357 0.527677
358 0.527264
359 0.526141
360 0.526809
361 0.529519
362 0.531016
363 0.532562
364 0.535722
365 0.537872
366 0.540504
367 0.542401
368 0.54224
369 0.541831
370 0.541433
371 0.541626
372 0.543167
373 0.544321
374 0.542601
375 0.541588
376 0.543303
377 0.544692
378 0.543652
379 0.545585
380 0.546717
381 0.547807
382 0.549922
383 0.550647
384 0.551622
385 0.553194
386 0.556915
387 0.557114
388 0.556189
389 0.553813
390 0.556005
391 0.554234
392 0.555938
393 0.555988
394 0.557113
395 0.559113
396 0.562804
397 0.561258
398 0.564253
399 0.562799
400 0.561657
401 0.562792
402 0.563305
403 0.564733
404 0.564503
405 0.56579
406 0.566463
407 0.567425
408 0.568293
409 0.568816
410 0.567567
411 0.569812
412 0.568733
413 0.568408
414 0.569643
415 0.57188
416 0.572205
417 0.569995
418 0.571702
419 0.572543
420 0.574865
421 0.577276
422 0.577833
423 0.578639
424 0.580517
425 0.581931
426 0.582074
427 0.58347
428 0.583019
429 0.583625
430 0.585077
431 0.586836
432 0.584226
433 0.582723
434 0.582375
435 0.583292
436 0.585682
437 0.584973
438 0.5845
439 0.583276
440 0.583167
441 0.58466
442 0.583034
443 0.583329
444 0.585997
445 0.586583
446 0.58795
447 0.587794
448 0.587821
449 0.588954
450 0.588253
451 0.587224
452 0.587297
453 0.58889
454 0.590368
455 0.59008
456 0.590993
457 0.591236
458 0.590272
459 0.592923
460 0.592813
461 0.592399
462 0.591396
463 0.593476
464 0.593605
465 0.593717
466 0.594405
467 0.593305
468 0.593901
469 0.593814
470 0.592983
471 0.595525
472 0.595942
473 0.597977
474 0.598104
475 0.598688
476 0.599169
477 0.601076
478 0.602481
479 0.601506
480 0.601129
481 0.60361
482 0.605635
483 0.607265
484 0.609616
485 0.6093
486 0.611696
487 0.611955
488 0.612148
489 0.614611
490 0.613727
491 0.613018
492 0.61164
493 0.611574
494 0.614198
495 0.613687
496 0.613987
497 0.612074
498 0.612507
499 0.613269
500 0.612389
501 0.611154
502 0.610831
503 0.614447
504 0.614365
505 0.61499
506 0.61524
507 0.615247
508 0.618579
509 0.61788
510 0.616614
511 0.616651
512 0.616143
513 0.617002
514 0.617139
515 0.619411
516 0.619743
517 0.620353
518 0.620908
519 0.622404
520 0.623211
521 0.625818
522 0.626323
523 0.624422
524 0.628026
525 0.627849
526 0.629777
527 0.63021
528 0.630978
529 0.630008
530 0.631514
531 0.632659
532 0.632321
533 0.632322
534 0.635435
535 0.636734
536 0.636133
537 0.634555
538 0.63757
539 0.638922
540 0.64061
541 0.638433
542 0.638902
543 0.640345
544 0.642089
545 0.642263
546 0.643492
547 0.64336
548 0.643239
549 0.643389
550 0.641924
551 0.641695
552 0.639657
553 0.6401
554 0.640212
555 0.6385
556 0.638563
557 0.637357
558 0.63688
559 0.636895
560 0.638799
561 0.639466
562 0.63957
563 0.640865
564 0.641178
565 0.64033
566 0.642088
567 0.643314
568 0.642769
569 0.645591
570 0.64569
571 0.645915
572 0.645277
573 0.647668
574 0.647535
575 0.645498
576 0.648906
577 0.647916
578 0.650063
579 0.650166
580 0.650126
581 0.652591
582 0.648848
583 0.649478
584 0.652032
585 0.651854
586 0.650668
587 0.651441
588 0.651583
589 0.652347
590 0.653461
591 0.656583
592 0.658557
593 0.658863
594 0.661083
595 0.662137
596 0.661207
597 0.662239
598 0.664636
599 0.665442
600 0.667873
601 0.667488
602 0.670853
603 0.674393
604 0.673398
605 0.67199
606 0.671744
607 0.67265
608 0.674744
609 0.676945
610 0.679121
611 0.678561
612 0.676968
613 0.676547
614 0.676971
615 0.676654
616 0.676276
617 0.673668
618 0.675356
619 0.675831
620 0.676025
621 0.677402
622 0.676413
623 0.679269
624 0.677726
625 0.679573
626 0.6815
627 0.680345
628 0.679844
629 0.681438
630 0.681332
631 0.681821
632 0.683926
633 0.684052
634 0.684986
635 0.687643
636 0.6873
637 0.688779
638 0.689519
639 0.688184
640 0.688485
641 0.687124
642 0.688655
643 0.687803
644 0.68765
645 0.689372
646 0.688433
647 0.687796
648 0.68683
649 0.685922
650 0.687103
651 0.686857
652 0.687716
653 0.685629
654 0.687538
655 0.688194
656 0.687273
657 0.688093
658 0.687833
659 0.686959
660 0.687671
661 0.686726
662 0.68708
663 0.686993
664 0.688269
665 0.688224
666 0.689244
667 0.691146
668 0.69206
669 0.692942
670 0.692814
671 0.691343
672 0.691546
673 0.694041
674 0.695116
675 0.693965
676 0.694108
677 0.695929
678 0.695105
679 0.693627
680 0.693428
681 0.693317
682 0.694925
683 0.695592
684 0.697
685 0.695917
686 0.6973
687 0.696853
688 0.696159
689 0.695892
690 0.696952
691 0.697527
692 0.698809
693 0.700181
694 0.700881
695 0.701497
696 0.701273
697 0.701241
698 0.702612
699 0.704445
700 0.701771
701 0.702246
702 0.704135
703 0.702624
704 0.704491
705 0.703972
706 0.705593
707 0.705425
708 0.70635
709 0.708261
710 0.705422
711 0.705495
712 0.705734
713 0.707546
714 0.706515
715 0.705447
716 0.70532
717 0.703984
718 0.703459
719 0.705482
720 0.704709
721 0.703209
722 0.704396
723 0.703182
724 0.703732
725 0.704053
726 0.703448
727 0.703461
728 0.701968
729 0.70229
730 0.702766
731 0.705218
732 0.706244
733 0.706488
734 0.707657
735 0.709192
736 0.70997
737 0.709285
738 0.707411
739 0.708064
740 0.708638
741 0.707879
742 0.707195
743 0.70958
744 0.709744
745 0.709551
746 0.71032
747 0.710697
748 0.712874
749 0.71286
750 0.711584
751 0.711677
752 0.710785
753 0.711591
754 0.714458
755 0.71379
756 0.712724
757 0.710799
758 0.711925
759 0.712853
760 0.711497
761 0.711547
762 0.71113
763 0.709809
764 0.711044
765 0.711208
766 0.711593
767 0.711274
768 0.711182
769 0.713019
770 0.713884
771 0.713864
772 0.714501
773 0.71377
774 0.714612
775 0.713793
776 0.714443
777 0.716233
778 0.717642
779 0.717184
780 0.715553
781 0.717196
782 0.715089
783 0.71608
784 0.718016
785 0.716852
786 0.715785
787 0.715188
788 0.716778
789 0.715937
790 0.715286
791 0.716261
792 0.717194
793 0.718427
794 0.719435
795 0.718111
796 0.718857
797 0.719693
798 0.719853
799 0.718687
800 0.718651
801 0.720095
802 0.722551
803 0.72098
804 0.722511
805 0.723558
806 0.724187
807 0.723192
808 0.721391
809 0.720404
810 0.720569
811 0.722336
812 0.723322
813 0.723685
814 0.723851
815 0.723113
816 0.724363
817 0.723307
818 0.725818
819 0.726841
820 0.728141
821 0.730179
822 0.729191
823 0.728621
824 0.727148
825 0.726422
826 0.727686
827 0.729526
828 0.729223
829 0.729724
830 0.729425
831 0.730914
832 0.728995
833 0.729259
834 0.730018
835 0.729959
836 0.73084
837 0.729968
838 0.73238
839 0.731888
840 0.730806
841 0.731639
842 0.732696
843 0.73253
844 0.733988
845 0.736399
846 0.738623
847 0.739481
848 0.737447
849 0.738745
850 0.738572
851 0.738573
852 0.737333
853 0.737318
854 0.735212
855 0.733616
856 0.735168
857 0.735738
858 0.735445
859 0.734566
860 0.736919
861 0.737
862 0.735541
863 0.735412
864 0.735526
865 0.735851
866 0.734644
867 0.733428
868 0.733846
869 0.7344
870 0.73631
871 0.737398
872 0.736216
873 0.737429
874 0.736305
875 0.73523
876 0.735765
877 0.736944
878 0.735881
879 0.736058
880 0.737544
881 0.737506
882 0.738141
883 0.737621
884 0.73869
885 0.738156
886 0.737763
887 0.735992
888 0.735937
889 0.739113
890 0.737629
891 0.736832
892 0.737593
893 0.737895
894 0.737527
895 0.739261
896 0.739301
897 0.738213
898 0.740463
899 0.741578
900 0.74118
901 0.741997
902 0.741351
903 0.740652
904 0.739801
905 0.742538
906 0.73999
907 0.738992
908 0.73831
909 0.738862
910 0.739215
911 0.737317
912 0.738217
913 0.739396
914 0.738254
915 0.738595
916 0.73862
917 0.739023
918 0.738649
919 0.740459
920 0.744018
921 0.74342
922 0.741976
923 0.743073
924 0.741655
925 0.743066
926 0.7447
927 0.743769
928 0.743623
929 0.744872
930 0.746306
931 0.748183
932 0.74686
933 0.747886
934 0.750345
935 0.748948
936 0.749176
937 0.748314
938 0.751726
939 0.750687
940 0.749748
941 0.75231
942 0.749689
943 0.752217
944 0.752901
945 0.75187
946 0.753869
947 0.754564
948 0.753324
949 0.753283
950 0.751462
951 0.75289
952 0.75353
953 0.754229
954 0.753442
955 0.753148
956 0.753515
957 0.753612
958 0.752966
959 0.754167
960 0.754222
961 0.754753
962 0.752431
963 0.752046
964 0.752035
965 0.753037
966 0.753505
967 0.752996
968 0.752779
969 0.75403
970 0.755308
971 0.755376
972 0.755805
973 0.754143
974 0.753942
975 0.751493
976 0.752126
977 0.752784
978 0.752155
979 0.751599
980 0.753769
981 0.754878
982 0.756209
983 0.755224
984 0.757205
985 0.757887
986 0.759317
987 0.760062
988 0.760047
989 0.75893
990 0.75961
991 0.758246
992 0.758716
993 0.758157
994 0.757741
995 0.757006
996 0.755387
997 0.754963
998 0.7553
999 0.75718
1000 0.756083
1000 0.756083
