# Iteration MagnetizationX 
1 0.00344455
2 0.00451125
3 0.00572197
4 0.00894755
5 0.0120677
6 0.014111
7 0.016548
8 0.0182047
9 0.0178388
10 0.0199862
11 0.0212423
12 0.0197621
13 0.0235702
14 0.0254257
15 0.0277185
16 0.0310011
17 0.0346352
18 0.035803
19 0.0361204
20 0.0393347
21 0.0443458
22 0.0474774
23 0.0490686
24 0.0527077
25 0.0521226
26 0.0535823
27 0.0569237
28 0.0585694
29 0.0632669
30 0.0669991
31 0.0680742
32 0.0674092
33 0.0698639
34 0.0711029
35 0.0721262
36 0.0704505
37 0.0740319
38 0.0769023
39 0.0800788
40 0.0843707
41 0.0845771
42 0.0876011
43 0.0905261
44 0.0917124
45 0.0952352
46 0.0927108
47 0.0939805
48 0.0977491
49 0.097136
50 0.097289
51 0.0990333
52 0.0998293
53 0.104772
54 0.104979
55 0.109658
56 0.11073
57 0.114509
58 0.114176
59 0.115892
60 0.118018
61 0.117043
62 0.119411
63 0.120944
64 0.123346
65 0.124193
66 0.126602
67 0.129755
68 0.131199
69 0.130079
70 0.131713
71 0.132996
72 0.135593
73 0.141642
74 0.144393
75 0.146959
76 0.150821
77 0.153511
78 0.155024
79 0.159191
80 0.15855
81 0.161328
82 0.165537
83 0.169633
84 0.17169
85 0.172864
86 0.173224
87 0.171966
88 0.176171
89 0.178191
90 0.176973
91 0.182438
92 0.183775
93 0.182403
94 0.183455
95 0.184018
96 0.185625
97 0.186748
98 0.189307
99 0.193598
100 0.19493
101 0.196753
102 0.196796
103 0.1982
104 0.203048
105 0.202208
106 0.202755
107 0.201512
108 0.203187
109 0.202823
110 0.20491
111 0.21192
112 0.216091
113 0.217293
114 0.218545
115 0.220876
116 0.223352
117 0.224359
118 0.222401
119 0.22534
120 0.227786
121 0.227619
122 0.231533
123 0.232305
124 0.233138
125 0.23804
126 0.236378
127 0.237503
128 0.2415
129 0.240979
130 0.244141
131 0.245019
132 0.247822
133 0.248694
134 0.248067
135 0.247736
136 0.24907
137 0.24547
138 0.247296
139 0.248478
140 0.250717
141 0.253266
142 0.255585
143 0.255956
144 0.256839
145 0.257078
146 0.25885
147 0.260972
148 0.262393
149 0.263696
150 0.263869
151 0.266069
152 0.267698
153 0.269532
154 0.270437
155 0.270882
156 0.274009
157 0.278148
158 0.282242
159 0.283111
160 0.285831
161 0.285712
162 0.285472
163 0.286649
164 0.288059
165 0.284578
166 0.28832
167 0.286811
168 0.286735
169 0.288299
170 0.289053
171 0.290558
172 0.291813
173 0.29481
174 0.296577
175 0.300077
176 0.297775
177 0.297077
178 0.300742
179 0.300891
180 0.298956
181 0.299697
182 0.304257
183 0.304154
184 0.307913
185 0.30899
186 0.313038
187 0.31118
188 0.311185
189 0.313863
190 0.315915
191 0.316143
192 0.318406
193 0.321699
194 0.322119
195 0.324836
196 0.328166
197 0.327797
198 0.329945
199 0.333093
200 0.334737
201 0.336909
202 0.340019
203 0.344054
204 0.346523
205 0.347783
206 0.348012
207 0.348634
208 0.348556
209 0.347329
210 0.352039
211 0.352738
212 0.353655
213 0.354234
214 0.352185
215 0.352317
216 0.349606
217 0.351254
218 0.350004
219 0.348519
220 0.349144
221 0.347368
222 0.351249
223 0.352672
224 0.354047
225 0.355886
226 0.358046
227 0.358083
228 0.361166
229 0.363977
230 0.363918
231 0.363098
232 0.362708
233 0.362287
234 0.364566
235 0.366743
236 0.36489
237 0.367466
238 0.367643
239 0.367803
240 0.368649
241 0.367651
242 0.366383
243 0.370293
244 0.370899
245 0.371785
246 0.374338
247 0.376281
248 0.376116
249 0.378225
250 0.377962
251 0.382807
252 0.384319
253 0.388262
254 0.387678
255 0.386452
256 0.385958
257 0.386093
258 0.387427
259 0.388505
260 0.391566
261 0.391336
262 0.393581
263 0.39419
264 0.393834
265 0.396688
266 0.400263
267 0.399934
268 0.402497
269 0.405663
270 0.4091
271 0.408435
272 0.410068
273 0.409007
274 0.409528
275 0.412338
276 0.411577
277 0.414624
278 0.415606
279 0.415099
280 0.416343
281 0.418188
282 0.4181
283 0.420888
284 0.422413
285 0.420648
286 0.425695
287 0.426646
288 0.427947
289 0.431667
290 0.431407
291 0.433709
292 0.434618
293 0.43631
294 0.437583
295 0.437573
296 0.438682
297 0.437698
298 0.435239
299 0.437965
300 0.439013
301 0.441669
302 0.439589
303 0.440144
304 0.435159
305 0.431069
306 0.432195
307 0.435623
308 0.436281
309 0.439262
310 0.438742
311 0.445045
312 0.444309
313 0.443895
314 0.445601
315 0.443576
316 0.439046
317 0.437518
318 0.439008
319 0.438254
320 0.438521
321 0.437368
322 0.436184
323 0.434213
324 0.434743
325 0.436586
326 0.439077
327 0.439221
328 0.440677
329 0.443365
330 0.441797
331 0.443827
332 0.445064
333 0.446285
334 0.445946
335 0.446415
336 0.446721
337 0.44514
338 0.447486
339 0.44572
340 0.44671
341 0.44289
342 0.444386
343 0.444338
344 0.443979
345 0.441836
346 0.440756
347 0.43977
348 0.439539
349 0.439506
350 0.439132
351 0.439813
352 0.438606
353 0.441457
354 0.439781
355 0.438993
356 0.437794
357 0.437777
358 0.438644
359 0.438936
360 0.438919
361 0.438746
362 0.437982
363 0.438473
364 0.438533
365 0.435297
366 0.437626
367 0.438245
368 0.438376
369 0.440704
370 0.443526
371 0.44287
372 0.441361
373 0.441873
374 0.447275
375 0.447723
376 0.449689
377 0.448793
378 0.448847
379 0.450751
380 0.452837
381 0.453823
382 0.454721
383 0.454617
384 0.455058
385 0.454887
386 0.455981
387 0.45705
388 0.45852
389 0.457883
390 0.457291
391 0.457103
392 0.458981
393 0.460681
394 0.459828
395 0.460854
396 0.462751
397 0.463961
398 0.467147
399 0.471257
400 0.471917
401 0.474285
402 0.475359
403 0.473571
404 0.473468
405 0.47131
406 0.476559
407 0.474771
408 0.473756
409 0.471369
410 0.472441
411 0.47244
412 0.472462
413 0.473859
414 0.473291
415 0.475858
416 0.474407
417 0.473353
418 0.474994
419 0.474586
420 0.475735
421 0.474408
422 0.476138
423 0.475476
424 0.477463
425 0.479641
426 0.481341
427 0.479937
428 0.48348
429 0.484389
430 0.483441
431 0.484953
432 0.482938
433 0.483008
434 0.482747
435 0.482203
436 0.482975
437 0.485397
438 0.484865
439 0.484783
440 0.483616
441 0.483532
442 0.487809
443 0.48795
444 0.489727
445 0.4906
446 0.489474
447 0.487114
448 0.48555
449 0.486745
450 0.486081
451 0.486305
452 0.485822
453 0.487463
454 0.485529
455 0.485134
456 0.484472
457 0.483783
458 0.484843
459 0.487541
460 0.488815
461 0.488928
462 0.488046
463 0.487901
464 0.490113
465 0.489784
466 0.487649
467 0.488432
468 0.489029
469 0.49116
470 0.489786
471 0.488111
472 0.488615
473 0.489568
474 0.492476
475 0.493722
476 0.491383
477 0.488999
478 0.49127
479 0.490661
480 0.486881
481 0.48821
482 0.487533
483 0.487773
484 0.487601
485 0.489961
486 0.490799
487 0.491599
488 0.491289
489 0.493796
490 0.491948
491 0.494266
492 0.492419
493 0.492823
494 0.493588
495 0.49676
496 0.498814
497 0.49867
498 0.497667
499 0.493327
500 0.494134
501 0.492225
502 0.492765
503 0.488851
504 0.487301
505 0.487645
506 0.489829
507 0.489503
508 0.489588
509 0.489784
510 0.492828
511 0.491152
512 0.491601
513 0.489572
514 0.492672
515 0.494847
516 0.495759
517 0.497305
518 0.494978
519 0.499152
520 0.502288
521 0.501514
522 0.503222
523 0.501275
524 0.499967
525 0.499095
526 0.500131
527 0.498331
528 0.498757
529 0.495812
530 0.4983
531 0.497451
532 0.494361
533 0.497573
534 0.500387
535 0.499174
536 0.497244
537 0.496058
538 0.495925
539 0.497541
540 0.501619
541 0.499036
542 0.500533
543 0.498782
544 0.496585
545 0.497546
546 0.497246
547 0.500823
548 0.502257
549 0.500391
550 0.500887
551 0.50064
552 0.50214
553 0.50357
554 0.50374
555 0.504951
556 0.505338
557 0.503596
558 0.502044
559 0.502632
560 0.501353
561 0.499319
562 0.498931
563 0.497148
564 0.493564
565 0.495669
566 0.495571
567 0.495975
568 0.495618
569 0.49508
570 0.498307
571 0.500051
572 0.498916
573 0.497898
574 0.499763
575 0.49992
576 0.497992
577 0.498257
578 0.497298
579 0.498113
580 0.497911
581 0.499315
582 0.499699
583 0.499636
584 0.498088
585 0.49757
586 0.499346
587 0.498509
588 0.498766
589 0.497016
590 0.497751
591 0.498518
592 0.497464
593 0.498004
594 0.49295
595 0.494834
596 0.494957
597 0.494091
598 0.496406
599 0.500144
600 0.501422
601 0.502053
602 0.503656
603 0.505937
604 0.508514
605 0.506884
606 0.506571
607 0.506014
608 0.50477
609 0.504025
610 0.502954
611 0.505501
612 0.508448
613 0.503283
614 0.505465
615 0.508656
616 0.507142
617 0.506207
618 0.507592
619 0.506759
620 0.506669
621 0.508562
622 0.507882
623 0.507399
624 0.50876
625 0.50633
626 0.505662
627 0.508994
628 0.509335
629 0.510045
630 0.509626
631 0.512512
632 0.513455
633 0.515435
634 0.51347
635 0.510411
636 0.508963
637 0.507355
638 0.509252
639 0.510598
640 0.513269
641 0.513396
642 0.515104
643 0.515757
644 0.514551
645 0.512117
646 0.510175
647 0.508885
648 0.507959
649 0.508258
650 0.504667
651 0.505393
652 0.503435
653 0.501788
654 0.502368
655 0.501178
656 0.500803
657 0.502341
658 0.503494
659 0.502197
660 0.504006
661 0.505845
662 0.506557
663 0.503783
664 0.503749
665 0.501667
666 0.501017
667 0.498853
668 0.498308
669 0.497349
670 0.500752
671 0.504625
672 0.506441
673 0.506786
674 0.50723
675 0.506159
676 0.502912
677 0.500969
678 0.502892
679 0.502163
680 0.49925
681 0.498124
682 0.49914
683 0.501248
684 0.499842
685 0.495742
686 0.496526
687 0.498121
688 0.496858
689 0.498804
690 0.499829
691 0.498313
692 0.497059
693 0.498506
694 0.496771
695 0.497433
696 0.498615
697 0.496056
698 0.494808
699 0.494467
700 0.493125
701 0.492986
702 0.491457
703 0.490267
704 0.491043
705 0.491876
706 0.491364
707 0.493675
708 0.491148
709 0.493283
710 0.496178
711 0.495201
712 0.492839
713 0.49241
714 0.495339
715 0.498464
716 0.499056
717 0.498365
718 0.498643
719 0.497925
720 0.49877
721 0.501244
722 0.49763
723 0.497037
724 0.496649
725 0.497916
726 0.49746
727 0.497198
728 0.498333
729 0.495927
730 0.49642
731 0.497896
732 0.496675
733 0.497973
734 0.498284
735 0.497772
736 0.49476
737 0.496632
738 0.498145
739 0.495573
740 0.497508
741 0.498205
742 0.501948
743 0.499875
744 0.500877
745 0.500574
746 0.501616
747 0.500193
748 0.499697
749 0.501084
750 0.502646
751 0.503221
752 0.504048
753 0.5062
754 0.506265
755 0.50907
756 0.510538
757 0.510999
758 0.514099
759 0.518397
760 0.519953
761 0.522502
762 0.520965
763 0.520797
764 0.523205
765 0.522079
766 0.520764
767 0.521156
768 0.524053
769 0.525587
770 0.52421
771 0.522535
772 0.523671
773 0.52035
774 0.515626
775 0.516313
776 0.515868
777 0.515157
778 0.512576
779 0.510372
780 0.508998
781 0.507846
782 0.504454
783 0.50482
784 0.505297
785 0.506057
786 0.508692
787 0.505668
788 0.504994
789 0.505451
790 0.506286
791 0.504447
792 0.506804
793 0.507547
794 0.505344
795 0.506414
796 0.508948
797 0.507294
798 0.5065
799 0.507515
800 0.507919
801 0.509465
802 0.508657
803 0.508351
804 0.505874
805 0.501446
806 0.499295
807 0.495778
808 0.495454
809 0.495206
810 0.493017
811 0.49546
812 0.495113
813 0.494381
814 0.495463
815 0.498147
816 0.495679
817 0.496734
818 0.496723
819 0.498017
820 0.501529
821 0.499172
822 0.498098
823 0.498396
824 0.500491
825 0.501387
826 0.505837
827 0.503292
828 0.501122
829 0.503092
830 0.500599
831 0.498634
832 0.50077
833 0.499497
834 0.497902
835 0.502308
836 0.500373
837 0.500492
838 0.500279
839 0.5005
840 0.497703
841 0.497281
842 0.498562
843 0.498568
844 0.496456
845 0.495177
846 0.496568
847 0.49739
848 0.496718
849 0.494919
850 0.494228
851 0.492204
852 0.494836
853 0.494433
854 0.493076
855 0.49263
856 0.495394
857 0.491066
858 0.490079
859 0.488857
860 0.490605
861 0.490068
862 0.491752
863 0.493747
864 0.494973
865 0.492801
866 0.491735
867 0.494308
868 0.493279
869 0.492888
870 0.493264
871 0.493628
872 0.494727
873 0.500519
874 0.502124
875 0.502402
876 0.502879
877 0.496999
878 0.49669
879 0.50013
880 0.503076
881 0.501437
882 0.50137
883 0.500406
884 0.499841
885 0.500042
886 0.500287
887 0.499669
888 0.499266
889 0.500891
890 0.500016
891 0.503134
892 0.502064
893 0.501204
894 0.499309
895 0.499402
896 0.501777
897 0.501803
898 0.501198
899 0.500283
900 0.498411
901 0.495445
902 0.498085
903 0.496869
904 0.497666
905 0.499847
906 0.500342
907 0.502325
908 0.499256
909 0.502239
910 0.500783
911 0.499014
912 0.501822
913 0.500854
914 0.500999
915 0.50035
916 0.501498
917 0.500679
918 0.501429
919 0.499281
920 0.502078
921 0.502758
922 0.502855
923 0.500442
924 0.495881
925 0.492837
926 0.488535
927 0.48714
928 0.488143
929 0.492144
930 0.495061
931 0.495012
932 0.49642
933 0.495085
934 0.493106
935 0.490128
936 0.491286
937 0.493573
938 0.491131
939 0.494838
940 0.494163
941 0.493652
942 0.492653
943 0.497099
944 0.495931
945 0.495734
946 0.493057
947 0.49385
948 0.497078
949 0.498612
950 0.494237
951 0.494072
952 0.49613
953 0.493063
954 0.492842
955 0.494259
956 0.494698
957 0.496914
958 0.496024
959 0.497751
960 0.493803
961 0.496886
962 0.499838
963 0.499479
964 0.502379
965 0.502096
966 0.500597
967 0.499137
968 0.501436
969 0.502711
970 0.501282
971 0.502488
972 0.502639
973 0.502138
974 0.499186
975 0.498094
976 0.496114
977 0.495934
978 0.498323
979 0.498635
980 0.499038
981 0.502175
982 0.501799
983 0.500478
984 0.505979
985 0.505226
986 0.505116
987 0.506004
988 0.507333
989 0.505868
990 0.508566
991 0.506551
992 0.506455
993 0.506077
994 0.508039
995 0.509638
996 0.50967
997 0.510414
998 0.511993
999 0.512556
1000 0.514257
1000 0.514257
