# Iteration Energy MinEnergy Delta temp realtemp dtheta realdtheta MagneticFieldX Y Z MagnetizationX Y Z
1 -735.795 -19170.2 18434.4 0 0 0 0 0.08 0 0 -0.00279104 -0.00729655 -9.64621e-05
2 -1229.36 -19170.2 17940.9 0 0 0 0 0.08 0 0 -0.001616 -0.00804521 -3.27001e-05
3 -1692.98 -19170.2 17477.2 0 0 0 0 0.08 0 0 -0.000400045 -0.00886472 5.1989e-05
4 -2135.81 -19170.2 17034.4 0 0 0 0 0.08 0 0 0.000880729 -0.0097628 0.000165786
5 -2564.12 -19170.2 16606.1 0 0 0 0 0.08 0 0 0.00224135 -0.0107494 0.000303283
6 -2983.05 -19170.2 16187.2 0 0 0 0 0.08 0 0 0.00366798 -0.011781 0.00046204
7 -3394.59 -19170.2 15775.6 0 0 0 0 0.08 0 0 0.0051747 -0.0128404 0.000620931
8 -3804.51 -19170.2 15365.7 0 0 0 0 0.08 0 0 0.00676584 -0.0139525 0.000816292
9 -4216.7 -19170.2 14953.5 0 0 0 0 0.08 0 0 0.00839779 -0.0151156 0.00102849
10 -4632.1 -19170.2 14538.1 0 0 0 0 0.08 0 0 0.0100432 -0.0163508 0.00123725
11 -5051.93 -19170.2 14118.3 0 0 0 0 0.08 0 0 0.0117665 -0.0176124 0.00145868
12 -5472.45 -19170.2 13697.8 0 0 0 0 0.08 0 0 0.013574 -0.018945 0.0016647
13 -5891.69 -19170.2 13278.5 0 0 0 0 0.08 0 0 0.0153883 -0.0203086 0.00182343
14 -6311.27 -19170.2 12859 0 0 0 0 0.08 0 0 0.0172856 -0.0217011 0.00199671
15 -6730.33 -19170.2 12439.9 0 0 0 0 0.08 0 0 0.0192761 -0.0231881 0.00219273
16 -7145.59 -19170.2 12024.6 0 0 0 0 0.08 0 0 0.0213762 -0.0247717 0.00240902
17 -7556.32 -19170.2 11613.9 0 0 0 0 0.08 0 0 0.0235821 -0.0264073 0.00259256
18 -7961.37 -19170.2 11208.9 0 0 0 0 0.08 0 0 0.0258409 -0.0281325 0.00277003
19 -8355.63 -19170.2 10814.6 0 0 0 0 0.08 0 0 0.0280854 -0.0297806 0.00303564
20 -8740.04 -19170.2 10430.2 0 0 0 0 0.08 0 0 0.0302227 -0.0314177 0.00327578
21 -9117.71 -19170.2 10052.5 0 0 0 0 0.08 0 0 0.0323414 -0.0330405 0.00349886
22 -9488.47 -19170.2 9681.75 0 0 0 0 0.08 0 0 0.0343615 -0.0346267 0.0036619
23 -9851.45 -19170.2 9318.78 0 0 0 0 0.08 0 0 0.0364191 -0.036258 0.00383093
24 -10203.3 -19170.2 8966.96 0 0 0 0 0.08 0 0 0.0385538 -0.0379262 0.00402542
25 -10542.4 -19170.2 8627.84 0 0 0 0 0.08 0 0 0.0407173 -0.0395657 0.004168
26 -10869.1 -19170.2 8301.13 0 0 0 0 0.08 0 0 0.0428117 -0.0412409 0.00431898
27 -11180.8 -19170.2 7989.45 0 0 0 0 0.08 0 0 0.044786 -0.0429207 0.00444116
28 -11478.9 -19170.2 7691.35 0 0 0 0 0.08 0 0 0.0467135 -0.0445839 0.00466187
29 -11760.4 -19170.2 7409.85 0 0 0 0 0.08 0 0 0.0485666 -0.0461839 0.00494364
30 -12025.7 -19170.2 7144.49 0 0 0 0 0.08 0 0 0.0503012 -0.0478143 0.0050917
31 -12275.4 -19170.2 6894.79 0 0 0 0 0.08 0 0 0.0520499 -0.0494277 0.00521212
32 -12509.2 -19170.2 6661.05 0 0 0 0 0.08 0 0 0.0538117 -0.0510231 0.0052511
33 -12731.3 -19170.2 6438.93 0 0 0 0 0.08 0 0 0.0555854 -0.0525911 0.00527586
34 -12942 -19170.2 6228.25 0 0 0 0 0.08 0 0 0.0573842 -0.0541431 0.00525345
35 -13142.7 -19170.2 6027.56 0 0 0 0 0.08 0 0 0.0592089 -0.0556903 0.00522921
36 -13330.7 -19170.2 5839.54 0 0 0 0 0.08 0 0 0.061067 -0.0572144 0.00516856
37 -13508 -19170.2 5662.2 0 0 0 0 0.08 0 0 0.0629495 -0.0587824 0.0051638
38 -13675.7 -19170.2 5494.56 0 0 0 0 0.08 0 0 0.0648274 -0.0603752 0.0051758
39 -13833.7 -19170.2 5336.57 0 0 0 0 0.08 0 0 0.066706 -0.0619659 0.00517479
40 -13985.5 -19170.2 5184.69 0 0 0 0 0.08 0 0 0.0685789 -0.0635684 0.00518831
41 -14130.4 -19170.2 5039.85 0 0 0 0 0.08 0 0 0.0704727 -0.0651367 0.00521519
42 -14264.9 -19170.2 4905.35 0 0 0 0 0.08 0 0 0.0724135 -0.0666339 0.00528071
43 -14390.2 -19170.2 4779.99 0 0 0 0 0.08 0 0 0.0743842 -0.068059 0.00535846
44 -14508.2 -19170.2 4662 0 0 0 0 0.08 0 0 0.0763715 -0.0694378 0.00544037
45 -14620 -19170.2 4550.21 0 0 0 0 0.08 0 0 0.0783303 -0.0707727 0.00551854
46 -14724.4 -19170.2 4445.82 0 0 0 0 0.08 0 0 0.0802829 -0.0720572 0.00556863
47 -14824.1 -19170.2 4346.14 0 0 0 0 0.08 0 0 0.0822755 -0.0732952 0.00562347
48 -14919.3 -19170.2 4250.97 0 0 0 0 0.08 0 0 0.0842743 -0.0745114 0.00566261
49 -15009.7 -19170.2 4160.56 0 0 0 0 0.08 0 0 0.0862776 -0.0757309 0.00567241
50 -15095.2 -19170.2 4075.08 0 0 0 0 0.08 0 0 0.0882987 -0.0769512 0.00568759
51 -15176.7 -19170.2 3993.48 0 0 0 0 0.08 0 0 0.0903312 -0.0781553 0.00572591
52 -15255.1 -19170.2 3915.09 0 0 0 0 0.08 0 0 0.0923737 -0.0793471 0.005772
53 -15330.6 -19170.2 3839.66 0 0 0 0 0.08 0 0 0.0944271 -0.0805272 0.00582085
54 -15403 -19170.2 3767.24 0 0 0 0 0.08 0 0 0.0964752 -0.0816983 0.0058765
55 -15472.6 -19170.2 3697.6 0 0 0 0 0.08 0 0 0.0985093 -0.0828488 0.00594248
56 -15539.7 -19170.2 3630.54 0 0 0 0 0.08 0 0 0.100545 -0.0839994 0.00600221
57 -15604.7 -19170.2 3565.5 0 0 0 0 0.08 0 0 0.102593 -0.0851337 0.00606685
58 -15667.6 -19170.2 3502.67 0 0 0 0 0.08 0 0 0.104648 -0.086245 0.00614519
59 -15727 -19170.2 3443.27 0 0 0 0 0.08 0 0 0.106695 -0.087323 0.00622025
60 -15783.7 -19170.2 3386.56 0 0 0 0 0.08 0 0 0.108735 -0.088389 0.0063242
61 -15838.8 -19170.2 3331.45 0 0 0 0 0.08 0 0 0.110777 -0.0894472 0.00644147
62 -15891.7 -19170.2 3278.51 0 0 0 0 0.08 0 0 0.11282 -0.0904897 0.00658269
63 -15943 -19170.2 3227.26 0 0 0 0 0.08 0 0 0.114871 -0.0915203 0.00674016
64 -15992.7 -19170.2 3177.49 0 0 0 0 0.08 0 0 0.116927 -0.0925387 0.00690334
65 -16040.8 -19170.2 3129.42 0 0 0 0 0.08 0 0 0.118987 -0.0935468 0.00708633
66 -16086.8 -19170.2 3083.43 0 0 0 0 0.08 0 0 0.121049 -0.0945322 0.00729317
67 -16131.1 -19170.2 3039.12 0 0 0 0 0.08 0 0 0.123124 -0.0955156 0.00750712
68 -16174.3 -19170.2 2995.93 0 0 0 0 0.08 0 0 0.125201 -0.0964944 0.00772936
69 -16216.5 -19170.2 2953.76 0 0 0 0 0.08 0 0 0.127281 -0.0974682 0.00795944
70 -16257.8 -19170.2 2912.44 0 0 0 0 0.08 0 0 0.129364 -0.0984375 0.0081967
71 -16298.2 -19170.2 2872.02 0 0 0 0 0.08 0 0 0.131451 -0.0994028 0.00844052
72 -16337.7 -19170.2 2832.49 0 0 0 0 0.08 0 0 0.133539 -0.100362 0.00868943
73 -16376.3 -19170.2 2793.97 0 0 0 0 0.08 0 0 0.13563 -0.101313 0.00894466
74 -16413.6 -19170.2 2756.62 0 0 0 0 0.08 0 0 0.137719 -0.102261 0.00922583
75 -16450.2 -19170.2 2720.03 0 0 0 0 0.08 0 0 0.139808 -0.103205 0.00951691
76 -16485.8 -19170.2 2684.44 0 0 0 0 0.08 0 0 0.141896 -0.104137 0.00982217
77 -16520.5 -19170.2 2649.74 0 0 0 0 0.08 0 0 0.143987 -0.105061 0.0101405
78 -16554.4 -19170.2 2615.81 0 0 0 0 0.08 0 0 0.146076 -0.105979 0.0104698
79 -16587.7 -19170.2 2582.57 0 0 0 0 0.08 0 0 0.148165 -0.106892 0.0108069
80 -16620.1 -19170.2 2550.09 0 0 0 0 0.08 0 0 0.150253 -0.107806 0.0111452
81 -16651.9 -19170.2 2518.31 0 0 0 0 0.08 0 0 0.152342 -0.108718 0.0114863
82 -16683.1 -19170.2 2487.16 0 0 0 0 0.08 0 0 0.15443 -0.109627 0.0118325
83 -16713.6 -19170.2 2456.6 0 0 0 0 0.08 0 0 0.156519 -0.110535 0.0121844
84 -16743.2 -19170.2 2426.98 0 0 0 0 0.08 0 0 0.158611 -0.111454 0.012544
85 -16772.2 -19170.2 2398.02 0 0 0 0 0.08 0 0 0.160704 -0.112376 0.0129054
86 -16800.6 -19170.2 2369.62 0 0 0 0 0.08 0 0 0.162798 -0.113296 0.0132694
87 -16828.6 -19170.2 2341.65 0 0 0 0 0.08 0 0 0.164891 -0.114215 0.0136357
88 -16856 -19170.2 2314.22 0 0 0 0 0.08 0 0 0.166985 -0.115131 0.0140039
89 -16882.8 -19170.2 2287.45 0 0 0 0 0.08 0 0 0.169082 -0.116045 0.014365
90 -16909 -19170.2 2261.23 0 0 0 0 0.08 0 0 0.17118 -0.116957 0.0147248
91 -16934.7 -19170.2 2235.55 0 0 0 0 0.08 0 0 0.173279 -0.117864 0.0150875
92 -16959.8 -19170.2 2210.38 0 0 0 0 0.08 0 0 0.175377 -0.118767 0.0154537
93 -16984.6 -19170.2 2185.64 0 0 0 0 0.08 0 0 0.177476 -0.119665 0.0158194
94 -17008.7 -19170.2 2161.51 0 0 0 0 0.08 0 0 0.179572 -0.120554 0.0161906
95 -17032.5 -19170.2 2137.77 0 0 0 0 0.08 0 0 0.181668 -0.121436 0.0165607
96 -17055.7 -19170.2 2114.54 0 0 0 0 0.08 0 0 0.183766 -0.122311 0.0169346
97 -17078.4 -19170.2 2091.82 0 0 0 0 0.08 0 0 0.185863 -0.123176 0.0173094
98 -17100.5 -19170.2 2069.69 0 0 0 0 0.08 0 0 0.187953 -0.124029 0.0176803
99 -17122.3 -19170.2 2047.93 0 0 0 0 0.08 0 0 0.190043 -0.124873 0.018049
100 -17143.7 -19170.2 2026.5 0 0 0 0 0.08 0 0 0.192132 -0.125709 0.0184155
101 -17164.7 -19170.2 2005.54 0 0 0 0 0.08 0 0 0.194221 -0.126536 0.0187796
102 -17185.3 -19170.2 1984.88 0 0 0 0 0.08 0 0 0.196309 -0.127354 0.0191412
103 -17205.6 -19170.2 1964.59 0 0 0 0 0.08 0 0 0.198397 -0.128162 0.0195001
104 -17225.6 -19170.2 1944.61 0 0 0 0 0.08 0 0 0.200484 -0.128961 0.0198564
105 -17245.3 -19170.2 1924.96 0 0 0 0 0.08 0 0 0.20257 -0.129749 0.0202099
106 -17264.6 -19170.2 1905.62 0 0 0 0 0.08 0 0 0.204656 -0.130528 0.0205606
107 -17283.7 -19170.2 1886.54 0 0 0 0 0.08 0 0 0.206741 -0.131296 0.0209086
108 -17302.5 -19170.2 1867.74 0 0 0 0 0.08 0 0 0.208825 -0.132054 0.0212538
109 -17320.9 -19170.2 1849.31 0 0 0 0 0.08 0 0 0.210909 -0.132802 0.0215962
110 -17339.1 -19170.2 1831.17 0 0 0 0 0.08 0 0 0.212992 -0.133545 0.0219338
111 -17356.6 -19170.2 1813.62 0 0 0 0 0.08 0 0 0.21507 -0.134279 0.0222572
112 -17373.6 -19170.2 1796.63 0 0 0 0 0.08 0 0 0.217148 -0.134999 0.0225742
113 -17390.3 -19170.2 1779.91 0 0 0 0 0.08 0 0 0.219225 -0.135709 0.0228874
114 -17406.8 -19170.2 1763.47 0 0 0 0 0.08 0 0 0.221301 -0.136409 0.0231971
115 -17422.9 -19170.2 1747.36 0 0 0 0 0.08 0 0 0.223375 -0.137097 0.0235049
116 -17438.6 -19170.2 1731.62 0 0 0 0 0.08 0 0 0.225449 -0.137772 0.0238117
117 -17454.1 -19170.2 1716.1 0 0 0 0 0.08 0 0 0.227521 -0.138436 0.024116
118 -17469.3 -19170.2 1700.88 0 0 0 0 0.08 0 0 0.229591 -0.13909 0.024418
119 -17484.3 -19170.2 1685.91 0 0 0 0 0.08 0 0 0.23166 -0.139733 0.0247179
120 -17499 -19170.2 1671.24 0 0 0 0 0.08 0 0 0.23373 -0.140368 0.0250147
121 -17513.3 -19170.2 1656.91 0 0 0 0 0.08 0 0 0.2358 -0.140995 0.0253089
122 -17527.4 -19170.2 1642.8 0 0 0 0 0.08 0 0 0.237868 -0.141612 0.0256014
123 -17541.3 -19170.2 1628.93 0 0 0 0 0.08 0 0 0.239936 -0.142219 0.0258924
124 -17554.9 -19170.2 1615.29 0 0 0 0 0.08 0 0 0.242002 -0.142816 0.0261822
125 -17568.3 -19170.2 1601.96 0 0 0 0 0.08 0 0 0.244068 -0.143404 0.0264709
126 -17581.5 -19170.2 1588.77 0 0 0 0 0.08 0 0 0.246132 -0.143982 0.0267586
127 -17594.4 -19170.2 1575.87 0 0 0 0 0.08 0 0 0.248195 -0.144551 0.0270456
128 -17607.1 -19170.2 1563.13 0 0 0 0 0.08 0 0 0.250257 -0.14511 0.027332
129 -17619.6 -19170.2 1550.59 0 0 0 0 0.08 0 0 0.252317 -0.14566 0.0276179
130 -17632 -19170.2 1538.28 0 0 0 0 0.08 0 0 0.254377 -0.146201 0.0279034
131 -17644 -19170.2 1526.2 0 0 0 0 0.08 0 0 0.256435 -0.146733 0.0281886
132 -17656 -19170.2 1514.28 0 0 0 0 0.08 0 0 0.258492 -0.147256 0.0284737
133 -17667.7 -19170.2 1502.55 0 0 0 0 0.08 0 0 0.260547 -0.14777 0.0287586
134 -17679.2 -19170.2 1491 0 0 0 0 0.08 0 0 0.262601 -0.148276 0.0290435
135 -17690.6 -19170.2 1479.65 0 0 0 0 0.08 0 0 0.264654 -0.148773 0.0293283
136 -17701.7 -19170.2 1468.48 0 0 0 0 0.08 0 0 0.266706 -0.149262 0.029613
137 -17712.8 -19170.2 1457.44 0 0 0 0 0.08 0 0 0.268756 -0.149742 0.0298977
138 -17723.6 -19170.2 1446.6 0 0 0 0 0.08 0 0 0.270805 -0.150214 0.0301824
139 -17734.3 -19170.2 1435.93 0 0 0 0 0.08 0 0 0.272853 -0.150678 0.0304669
140 -17744.8 -19170.2 1425.41 0 0 0 0 0.08 0 0 0.274899 -0.151134 0.0307513
141 -17755.2 -19170.2 1415.01 0 0 0 0 0.08 0 0 0.276945 -0.151583 0.0310355
142 -17765.5 -19170.2 1404.76 0 0 0 0 0.08 0 0 0.278989 -0.152023 0.0313194
143 -17775.6 -19170.2 1394.66 0 0 0 0 0.08 0 0 0.281033 -0.152456 0.0316029
144 -17785.5 -19170.2 1384.73 0 0 0 0 0.08 0 0 0.283076 -0.152882 0.0318859
145 -17795.3 -19170.2 1374.9 0 0 0 0 0.08 0 0 0.285118 -0.1533 0.0321684
146 -17805 -19170.2 1365.23 0 0 0 0 0.08 0 0 0.287159 -0.153711 0.0324501
147 -17814.6 -19170.2 1355.62 0 0 0 0 0.08 0 0 0.289199 -0.154115 0.032731
148 -17824.1 -19170.2 1346.17 0 0 0 0 0.08 0 0 0.291239 -0.154512 0.0330109
149 -17833.4 -19170.2 1336.84 0 0 0 0 0.08 0 0 0.293278 -0.154902 0.0332896
150 -17842.6 -19170.2 1327.59 0 0 0 0 0.08 0 0 0.295317 -0.155285 0.0335671
151 -17851.7 -19170.2 1318.49 0 0 0 0 0.08 0 0 0.297356 -0.155662 0.0338431
152 -17860.8 -19170.2 1309.47 0 0 0 0 0.08 0 0 0.299394 -0.156032 0.0341174
153 -17869.6 -19170.2 1300.59 0 0 0 0 0.08 0 0 0.301432 -0.156395 0.03439
154 -17878.4 -19170.2 1291.78 0 0 0 0 0.08 0 0 0.30347 -0.156752 0.0346607
155 -17887.1 -19170.2 1283.11 0 0 0 0 0.08 0 0 0.305508 -0.157102 0.0349292
156 -17895.7 -19170.2 1274.51 0 0 0 0 0.08 0 0 0.307546 -0.157446 0.0351955
157 -17904.2 -19170.2 1266 0 0 0 0 0.08 0 0 0.309583 -0.157783 0.0354593
158 -17912.6 -19170.2 1257.61 0 0 0 0 0.08 0 0 0.311621 -0.158114 0.0357206
159 -17920.9 -19170.2 1249.29 0 0 0 0 0.08 0 0 0.313658 -0.158439 0.0359792
160 -17929.1 -19170.2 1241.09 0 0 0 0 0.08 0 0 0.315695 -0.158757 0.0362349
161 -17937.2 -19170.2 1233 0 0 0 0 0.08 0 0 0.317733 -0.159069 0.0364877
162 -17945.2 -19170.2 1225 0 0 0 0 0.08 0 0 0.31977 -0.159375 0.0367374
163 -17953.2 -19170.2 1217.04 0 0 0 0 0.08 0 0 0.321808 -0.159675 0.0369839
164 -17961 -19170.2 1209.23 0 0 0 0 0.08 0 0 0.323845 -0.159969 0.0372273
165 -17968.8 -19170.2 1201.48 0 0 0 0 0.08 0 0 0.325882 -0.160256 0.0374673
166 -17976.4 -19170.2 1193.8 0 0 0 0 0.08 0 0 0.32792 -0.160537 0.037704
167 -17984 -19170.2 1186.26 0 0 0 0 0.08 0 0 0.329958 -0.160812 0.0379373
168 -17991.5 -19170.2 1178.73 0 0 0 0 0.08 0 0 0.331995 -0.161081 0.0381672
169 -17998.9 -19170.2 1171.35 0 0 0 0 0.08 0 0 0.334033 -0.161344 0.0383936
170 -18006.2 -19170.2 1164.03 0 0 0 0 0.08 0 0 0.336071 -0.161601 0.0386166
171 -18013.5 -19170.2 1156.76 0 0 0 0 0.08 0 0 0.338109 -0.161852 0.0388363
172 -18020.7 -19170.2 1149.58 0 0 0 0 0.08 0 0 0.340147 -0.162098 0.0390525
173 -18027.7 -19170.2 1142.52 0 0 0 0 0.08 0 0 0.342185 -0.162337 0.0392654
174 -18034.8 -19170.2 1135.45 0 0 0 0 0.08 0 0 0.344224 -0.162571 0.0394749
175 -18041.7 -19170.2 1128.51 0 0 0 0 0.08 0 0 0.346263 -0.162799 0.0396813
176 -18048.6 -19170.2 1121.6 0 0 0 0 0.08 0 0 0.348302 -0.163021 0.0398844
177 -18055.4 -19170.2 1114.8 0 0 0 0 0.08 0 0 0.350341 -0.163237 0.0400844
178 -18062.2 -19170.2 1108 0 0 0 0 0.08 0 0 0.352381 -0.163448 0.0402813
179 -18068.9 -19170.2 1101.29 0 0 0 0 0.08 0 0 0.354421 -0.163654 0.0404753
180 -18075.6 -19170.2 1094.64 0 0 0 0 0.08 0 0 0.356462 -0.163853 0.0406664
181 -18082.2 -19170.2 1088.06 0 0 0 0 0.08 0 0 0.358503 -0.164048 0.0408547
182 -18088.7 -19170.2 1081.49 0 0 0 0 0.08 0 0 0.360545 -0.164237 0.0410404
183 -18095.2 -19170.2 1075.01 0 0 0 0 0.08 0 0 0.362587 -0.16442 0.0412234
184 -18101.6 -19170.2 1068.58 0 0 0 0 0.08 0 0 0.364629 -0.164598 0.0414039
185 -18108.1 -19170.2 1062.16 0 0 0 0 0.08 0 0 0.366672 -0.164771 0.041582
186 -18114.4 -19170.2 1055.8 0 0 0 0 0.08 0 0 0.368715 -0.164939 0.0417578
187 -18120.8 -19170.2 1049.48 0 0 0 0 0.08 0 0 0.370759 -0.165101 0.0419314
188 -18127 -19170.2 1043.19 0 0 0 0 0.08 0 0 0.372803 -0.165258 0.0421029
189 -18133.3 -19170.2 1036.96 0 0 0 0 0.08 0 0 0.374847 -0.16541 0.0422723
190 -18139.5 -19170.2 1030.75 0 0 0 0 0.08 0 0 0.376892 -0.165556 0.0424398
191 -18145.6 -19170.2 1024.58 0 0 0 0 0.08 0 0 0.378936 -0.165698 0.0426055
192 -18151.8 -19170.2 1018.47 0 0 0 0 0.08 0 0 0.380981 -0.165834 0.0427694
193 -18157.8 -19170.2 1012.42 0 0 0 0 0.08 0 0 0.383025 -0.165965 0.0429315
194 -18163.9 -19170.2 1006.34 0 0 0 0 0.08 0 0 0.38507 -0.166091 0.043092
195 -18169.9 -19170.2 1000.31 0 0 0 0 0.08 0 0 0.387114 -0.166213 0.043251
196 -18175.9 -19170.2 994.34 0 0 0 0 0.08 0 0 0.389158 -0.166329 0.0434084
197 -18181.8 -19170.2 988.406 0 0 0 0 0.08 0 0 0.391201 -0.16644 0.0435643
198 -18187.7 -19170.2 982.506 0 0 0 0 0.08 0 0 0.393243 -0.166547 0.0437188
199 -18193.6 -19170.2 976.652 0 0 0 0 0.08 0 0 0.395285 -0.166648 0.0438719
200 -18199.4 -19170.2 970.846 0 0 0 0 0.08 0 0 0.397326 -0.166745 0.0440236
201 -18205.2 -19170.2 965.045 0 0 0 0 0.08 0 0 0.399366 -0.166837 0.0441739
202 -18210.9 -19170.2 959.312 0 0 0 0 0.08 0 0 0.401405 -0.166925 0.0443228
203 -18216.6 -19170.2 953.621 0 0 0 0 0.08 0 0 0.403442 -0.167008 0.0444705
204 -18222.3 -19170.2 947.963 0 0 0 0 0.08 0 0 0.405478 -0.167086 0.0446168
205 -18227.8 -19170.2 942.402 0 0 0 0 0.08 0 0 0.407513 -0.167161 0.0447618
206 -18233.4 -19170.2 936.801 0 0 0 0 0.08 0 0 0.409546 -0.16723 0.0449054
207 -18238.9 -19170.2 931.311 0 0 0 0 0.08 0 0 0.411577 -0.167296 0.0450477
208 -18244.4 -19170.2 925.816 0 0 0 0 0.08 0 0 0.413606 -0.167358 0.0451887
209 -18249.8 -19170.2 920.385 0 0 0 0 0.08 0 0 0.415634 -0.167415 0.0453283
210 -18255.2 -19170.2 915.027 0 0 0 0 0.08 0 0 0.41766 -0.167468 0.0454665
211 -18260.5 -19170.2 909.678 0 0 0 0 0.08 0 0 0.419683 -0.167518 0.0456034
212 -18265.8 -19170.2 904.42 0 0 0 0 0.08 0 0 0.421705 -0.167563 0.0457389
213 -18271.1 -19170.2 899.143 0 0 0 0 0.08 0 0 0.423724 -0.167605 0.045873
214 -18276.3 -19170.2 893.934 0 0 0 0 0.08 0 0 0.425741 -0.167643 0.0460057
215 -18281.5 -19170.2 888.742 0 0 0 0 0.08 0 0 0.427756 -0.167678 0.046137
216 -18286.6 -19170.2 883.666 0 0 0 0 0.08 0 0 0.429768 -0.167709 0.0462669
217 -18291.6 -19170.2 878.596 0 0 0 0 0.08 0 0 0.431778 -0.167736 0.0463953
218 -18296.7 -19170.2 873.572 0 0 0 0 0.08 0 0 0.433785 -0.167761 0.0465222
219 -18301.6 -19170.2 868.582 0 0 0 0 0.08 0 0 0.43579 -0.167781 0.0466476
220 -18306.6 -19170.2 863.596 0 0 0 0 0.08 0 0 0.437792 -0.167799 0.0467716
221 -18311.5 -19170.2 858.76 0 0 0 0 0.08 0 0 0.439792 -0.167813 0.046894
222 -18316.3 -19170.2 853.908 0 0 0 0 0.08 0 0 0.441789 -0.167825 0.047015
223 -18321.1 -19170.2 849.102 0 0 0 0 0.08 0 0 0.443783 -0.167833 0.0471344
224 -18325.9 -19170.2 844.336 0 0 0 0 0.08 0 0 0.445774 -0.167838 0.0472522
225 -18330.6 -19170.2 839.613 0 0 0 0 0.08 0 0 0.447762 -0.16784 0.0473685
226 -18335.3 -19170.2 834.961 0 0 0 0 0.08 0 0 0.449748 -0.167839 0.0474832
227 -18339.9 -19170.2 830.289 0 0 0 0 0.08 0 0 0.451731 -0.167836 0.0475963
228 -18344.5 -19170.2 825.695 0 0 0 0 0.08 0 0 0.45371 -0.167829 0.0477078
229 -18349.1 -19170.2 821.117 0 0 0 0 0.08 0 0 0.455687 -0.16782 0.0478177
230 -18353.6 -19170.2 816.58 0 0 0 0 0.08 0 0 0.45766 -0.167808 0.047926
231 -18358.1 -19170.2 812.135 0 0 0 0 0.08 0 0 0.45963 -0.167793 0.0480327
232 -18362.5 -19170.2 807.68 0 0 0 0 0.08 0 0 0.461598 -0.167775 0.0481377
233 -18366.9 -19170.2 803.279 0 0 0 0 0.08 0 0 0.463562 -0.167754 0.0482411
234 -18371.3 -19170.2 798.947 0 0 0 0 0.08 0 0 0.465522 -0.167731 0.0483429
235 -18375.7 -19170.2 794.576 0 0 0 0 0.08 0 0 0.46748 -0.167705 0.048443
236 -18379.9 -19170.2 790.277 0 0 0 0 0.08 0 0 0.469434 -0.167676 0.0485414
237 -18384.2 -19170.2 786.062 0 0 0 0 0.08 0 0 0.471386 -0.167645 0.0486383
238 -18388.4 -19170.2 781.82 0 0 0 0 0.08 0 0 0.473333 -0.167611 0.0487334
239 -18392.6 -19170.2 777.664 0 0 0 0 0.08 0 0 0.475278 -0.167574 0.0488269
240 -18396.8 -19170.2 773.471 0 0 0 0 0.08 0 0 0.477219 -0.167535 0.0489188
241 -18400.8 -19170.2 769.391 0 0 0 0 0.08 0 0 0.479157 -0.167493 0.049009
242 -18404.9 -19170.2 765.322 0 0 0 0 0.08 0 0 0.481092 -0.167448 0.0490976
243 -18409 -19170.2 761.252 0 0 0 0 0.08 0 0 0.483023 -0.167401 0.0491845
244 -18413 -19170.2 757.225 0 0 0 0 0.08 0 0 0.484951 -0.167351 0.0492698
245 -18417 -19170.2 753.221 0 0 0 0 0.08 0 0 0.486875 -0.167298 0.0493535
246 -18421 -19170.2 749.262 0 0 0 0 0.08 0 0 0.488796 -0.167243 0.0494356
247 -18424.9 -19170.2 745.342 0 0 0 0 0.08 0 0 0.490714 -0.167185 0.049516
248 -18428.8 -19170.2 741.43 0 0 0 0 0.08 0 0 0.492628 -0.167125 0.0495949
249 -18432.7 -19170.2 737.564 0 0 0 0 0.08 0 0 0.494539 -0.167062 0.0496722
250 -18436.5 -19170.2 733.68 0 0 0 0 0.08 0 0 0.496446 -0.166997 0.0497479
251 -18440.3 -19170.2 729.906 0 0 0 0 0.08 0 0 0.498349 -0.166929 0.0498221
252 -18444.1 -19170.2 726.125 0 0 0 0 0.08 0 0 0.50025 -0.166858 0.0498947
253 -18447.9 -19170.2 722.328 0 0 0 0 0.08 0 0 0.502146 -0.166785 0.0499657
254 -18451.6 -19170.2 718.58 0 0 0 0 0.08 0 0 0.504039 -0.16671 0.0500353
255 -18455.3 -19170.2 714.895 0 0 0 0 0.08 0 0 0.505929 -0.166632 0.0501033
256 -18459 -19170.2 711.188 0 0 0 0 0.08 0 0 0.507814 -0.166551 0.0501698
257 -18462.7 -19170.2 707.518 0 0 0 0 0.08 0 0 0.509697 -0.166469 0.0502349
258 -18466.4 -19170.2 703.867 0 0 0 0 0.08 0 0 0.511575 -0.166384 0.0502985
259 -18470 -19170.2 700.262 0 0 0 0 0.08 0 0 0.51345 -0.166296 0.0503606
260 -18473.6 -19170.2 696.639 0 0 0 0 0.08 0 0 0.515321 -0.166206 0.0504212
261 -18477.2 -19170.2 693.057 0 0 0 0 0.08 0 0 0.517189 -0.166114 0.0504805
262 -18480.7 -19170.2 689.479 0 0 0 0 0.08 0 0 0.519053 -0.16602 0.0505383
263 -18484.3 -19170.2 685.938 0 0 0 0 0.08 0 0 0.520913 -0.165923 0.0505947
264 -18487.8 -19170.2 682.41 0 0 0 0 0.08 0 0 0.522769 -0.165824 0.0506496
265 -18491.3 -19170.2 678.943 0 0 0 0 0.08 0 0 0.524622 -0.165724 0.0507031
266 -18494.8 -19170.2 675.475 0 0 0 0 0.08 0 0 0.526471 -0.165621 0.050755
267 -18498.2 -19170.2 671.994 0 0 0 0 0.08 0 0 0.528317 -0.165516 0.0508055
268 -18501.7 -19170.2 668.551 0 0 0 0 0.08 0 0 0.530159 -0.165409 0.0508545
269 -18505.1 -19170.2 665.088 0 0 0 0 0.08 0 0 0.531997 -0.1653 0.050902
270 -18508.5 -19170.2 661.693 0 0 0 0 0.08 0 0 0.533831 -0.16519 0.0509481
271 -18511.9 -19170.2 658.318 0 0 0 0 0.08 0 0 0.535662 -0.165078 0.0509927
272 -18515.3 -19170.2 654.92 0 0 0 0 0.08 0 0 0.537489 -0.164963 0.0510359
273 -18518.7 -19170.2 651.539 0 0 0 0 0.08 0 0 0.539312 -0.164848 0.0510776
274 -18522 -19170.2 648.188 0 0 0 0 0.08 0 0 0.541132 -0.16473 0.0511179
275 -18525.4 -19170.2 644.865 0 0 0 0 0.08 0 0 0.542948 -0.164611 0.0511568
276 -18528.7 -19170.2 641.502 0 0 0 0 0.08 0 0 0.54476 -0.16449 0.0511943
277 -18532 -19170.2 638.209 0 0 0 0 0.08 0 0 0.546568 -0.164368 0.0512303
278 -18535.4 -19170.2 634.871 0 0 0 0 0.08 0 0 0.548373 -0.164244 0.051265
279 -18538.6 -19170.2 631.592 0 0 0 0 0.08 0 0 0.550175 -0.164118 0.0512982
280 -18542 -19170.2 628.273 0 0 0 0 0.08 0 0 0.551972 -0.163991 0.0513301
281 -18545.2 -19170.2 624.994 0 0 0 0 0.08 0 0 0.553766 -0.163863 0.0513606
282 -18548.6 -19170.2 621.676 0 0 0 0 0.08 0 0 0.555557 -0.163733 0.0513898
283 -18551.8 -19170.2 618.404 0 0 0 0 0.08 0 0 0.557343 -0.163602 0.0514176
284 -18555.1 -19170.2 615.141 0 0 0 0 0.08 0 0 0.559127 -0.163469 0.051444
285 -18558.4 -19170.2 611.838 0 0 0 0 0.08 0 0 0.560906 -0.163335 0.0514692
286 -18561.7 -19170.2 608.521 0 0 0 0 0.08 0 0 0.562682 -0.1632 0.051493
287 -18565 -19170.2 605.221 0 0 0 0 0.08 0 0 0.564455 -0.163064 0.0515155
288 -18568.3 -19170.2 601.947 0 0 0 0 0.08 0 0 0.566224 -0.162926 0.0515367
289 -18571.6 -19170.2 598.67 0 0 0 0 0.08 0 0 0.567989 -0.162787 0.0515566
290 -18574.9 -19170.2 595.318 0 0 0 0 0.08 0 0 0.569751 -0.162647 0.0515752
291 -18578.2 -19170.2 592.025 0 0 0 0 0.08 0 0 0.571509 -0.162506 0.0515926
292 -18581.5 -19170.2 588.709 0 0 0 0 0.08 0 0 0.573264 -0.162363 0.0516088
293 -18584.9 -19170.2 585.352 0 0 0 0 0.08 0 0 0.575015 -0.162219 0.0516238
294 -18588.2 -19170.2 581.988 0 0 0 0 0.08 0 0 0.576763 -0.162074 0.0516375
295 -18591.6 -19170.2 578.631 0 0 0 0 0.08 0 0 0.578508 -0.161927 0.0516501
296 -18595 -19170.2 575.258 0 0 0 0 0.08 0 0 0.580248 -0.16178 0.0516608
297 -18598.3 -19170.2 571.932 0 0 0 0 0.08 0 0 0.581984 -0.161632 0.0516675
298 -18601.7 -19170.2 568.562 0 0 0 0 0.08 0 0 0.583715 -0.161483 0.0516726
299 -18605 -19170.2 565.189 0 0 0 0 0.08 0 0 0.585442 -0.161334 0.051676
300 -18608.4 -19170.2 561.822 0 0 0 0 0.08 0 0 0.587165 -0.161182 0.0516777
301 -18611.7 -19170.2 558.486 0 0 0 0 0.08 0 0 0.588883 -0.16103 0.0516778
302 -18615.1 -19170.2 555.164 0 0 0 0 0.08 0 0 0.590597 -0.160876 0.0516764
303 -18618.4 -19170.2 551.777 0 0 0 0 0.08 0 0 0.592306 -0.160721 0.0516735
304 -18621.8 -19170.2 548.422 0 0 0 0 0.08 0 0 0.594009 -0.160565 0.0516692
305 -18625.1 -19170.2 545.105 0 0 0 0 0.08 0 0 0.595708 -0.160407 0.0516636
306 -18628.4 -19170.2 541.801 0 0 0 0 0.08 0 0 0.597401 -0.160247 0.0516568
307 -18631.7 -19170.2 538.5 0 0 0 0 0.08 0 0 0.599088 -0.160086 0.0516489
308 -18635.1 -19170.2 535.176 0 0 0 0 0.08 0 0 0.60077 -0.159923 0.0516401
309 -18638.3 -19170.2 531.916 0 0 0 0 0.08 0 0 0.602445 -0.159759 0.0516303
310 -18641.6 -19170.2 528.674 0 0 0 0 0.08 0 0 0.604115 -0.159592 0.0516199
311 -18644.8 -19170.2 525.461 0 0 0 0 0.08 0 0 0.605778 -0.159424 0.0516088
312 -18647.9 -19170.2 522.305 0 0 0 0 0.08 0 0 0.607435 -0.159253 0.0515972
313 -18651.1 -19170.2 519.137 0 0 0 0 0.08 0 0 0.609085 -0.159081 0.0515852
314 -18654.2 -19170.2 516.025 0 0 0 0 0.08 0 0 0.610728 -0.158906 0.0515729
315 -18657.3 -19170.2 512.947 0 0 0 0 0.08 0 0 0.612365 -0.15873 0.0515604
316 -18660.3 -19170.2 509.883 0 0 0 0 0.08 0 0 0.613995 -0.158551 0.0515478
317 -18663.3 -19170.2 506.889 0 0 0 0 0.08 0 0 0.615619 -0.15837 0.0515352
318 -18666.3 -19170.2 503.926 0 0 0 0 0.08 0 0 0.617235 -0.158187 0.0515226
319 -18669.2 -19170.2 501.002 0 0 0 0 0.08 0 0 0.618844 -0.158002 0.0515101
320 -18672.1 -19170.2 498.133 0 0 0 0 0.08 0 0 0.620447 -0.157815 0.0514978
321 -18674.9 -19170.2 495.287 0 0 0 0 0.08 0 0 0.622042 -0.157625 0.0514857
322 -18677.7 -19170.2 492.484 0 0 0 0 0.08 0 0 0.623631 -0.157434 0.0514738
323 -18680.5 -19170.2 489.695 0 0 0 0 0.08 0 0 0.625213 -0.15724 0.0514623
324 -18683.3 -19170.2 486.973 0 0 0 0 0.08 0 0 0.626788 -0.157044 0.051451
325 -18685.9 -19170.2 484.297 0 0 0 0 0.08 0 0 0.628356 -0.156846 0.0514401
326 -18688.6 -19170.2 481.652 0 0 0 0 0.08 0 0 0.629917 -0.156646 0.0514295
327 -18691.2 -19170.2 478.984 0 0 0 0 0.08 0 0 0.631472 -0.156444 0.0514193
328 -18693.8 -19170.2 476.414 0 0 0 0 0.08 0 0 0.63302 -0.156239 0.0514095
329 -18696.4 -19170.2 473.83 0 0 0 0 0.08 0 0 0.634562 -0.156033 0.0514001
330 -18698.9 -19170.2 471.348 0 0 0 0 0.08 0 0 0.636096 -0.155824 0.051391
331 -18701.4 -19170.2 468.812 0 0 0 0 0.08 0 0 0.637625 -0.155614 0.0513824
332 -18703.8 -19170.2 466.377 0 0 0 0 0.08 0 0 0.639147 -0.155402 0.0513741
333 -18706.3 -19170.2 463.922 0 0 0 0 0.08 0 0 0.640662 -0.155187 0.0513663
334 -18708.7 -19170.2 461.496 0 0 0 0 0.08 0 0 0.642172 -0.154971 0.0513588
335 -18711.1 -19170.2 459.125 0 0 0 0 0.08 0 0 0.643675 -0.154752 0.0513517
336 -18713.5 -19170.2 456.742 0 0 0 0 0.08 0 0 0.645171 -0.154532 0.0513451
337 -18715.8 -19170.2 454.41 0 0 0 0 0.08 0 0 0.646662 -0.15431 0.0513388
338 -18718.2 -19170.2 452.062 0 0 0 0 0.08 0 0 0.648147 -0.154086 0.0513329
339 -18720.5 -19170.2 449.766 0 0 0 0 0.08 0 0 0.649625 -0.15386 0.0513274
340 -18722.7 -19170.2 447.51 0 0 0 0 0.08 0 0 0.651098 -0.153633 0.0513223
341 -18725 -19170.2 445.238 0 0 0 0 0.08 0 0 0.652565 -0.153403 0.0513176
342 -18727.2 -19170.2 443.004 0 0 0 0 0.08 0 0 0.654026 -0.153172 0.0513132
343 -18729.5 -19170.2 440.768 0 0 0 0 0.08 0 0 0.655481 -0.152939 0.0513093
344 -18731.7 -19170.2 438.541 0 0 0 0 0.08 0 0 0.65693 -0.152705 0.0513057
345 -18733.9 -19170.2 436.371 0 0 0 0 0.08 0 0 0.658374 -0.152468 0.0513025
346 -18736 -19170.2 434.215 0 0 0 0 0.08 0 0 0.659812 -0.15223 0.0512998
347 -18738.2 -19170.2 432.01 0 0 0 0 0.08 0 0 0.661245 -0.15199 0.0512974
348 -18740.4 -19170.2 429.838 0 0 0 0 0.08 0 0 0.662672 -0.151749 0.0512954
349 -18742.5 -19170.2 427.752 0 0 0 0 0.08 0 0 0.664094 -0.151506 0.0512938
350 -18744.6 -19170.2 425.592 0 0 0 0 0.08 0 0 0.66551 -0.151262 0.0512926
351 -18746.7 -19170.2 423.479 0 0 0 0 0.08 0 0 0.666921 -0.151015 0.0512919
352 -18748.9 -19170.2 421.355 0 0 0 0 0.08 0 0 0.668327 -0.150768 0.0512915
353 -18750.9 -19170.2 419.285 0 0 0 0 0.08 0 0 0.669727 -0.150519 0.0512916
354 -18753 -19170.2 417.213 0 0 0 0 0.08 0 0 0.671123 -0.150268 0.0512921
355 -18755.1 -19170.2 415.107 0 0 0 0 0.08 0 0 0.672513 -0.150016 0.051293
356 -18757.2 -19170.2 413.043 0 0 0 0 0.08 0 0 0.673898 -0.149762 0.0512944
357 -18759.2 -19170.2 411.006 0 0 0 0 0.08 0 0 0.675278 -0.149507 0.0512963
358 -18761.3 -19170.2 408.945 0 0 0 0 0.08 0 0 0.676653 -0.14925 0.0512986
359 -18763.3 -19170.2 406.908 0 0 0 0 0.08 0 0 0.678023 -0.148993 0.0513014
360 -18765.4 -19170.2 404.867 0 0 0 0 0.08 0 0 0.679388 -0.148733 0.0513047
361 -18767.4 -19170.2 402.832 0 0 0 0 0.08 0 0 0.680748 -0.148473 0.0513085
362 -18769.4 -19170.2 400.799 0 0 0 0 0.08 0 0 0.682104 -0.148211 0.0513128
363 -18771.5 -19170.2 398.775 0 0 0 0 0.08 0 0 0.683455 -0.147948 0.0513177
364 -18773.4 -19170.2 396.826 0 0 0 0 0.08 0 0 0.684801 -0.147683 0.0513231
365 -18775.5 -19170.2 394.773 0 0 0 0 0.08 0 0 0.686142 -0.147417 0.051329
366 -18777.5 -19170.2 392.727 0 0 0 0 0.08 0 0 0.687479 -0.14715 0.0513354
367 -18779.3 -19170.2 390.889 0 0 0 0 0.08 0 0 0.688809 -0.146885 0.0513361
368 -18781.2 -19170.2 388.994 0 0 0 0 0.08 0 0 0.690134 -0.146619 0.0513368
369 -18783.1 -19170.2 387.162 0 0 0 0 0.08 0 0 0.691454 -0.146352 0.0513375
370 -18784.9 -19170.2 385.301 0 0 0 0 0.08 0 0 0.692769 -0.146084 0.0513381
371 -18786.8 -19170.2 383.449 0 0 0 0 0.08 0 0 0.69408 -0.145815 0.0513387
372 -18788.6 -19170.2 381.662 0 0 0 0 0.08 0 0 0.695387 -0.145545 0.0513393
373 -18790.4 -19170.2 379.861 0 0 0 0 0.08 0 0 0.696688 -0.145273 0.0513398
374 -18792.2 -19170.2 378.014 0 0 0 0 0.08 0 0 0.697986 -0.145001 0.0513404
375 -18794 -19170.2 376.213 0 0 0 0 0.08 0 0 0.699279 -0.144728 0.051341
376 -18795.8 -19170.2 374.455 0 0 0 0 0.08 0 0 0.700568 -0.144453 0.0513416
377 -18797.5 -19170.2 372.703 0 0 0 0 0.08 0 0 0.701853 -0.144177 0.0513422
378 -18799.3 -19170.2 370.955 0 0 0 0 0.08 0 0 0.703133 -0.143901 0.0513429
379 -18801.1 -19170.2 369.176 0 0 0 0 0.08 0 0 0.704409 -0.143623 0.0513436
380 -18802.8 -19170.2 367.439 0 0 0 0 0.08 0 0 0.705681 -0.143344 0.0513445
381 -18804.6 -19170.2 365.635 0 0 0 0 0.08 0 0 0.706949 -0.143064 0.0513454
382 -18806.3 -19170.2 363.898 0 0 0 0 0.08 0 0 0.708214 -0.142783 0.0513464
383 -18808.1 -19170.2 362.158 0 0 0 0 0.08 0 0 0.709474 -0.142501 0.0513475
384 -18809.8 -19170.2 360.451 0 0 0 0 0.08 0 0 0.71073 -0.142218 0.0513487
385 -18811.5 -19170.2 358.689 0 0 0 0 0.08 0 0 0.711982 -0.141934 0.0513501
386 -18813.3 -19170.2 356.928 0 0 0 0 0.08 0 0 0.713231 -0.141648 0.0513517
387 -18815 -19170.2 355.238 0 0 0 0 0.08 0 0 0.714476 -0.141362 0.0513534
388 -18816.7 -19170.2 353.49 0 0 0 0 0.08 0 0 0.715717 -0.141074 0.0513553
389 -18818.4 -19170.2 351.795 0 0 0 0 0.08 0 0 0.716955 -0.140785 0.0513574
390 -18820.2 -19170.2 350.076 0 0 0 0 0.08 0 0 0.718189 -0.140495 0.0513597
391 -18822 -19170.2 348.275 0 0 0 0 0.08 0 0 0.719419 -0.140204 0.0513623
392 -18823.7 -19170.2 346.537 0 0 0 0 0.08 0 0 0.720647 -0.139912 0.051365
393 -18825.4 -19170.2 344.795 0 0 0 0 0.08 0 0 0.72187 -0.139618 0.0513681
394 -18827.2 -19170.2 343.074 0 0 0 0 0.08 0 0 0.723091 -0.139324 0.0513714
395 -18828.9 -19170.2 341.32 0 0 0 0 0.08 0 0 0.724308 -0.139028 0.0513749
396 -18830.7 -19170.2 339.545 0 0 0 0 0.08 0 0 0.725522 -0.138731 0.0513788
397 -18832.4 -19170.2 337.799 0 0 0 0 0.08 0 0 0.726733 -0.138433 0.051383
398 -18834.2 -19170.2 336.02 0 0 0 0 0.08 0 0 0.727941 -0.138133 0.0513874
399 -18836 -19170.2 334.236 0 0 0 0 0.08 0 0 0.729146 -0.137833 0.0513923
400 -18837.8 -19170.2 332.391 0 0 0 0 0.08 0 0 0.730348 -0.137531 0.0513974
401 -18839.6 -19170.2 330.588 0 0 0 0 0.08 0 0 0.731547 -0.137228 0.0514029
402 -18841.4 -19170.2 328.777 0 0 0 0 0.08 0 0 0.732743 -0.136923 0.0514088
403 -18843.3 -19170.2 326.926 0 0 0 0 0.08 0 0 0.733936 -0.136617 0.0514151
404 -18845.1 -19170.2 325.096 0 0 0 0 0.08 0 0 0.735127 -0.136309 0.0514207
405 -18847 -19170.2 323.271 0 0 0 0 0.08 0 0 0.736316 -0.135999 0.0514259
406 -18848.8 -19170.2 321.395 0 0 0 0 0.08 0 0 0.737501 -0.135687 0.0514312
407 -18850.7 -19170.2 319.529 0 0 0 0 0.08 0 0 0.738685 -0.135373 0.0514365
408 -18852.6 -19170.2 317.656 0 0 0 0 0.08 0 0 0.739865 -0.135057 0.0514419
409 -18854.5 -19170.2 315.771 0 0 0 0 0.08 0 0 0.741043 -0.13474 0.0514473
410 -18856.4 -19170.2 313.867 0 0 0 0 0.08 0 0 0.742219 -0.134421 0.0514527
411 -18858.3 -19170.2 311.91 0 0 0 0 0.08 0 0 0.743392 -0.1341 0.0514581
412 -18860.2 -19170.2 309.99 0 0 0 0 0.08 0 0 0.744563 -0.133777 0.0514634
413 -18862.2 -19170.2 308.066 0 0 0 0 0.08 0 0 0.745732 -0.133452 0.0514661
414 -18864.1 -19170.2 306.105 0 0 0 0 0.08 0 0 0.746899 -0.133125 0.0514684
415 -18866.1 -19170.2 304.125 0 0 0 0 0.08 0 0 0.748064 -0.132796 0.0514702
416 -18868.1 -19170.2 302.146 0 0 0 0 0.08 0 0 0.749227 -0.132465 0.0514714
417 -18870.1 -19170.2 300.154 0 0 0 0 0.08 0 0 0.750388 -0.132133 0.0514719
418 -18872.1 -19170.2 298.162 0 0 0 0 0.08 0 0 0.751546 -0.131798 0.0514719
419 -18874.1 -19170.2 296.123 0 0 0 0 0.08 0 0 0.752702 -0.131462 0.0514711
420 -18876.1 -19170.2 294.105 0 0 0 0 0.08 0 0 0.753856 -0.131124 0.0514697
421 -18878.2 -19170.2 292.068 0 0 0 0 0.08 0 0 0.755008 -0.130784 0.0514674
422 -18880.2 -19170.2 290.033 0 0 0 0 0.08 0 0 0.756158 -0.130442 0.0514644
423 -18882.3 -19170.2 287.949 0 0 0 0 0.08 0 0 0.757305 -0.130099 0.0514606
424 -18884.4 -19170.2 285.854 0 0 0 0 0.08 0 0 0.75845 -0.129754 0.0514559
425 -18886.5 -19170.2 283.773 0 0 0 0 0.08 0 0 0.759593 -0.129407 0.0514504
426 -18888.6 -19170.2 281.648 0 0 0 0 0.08 0 0 0.760734 -0.129059 0.051444
427 -18890.7 -19170.2 279.559 0 0 0 0 0.08 0 0 0.761872 -0.12871 0.0514366
428 -18892.8 -19170.2 277.387 0 0 0 0 0.08 0 0 0.763009 -0.128359 0.0514284
429 -18895 -19170.2 275.24 0 0 0 0 0.08 0 0 0.764142 -0.128006 0.0514192
430 -18897.1 -19170.2 273.107 0 0 0 0 0.08 0 0 0.765274 -0.127653 0.051409
431 -18899.3 -19170.2 270.924 0 0 0 0 0.08 0 0 0.766403 -0.127298 0.0513979
432 -18901.5 -19170.2 268.723 0 0 0 0 0.08 0 0 0.76753 -0.126942 0.0513858
433 -18903.7 -19170.2 266.562 0 0 0 0 0.08 0 0 0.768654 -0.126585 0.0513728
434 -18905.8 -19170.2 264.381 0 0 0 0 0.08 0 0 0.769776 -0.126227 0.0513588
435 -18908.1 -19170.2 262.166 0 0 0 0 0.08 0 0 0.770896 -0.125869 0.0513438
436 -18910.3 -19170.2 259.967 0 0 0 0 0.08 0 0 0.772013 -0.125509 0.0513278
437 -18912.5 -19170.2 257.723 0 0 0 0 0.08 0 0 0.773127 -0.125149 0.0513108
438 -18914.7 -19170.2 255.502 0 0 0 0 0.08 0 0 0.774238 -0.124789 0.0512929
439 -18917 -19170.2 253.268 0 0 0 0 0.08 0 0 0.775347 -0.124428 0.0512739
440 -18919.2 -19170.2 251.029 0 0 0 0 0.08 0 0 0.776453 -0.124066 0.0512541
441 -18921.4 -19170.2 248.801 0 0 0 0 0.08 0 0 0.777556 -0.123705 0.0512332
442 -18923.7 -19170.2 246.537 0 0 0 0 0.08 0 0 0.778656 -0.123343 0.0512114
443 -18925.9 -19170.2 244.281 0 0 0 0 0.08 0 0 0.779753 -0.122982 0.0511886
444 -18928.2 -19170.2 242.021 0 0 0 0 0.08 0 0 0.780847 -0.122621 0.0511649
445 -18930.4 -19170.2 239.812 0 0 0 0 0.08 0 0 0.781938 -0.12226 0.0511402
446 -18932.7 -19170.2 237.561 0 0 0 0 0.08 0 0 0.783025 -0.121899 0.0511147
447 -18934.9 -19170.2 235.363 0 0 0 0 0.08 0 0 0.784109 -0.121539 0.0510881
448 -18937.1 -19170.2 233.143 0 0 0 0 0.08 0 0 0.78519 -0.12118 0.0510607
449 -18939.3 -19170.2 230.932 0 0 0 0 0.08 0 0 0.786267 -0.120822 0.0510324
450 -18941.5 -19170.2 228.74 0 0 0 0 0.08 0 0 0.78734 -0.120465 0.0510032
451 -18943.7 -19170.2 226.545 0 0 0 0 0.08 0 0 0.78841 -0.120108 0.050973
452 -18945.8 -19170.2 224.385 0 0 0 0 0.08 0 0 0.789475 -0.119754 0.0509421
453 -18948 -19170.2 222.225 0 0 0 0 0.08 0 0 0.790537 -0.1194 0.0509102
454 -18950.1 -19170.2 220.096 0 0 0 0 0.08 0 0 0.791595 -0.119048 0.0508775
455 -18952.3 -19170.2 217.939 0 0 0 0 0.08 0 0 0.792649 -0.118698 0.050844
456 -18954.4 -19170.2 215.863 0 0 0 0 0.08 0 0 0.793699 -0.118349 0.0508097
457 -18956.5 -19170.2 213.775 0 0 0 0 0.08 0 0 0.794745 -0.118003 0.0507745
458 -18958.5 -19170.2 211.707 0 0 0 0 0.08 0 0 0.795787 -0.117658 0.0507386
459 -18960.5 -19170.2 209.703 0 0 0 0 0.08 0 0 0.796825 -0.117316 0.0507019
460 -18962.5 -19170.2 207.705 0 0 0 0 0.08 0 0 0.797858 -0.116975 0.0506645
461 -18964.5 -19170.2 205.719 0 0 0 0 0.08 0 0 0.798887 -0.116637 0.0506263
462 -18966.5 -19170.2 203.746 0 0 0 0 0.08 0 0 0.799912 -0.116302 0.0505875
463 -18968.4 -19170.2 201.801 0 0 0 0 0.08 0 0 0.800932 -0.115968 0.050548
464 -18970.4 -19170.2 199.873 0 0 0 0 0.08 0 0 0.801949 -0.115637 0.0505078
465 -18972.2 -19170.2 197.996 0 0 0 0 0.08 0 0 0.80296 -0.115309 0.0504669
466 -18974.1 -19170.2 196.148 0 0 0 0 0.08 0 0 0.803968 -0.114983 0.0504255
467 -18975.9 -19170.2 194.316 0 0 0 0 0.08 0 0 0.804971 -0.11466 0.0503835
468 -18977.7 -19170.2 192.523 0 0 0 0 0.08 0 0 0.805969 -0.11434 0.0503409
469 -18979.5 -19170.2 190.738 0 0 0 0 0.08 0 0 0.806964 -0.114022 0.0502978
470 -18981.2 -19170.2 189.006 0 0 0 0 0.08 0 0 0.807953 -0.113707 0.0502542
471 -18982.9 -19170.2 187.285 0 0 0 0 0.08 0 0 0.808938 -0.113395 0.0502101
472 -18984.7 -19170.2 185.549 0 0 0 0 0.08 0 0 0.809919 -0.113085 0.0501655
473 -18986.4 -19170.2 183.861 0 0 0 0 0.08 0 0 0.810895 -0.112779 0.0501205
474 -18988 -19170.2 182.209 0 0 0 0 0.08 0 0 0.811867 -0.112475 0.050075
475 -18989.6 -19170.2 180.615 0 0 0 0 0.08 0 0 0.812834 -0.112173 0.0500292
476 -18991.2 -19170.2 179.008 0 0 0 0 0.08 0 0 0.813797 -0.111875 0.0499831
477 -18992.8 -19170.2 177.432 0 0 0 0 0.08 0 0 0.814755 -0.111579 0.0499365
478 -18994.3 -19170.2 175.885 0 0 0 0 0.08 0 0 0.815709 -0.111286 0.0498897
479 -18995.9 -19170.2 174.324 0 0 0 0 0.08 0 0 0.816658 -0.110995 0.0498425
480 -18997.4 -19170.2 172.844 0 0 0 0 0.08 0 0 0.817603 -0.110708 0.0497951
481 -18998.9 -19170.2 171.336 0 0 0 0 0.08 0 0 0.818543 -0.110423 0.0497474
482 -19000.3 -19170.2 169.883 0 0 0 0 0.08 0 0 0.819478 -0.11014 0.0496995
483 -19001.8 -19170.2 168.41 0 0 0 0 0.08 0 0 0.820409 -0.10986 0.0496513
484 -19003.2 -19170.2 166.996 0 0 0 0 0.08 0 0 0.821336 -0.109583 0.049603
485 -19004.6 -19170.2 165.604 0 0 0 0 0.08 0 0 0.822258 -0.109308 0.0495544
486 -19006 -19170.2 164.191 0 0 0 0 0.08 0 0 0.823175 -0.109036 0.0495057
487 -19007.4 -19170.2 162.83 0 0 0 0 0.08 0 0 0.824088 -0.108766 0.0494568
488 -19008.7 -19170.2 161.506 0 0 0 0 0.08 0 0 0.824996 -0.108499 0.0494078
489 -19010.1 -19170.2 160.164 0 0 0 0 0.08 0 0 0.8259 -0.108234 0.0493586
490 -19011.4 -19170.2 158.852 0 0 0 0 0.08 0 0 0.826799 -0.107971 0.0493093
491 -19012.7 -19170.2 157.531 0 0 0 0 0.08 0 0 0.827694 -0.107711 0.0492599
492 -19014 -19170.2 156.234 0 0 0 0 0.08 0 0 0.828584 -0.107453 0.0492105
493 -19015.2 -19170.2 154.977 0 0 0 0 0.08 0 0 0.82947 -0.107198 0.0491609
494 -19016.5 -19170.2 153.732 0 0 0 0 0.08 0 0 0.830351 -0.106944 0.0491113
495 -19017.7 -19170.2 152.512 0 0 0 0 0.08 0 0 0.831227 -0.106693 0.0490615
496 -19018.9 -19170.2 151.291 0 0 0 0 0.08 0 0 0.8321 -0.106444 0.0490118
497 -19020.1 -19170.2 150.129 0 0 0 0 0.08 0 0 0.832968 -0.106197 0.048962
498 -19021.2 -19170.2 148.979 0 0 0 0 0.08 0 0 0.833831 -0.105952 0.0489121
499 -19022.4 -19170.2 147.787 0 0 0 0 0.08 0 0 0.83469 -0.10571 0.0488623
500 -19023.6 -19170.2 146.635 0 0 0 0 0.08 0 0 0.835545 -0.105469 0.0488124
501 -19024.7 -19170.2 145.48 0 0 0 0 0.08 0 0 0.836395 -0.10523 0.0487625
502 -19025.9 -19170.2 144.361 0 0 0 0 0.08 0 0 0.83724 -0.104994 0.0487125
503 -19027 -19170.2 143.273 0 0 0 0 0.08 0 0 0.838082 -0.104759 0.0486626
504 -19028.1 -19170.2 142.164 0 0 0 0 0.08 0 0 0.838919 -0.104526 0.0486127
505 -19029.2 -19170.2 141.053 0 0 0 0 0.08 0 0 0.839751 -0.104295 0.0485627
506 -19030.2 -19170.2 139.979 0 0 0 0 0.08 0 0 0.84058 -0.104066 0.0485128
507 -19031.3 -19170.2 138.896 0 0 0 0 0.08 0 0 0.841404 -0.103839 0.0484629
508 -19032.4 -19170.2 137.844 0 0 0 0 0.08 0 0 0.842223 -0.103613 0.048413
509 -19033.4 -19170.2 136.822 0 0 0 0 0.08 0 0 0.843039 -0.10339 0.0483632
510 -19034.4 -19170.2 135.791 0 0 0 0 0.08 0 0 0.84385 -0.103168 0.0483133
511 -19035.4 -19170.2 134.781 0 0 0 0 0.08 0 0 0.844657 -0.102948 0.0482635
512 -19036.5 -19170.2 133.768 0 0 0 0 0.08 0 0 0.84546 -0.102729 0.0482137
513 -19037.5 -19170.2 132.773 0 0 0 0 0.08 0 0 0.846258 -0.102512 0.048164
514 -19038.4 -19170.2 131.781 0 0 0 0 0.08 0 0 0.847052 -0.102297 0.0481142
515 -19039.4 -19170.2 130.811 0 0 0 0 0.08 0 0 0.847842 -0.102083 0.0480646
516 -19040.4 -19170.2 129.865 0 0 0 0 0.08 0 0 0.848628 -0.101871 0.0480149
517 -19041.3 -19170.2 128.926 0 0 0 0 0.08 0 0 0.84941 -0.10166 0.0479653
518 -19042.3 -19170.2 127.971 0 0 0 0 0.08 0 0 0.850187 -0.101451 0.0479158
519 -19043.2 -19170.2 127.035 0 0 0 0 0.08 0 0 0.850961 -0.101243 0.0478662
520 -19044.1 -19170.2 126.092 0 0 0 0 0.08 0 0 0.85173 -0.101037 0.0478168
521 -19045 -19170.2 125.188 0 0 0 0 0.08 0 0 0.852495 -0.100833 0.0477673
522 -19045.9 -19170.2 124.295 0 0 0 0 0.08 0 0 0.853256 -0.100629 0.047718
523 -19046.8 -19170.2 123.426 0 0 0 0 0.08 0 0 0.854014 -0.100428 0.0476686
524 -19047.7 -19170.2 122.512 0 0 0 0 0.08 0 0 0.854767 -0.100227 0.0476193
525 -19048.6 -19170.2 121.645 0 0 0 0 0.08 0 0 0.855516 -0.100028 0.0475701
526 -19049.5 -19170.2 120.771 0 0 0 0 0.08 0 0 0.856261 -0.0998303 0.0475209
527 -19050.3 -19170.2 119.893 0 0 0 0 0.08 0 0 0.857002 -0.0996339 0.0474718
528 -19051.2 -19170.2 119.039 0 0 0 0 0.08 0 0 0.857739 -0.0994387 0.0474227
529 -19052 -19170.2 118.215 0 0 0 0 0.08 0 0 0.858472 -0.0992449 0.0473736
530 -19052.9 -19170.2 117.365 0 0 0 0 0.08 0 0 0.859202 -0.0990523 0.0473247
531 -19053.7 -19170.2 116.527 0 0 0 0 0.08 0 0 0.859927 -0.0988609 0.0472757
532 -19054.5 -19170.2 115.711 0 0 0 0 0.08 0 0 0.860649 -0.0986708 0.0472268
533 -19055.3 -19170.2 114.9 0 0 0 0 0.08 0 0 0.861366 -0.0984818 0.047178
534 -19056.2 -19170.2 114.072 0 0 0 0 0.08 0 0 0.86208 -0.098294 0.0471292
535 -19056.9 -19170.2 113.285 0 0 0 0 0.08 0 0 0.86279 -0.0981074 0.0470804
536 -19057.7 -19170.2 112.512 0 0 0 0 0.08 0 0 0.863496 -0.0979219 0.0470317
537 -19058.5 -19170.2 111.758 0 0 0 0 0.08 0 0 0.864199 -0.0977376 0.0469831
538 -19059.2 -19170.2 110.979 0 0 0 0 0.08 0 0 0.864897 -0.0975544 0.0469345
539 -19060 -19170.2 110.221 0 0 0 0 0.08 0 0 0.865592 -0.0973722 0.0468859
540 -19060.8 -19170.2 109.457 0 0 0 0 0.08 0 0 0.866283 -0.0971912 0.0468374
541 -19061.5 -19170.2 108.693 0 0 0 0 0.08 0 0 0.866971 -0.0970112 0.046789
542 -19062.3 -19170.2 107.934 0 0 0 0 0.08 0 0 0.867654 -0.0968322 0.0467405
543 -19063.1 -19170.2 107.172 0 0 0 0 0.08 0 0 0.868334 -0.0966543 0.0466922
544 -19063.8 -19170.2 106.451 0 0 0 0 0.08 0 0 0.869011 -0.0964773 0.0466438
545 -19064.5 -19170.2 105.721 0 0 0 0 0.08 0 0 0.869684 -0.0963014 0.0465956
546 -19065.2 -19170.2 105.016 0 0 0 0 0.08 0 0 0.870353 -0.0961265 0.0465473
547 -19065.9 -19170.2 104.312 0 0 0 0 0.08 0 0 0.871018 -0.0959525 0.0464991
548 -19066.6 -19170.2 103.602 0 0 0 0 0.08 0 0 0.87168 -0.0957795 0.046451
549 -19067.3 -19170.2 102.885 0 0 0 0 0.08 0 0 0.872339 -0.0956074 0.0464028
550 -19068 -19170.2 102.191 0 0 0 0 0.08 0 0 0.872993 -0.0954362 0.0463548
551 -19068.7 -19170.2 101.498 0 0 0 0 0.08 0 0 0.873645 -0.095266 0.0463067
552 -19069.4 -19170.2 100.838 0 0 0 0 0.08 0 0 0.874293 -0.0950966 0.0462587
553 -19070.1 -19170.2 100.148 0 0 0 0 0.08 0 0 0.874937 -0.0949282 0.0462107
554 -19070.7 -19170.2 99.4785 0 0 0 0 0.08 0 0 0.875578 -0.0947606 0.0461628
555 -19071.4 -19170.2 98.8223 0 0 0 0 0.08 0 0 0.876215 -0.0945939 0.0461149
556 -19072.1 -19170.2 98.1504 0 0 0 0 0.08 0 0 0.876849 -0.094428 0.0460671
557 -19072.7 -19170.2 97.5 0 0 0 0 0.08 0 0 0.87748 -0.0942629 0.0460192
558 -19073.4 -19170.2 96.832 0 0 0 0 0.08 0 0 0.878107 -0.0940987 0.0459715
559 -19074 -19170.2 96.2051 0 0 0 0 0.08 0 0 0.878731 -0.0939353 0.0459237
560 -19074.6 -19170.2 95.5801 0 0 0 0 0.08 0 0 0.879351 -0.0937726 0.045876
561 -19075.3 -19170.2 94.9453 0 0 0 0 0.08 0 0 0.879968 -0.0936108 0.0458283
562 -19075.9 -19170.2 94.332 0 0 0 0 0.08 0 0 0.880582 -0.0934498 0.0457806
563 -19076.5 -19170.2 93.709 0 0 0 0 0.08 0 0 0.881192 -0.0932895 0.045733
564 -19077.1 -19170.2 93.0957 0 0 0 0 0.08 0 0 0.881799 -0.0931299 0.0456854
565 -19077.8 -19170.2 92.457 0 0 0 0 0.08 0 0 0.882403 -0.0929711 0.0456378
566 -19078.4 -19170.2 91.8145 0 0 0 0 0.08 0 0 0.883004 -0.0928131 0.0455903
567 -19079 -19170.2 91.2285 0 0 0 0 0.08 0 0 0.883601 -0.0926557 0.0455427
568 -19079.6 -19170.2 90.6348 0 0 0 0 0.08 0 0 0.884195 -0.0924991 0.0454952
569 -19080.2 -19170.2 90.0684 0 0 0 0 0.08 0 0 0.884786 -0.0923432 0.0454478
570 -19080.8 -19170.2 89.4668 0 0 0 0 0.08 0 0 0.885374 -0.092188 0.0454003
571 -19081.4 -19170.2 88.8711 0 0 0 0 0.08 0 0 0.885959 -0.0920334 0.0453529
572 -19081.9 -19170.2 88.3125 0 0 0 0 0.08 0 0 0.88654 -0.0918796 0.0453055
573 -19082.5 -19170.2 87.7656 0 0 0 0 0.08 0 0 0.887118 -0.0917263 0.0452581
574 -19083 -19170.2 87.1777 0 0 0 0 0.08 0 0 0.887694 -0.0915738 0.0452108
575 -19083.6 -19170.2 86.6074 0 0 0 0 0.08 0 0 0.888266 -0.0914219 0.0451634
576 -19084.2 -19170.2 86.0547 0 0 0 0 0.08 0 0 0.888835 -0.0912706 0.0451161
577 -19084.7 -19170.2 85.498 0 0 0 0 0.08 0 0 0.889401 -0.09112 0.0450688
578 -19085.3 -19170.2 84.9551 0 0 0 0 0.08 0 0 0.889964 -0.09097 0.0450215
579 -19085.8 -19170.2 84.4258 0 0 0 0 0.08 0 0 0.890524 -0.0908206 0.0449743
580 -19086.3 -19170.2 83.8789 0 0 0 0 0.08 0 0 0.89108 -0.0906718 0.044927
581 -19086.9 -19170.2 83.3398 0 0 0 0 0.08 0 0 0.891634 -0.0905236 0.0448798
582 -19087.4 -19170.2 82.8105 0 0 0 0 0.08 0 0 0.892185 -0.090376 0.0448326
583 -19087.9 -19170.2 82.2773 0 0 0 0 0.08 0 0 0.892733 -0.090229 0.0447854
584 -19088.5 -19170.2 81.7324 0 0 0 0 0.08 0 0 0.893278 -0.0900826 0.0447382
585 -19089 -19170.2 81.2305 0 0 0 0 0.08 0 0 0.89382 -0.0899367 0.0446911
586 -19089.5 -19170.2 80.7227 0 0 0 0 0.08 0 0 0.894359 -0.0897914 0.0446439
587 -19090 -19170.2 80.2148 0 0 0 0 0.08 0 0 0.894896 -0.0896466 0.0445968
588 -19090.5 -19170.2 79.7051 0 0 0 0 0.08 0 0 0.895429 -0.0895024 0.0445497
589 -19091 -19170.2 79.2129 0 0 0 0 0.08 0 0 0.89596 -0.0893587 0.0445025
590 -19091.5 -19170.2 78.7266 0 0 0 0 0.08 0 0 0.896487 -0.0892155 0.0444554
591 -19092 -19170.2 78.1992 0 0 0 0 0.08 0 0 0.897012 -0.0890729 0.0444084
592 -19092.5 -19170.2 77.7227 0 0 0 0 0.08 0 0 0.897534 -0.0889308 0.0443613
593 -19093 -19170.2 77.2363 0 0 0 0 0.08 0 0 0.898053 -0.0887892 0.0443142
594 -19093.5 -19170.2 76.7676 0 0 0 0 0.08 0 0 0.89857 -0.0886481 0.0442672
595 -19094 -19170.2 76.2598 0 0 0 0 0.08 0 0 0.899083 -0.0885075 0.0442201
596 -19094.4 -19170.2 75.7852 0 0 0 0 0.08 0 0 0.899594 -0.0883674 0.0441731
597 -19094.9 -19170.2 75.3223 0 0 0 0 0.08 0 0 0.900103 -0.0882278 0.0441261
598 -19095.4 -19170.2 74.8418 0 0 0 0 0.08 0 0 0.900608 -0.0880886 0.044079
599 -19095.9 -19170.2 74.3594 0 0 0 0 0.08 0 0 0.901111 -0.0879499 0.044032
600 -19096.3 -19170.2 73.9102 0 0 0 0 0.08 0 0 0.901611 -0.0878118 0.043985
601 -19096.8 -19170.2 73.4395 0 0 0 0 0.08 0 0 0.902108 -0.087674 0.043938
602 -19097.3 -19170.2 72.9746 0 0 0 0 0.08 0 0 0.902603 -0.0875367 0.0438911
603 -19097.7 -19170.2 72.5254 0 0 0 0 0.08 0 0 0.903095 -0.0873999 0.0438441
604 -19098.2 -19170.2 72.0684 0 0 0 0 0.08 0 0 0.903584 -0.0872636 0.0437971
605 -19098.6 -19170.2 71.6211 0 0 0 0 0.08 0 0 0.904071 -0.0871276 0.0437501
606 -19099 -19170.2 71.1895 0 0 0 0 0.08 0 0 0.904556 -0.0869921 0.0437032
607 -19099.5 -19170.2 70.75 0 0 0 0 0.08 0 0 0.905037 -0.0868571 0.0436562
608 -19099.9 -19170.2 70.3242 0 0 0 0 0.08 0 0 0.905516 -0.0867224 0.0436093
609 -19100.3 -19170.2 69.8965 0 0 0 0 0.08 0 0 0.905993 -0.0865882 0.0435623
610 -19100.8 -19170.2 69.4453 0 0 0 0 0.08 0 0 0.906467 -0.0864544 0.0435154
611 -19101.2 -19170.2 69.0332 0 0 0 0 0.08 0 0 0.906938 -0.086321 0.0434685
612 -19101.6 -19170.2 68.5996 0 0 0 0 0.08 0 0 0.907407 -0.086188 0.0434215
613 -19102.1 -19170.2 68.168 0 0 0 0 0.08 0 0 0.907873 -0.0860555 0.0433746
614 -19102.5 -19170.2 67.7617 0 0 0 0 0.08 0 0 0.908337 -0.0859233 0.0433277
615 -19102.9 -19170.2 67.3652 0 0 0 0 0.08 0 0 0.908799 -0.0857915 0.0432807
616 -19103.3 -19170.2 66.957 0 0 0 0 0.08 0 0 0.909258 -0.0856601 0.0432338
617 -19103.7 -19170.2 66.5508 0 0 0 0 0.08 0 0 0.909714 -0.0855291 0.0431869
618 -19104.1 -19170.2 66.1582 0 0 0 0 0.08 0 0 0.910169 -0.0853984 0.04314
619 -19104.5 -19170.2 65.7383 0 0 0 0 0.08 0 0 0.91062 -0.0852682 0.0430931
620 -19104.9 -19170.2 65.3613 0 0 0 0 0.08 0 0 0.91107 -0.0851383 0.0430462
621 -19105.3 -19170.2 64.9336 0 0 0 0 0.08 0 0 0.911516 -0.0850088 0.0429993
622 -19105.7 -19170.2 64.5391 0 0 0 0 0.08 0 0 0.911961 -0.0848796 0.0429524
623 -19106.1 -19170.2 64.1445 0 0 0 0 0.08 0 0 0.912403 -0.0847508 0.0429055
624 -19106.4 -19170.2 63.7773 0 0 0 0 0.08 0 0 0.912843 -0.0846224 0.0428586
625 -19106.9 -19170.2 63.3711 0 0 0 0 0.08 0 0 0.913281 -0.0844943 0.0428117
626 -19107.2 -19170.2 63.0059 0 0 0 0 0.08 0 0 0.913716 -0.0843666 0.0427648
627 -19107.6 -19170.2 62.627 0 0 0 0 0.08 0 0 0.914149 -0.0842392 0.0427179
628 -19108 -19170.2 62.2598 0 0 0 0 0.08 0 0 0.914579 -0.0841122 0.042671
629 -19108.3 -19170.2 61.8965 0 0 0 0 0.08 0 0 0.915007 -0.0839855 0.0426242
630 -19108.7 -19170.2 61.5508 0 0 0 0 0.08 0 0 0.915433 -0.0838591 0.0425773
631 -19109 -19170.2 61.1836 0 0 0 0 0.08 0 0 0.915857 -0.0837331 0.0425304
632 -19109.4 -19170.2 60.834 0 0 0 0 0.08 0 0 0.916279 -0.0836074 0.0424835
633 -19109.8 -19170.2 60.4648 0 0 0 0 0.08 0 0 0.916698 -0.083482 0.0424366
634 -19110.1 -19170.2 60.1152 0 0 0 0 0.08 0 0 0.917115 -0.0833569 0.0423898
635 -19110.5 -19170.2 59.7461 0 0 0 0 0.08 0 0 0.91753 -0.0832322 0.0423429
636 -19110.9 -19170.2 59.3672 0 0 0 0 0.08 0 0 0.917943 -0.0831077 0.042296
637 -19111.2 -19170.2 59.0352 0 0 0 0 0.08 0 0 0.918353 -0.0829836 0.0422491
638 -19111.6 -19170.2 58.6738 0 0 0 0 0.08 0 0 0.918761 -0.0828598 0.0422023
639 -19111.9 -19170.2 58.2988 0 0 0 0 0.08 0 0 0.919167 -0.0827363 0.0421554
640 -19112.3 -19170.2 57.9512 0 0 0 0 0.08 0 0 0.919571 -0.0826131 0.0421085
641 -19112.7 -19170.2 57.5684 0 0 0 0 0.08 0 0 0.919973 -0.0824902 0.0420617
642 -19113 -19170.2 57.252 0 0 0 0 0.08 0 0 0.920373 -0.0823676 0.0420148
643 -19113.3 -19170.2 56.8984 0 0 0 0 0.08 0 0 0.920771 -0.0822453 0.0419679
644 -19113.7 -19170.2 56.5645 0 0 0 0 0.08 0 0 0.921166 -0.0821233 0.0419211
645 -19114 -19170.2 56.2402 0 0 0 0 0.08 0 0 0.92156 -0.0820016 0.0418742
646 -19114.4 -19170.2 55.8555 0 0 0 0 0.08 0 0 0.921951 -0.0818802 0.0418273
647 -19114.7 -19170.2 55.541 0 0 0 0 0.08 0 0 0.92234 -0.081759 0.0417805
648 -19115 -19170.2 55.2344 0 0 0 0 0.08 0 0 0.922728 -0.0816382 0.0417336
649 -19115.3 -19170.2 54.9395 0 0 0 0 0.08 0 0 0.923113 -0.0815176 0.0416868
650 -19115.6 -19170.2 54.6211 0 0 0 0 0.08 0 0 0.923496 -0.0813973 0.0416399
651 -19115.9 -19170.2 54.3184 0 0 0 0 0.08 0 0 0.923877 -0.0812772 0.0415931
652 -19116.2 -19170.2 53.998 0 0 0 0 0.08 0 0 0.924256 -0.0811575 0.0415462
653 -19116.5 -19170.2 53.6875 0 0 0 0 0.08 0 0 0.924634 -0.081038 0.0414994
654 -19116.8 -19170.2 53.3848 0 0 0 0 0.08 0 0 0.925009 -0.0809188 0.0414525
655 -19117.1 -19170.2 53.084 0 0 0 0 0.08 0 0 0.925382 -0.0807998 0.0414057
656 -19117.5 -19170.2 52.7598 0 0 0 0 0.08 0 0 0.925753 -0.0806811 0.0413588
657 -19117.8 -19170.2 52.4336 0 0 0 0 0.08 0 0 0.926123 -0.0805627 0.041312
658 -19118.1 -19170.2 52.1211 0 0 0 0 0.08 0 0 0.92649 -0.0804445 0.0412652
659 -19118.4 -19170.2 51.8301 0 0 0 0 0.08 0 0 0.926855 -0.0803266 0.0412183
660 -19118.7 -19170.2 51.5371 0 0 0 0 0.08 0 0 0.927219 -0.0802089 0.0411715
661 -19119 -19170.2 51.2402 0 0 0 0 0.08 0 0 0.927581 -0.0800915 0.0411247
662 -19119.3 -19170.2 50.9473 0 0 0 0 0.08 0 0 0.92794 -0.0799743 0.0410779
663 -19119.6 -19170.2 50.6465 0 0 0 0 0.08 0 0 0.928298 -0.0798574 0.041031
664 -19119.9 -19170.2 50.3613 0 0 0 0 0.08 0 0 0.928654 -0.0797408 0.0409842
665 -19120.1 -19170.2 50.0781 0 0 0 0 0.08 0 0 0.929008 -0.0796243 0.0409374
666 -19120.5 -19170.2 49.7656 0 0 0 0 0.08 0 0 0.92936 -0.0795081 0.0408906
667 -19120.7 -19170.2 49.498 0 0 0 0 0.08 0 0 0.929711 -0.0793922 0.0408438
668 -19121 -19170.2 49.1953 0 0 0 0 0.08 0 0 0.930059 -0.0792765 0.040797
669 -19121.3 -19170.2 48.9004 0 0 0 0 0.08 0 0 0.930406 -0.079161 0.0407502
670 -19121.6 -19170.2 48.6133 0 0 0 0 0.08 0 0 0.930751 -0.0790458 0.0407034
671 -19121.9 -19170.2 48.3262 0 0 0 0 0.08 0 0 0.931094 -0.0789308 0.0406566
672 -19122.2 -19170.2 48.0469 0 0 0 0 0.08 0 0 0.931436 -0.078816 0.0406098
673 -19122.5 -19170.2 47.7754 0 0 0 0 0.08 0 0 0.931775 -0.0787015 0.040563
674 -19122.8 -19170.2 47.4766 0 0 0 0 0.08 0 0 0.932113 -0.0785872 0.0405162
675 -19123 -19170.2 47.1914 0 0 0 0 0.08 0 0 0.932449 -0.0784731 0.0404695
676 -19123.3 -19170.2 46.9316 0 0 0 0 0.08 0 0 0.932783 -0.0783592 0.0404227
677 -19123.6 -19170.2 46.6738 0 0 0 0 0.08 0 0 0.933116 -0.0782456 0.0403759
678 -19123.8 -19170.2 46.4258 0 0 0 0 0.08 0 0 0.933447 -0.0781322 0.0403292
679 -19124.1 -19170.2 46.1445 0 0 0 0 0.08 0 0 0.933776 -0.078019 0.0402824
680 -19124.3 -19170.2 45.9141 0 0 0 0 0.08 0 0 0.934103 -0.077906 0.0402357
681 -19124.6 -19170.2 45.6406 0 0 0 0 0.08 0 0 0.934429 -0.0777933 0.0401889
682 -19124.8 -19170.2 45.3789 0 0 0 0 0.08 0 0 0.934753 -0.0776807 0.0401422
683 -19125.1 -19170.2 45.1289 0 0 0 0 0.08 0 0 0.935075 -0.0775684 0.0400954
684 -19125.4 -19170.2 44.8652 0 0 0 0 0.08 0 0 0.935396 -0.0774563 0.0400487
685 -19125.6 -19170.2 44.6152 0 0 0 0 0.08 0 0 0.935715 -0.0773444 0.040002
686 -19125.9 -19170.2 44.373 0 0 0 0 0.08 0 0 0.936032 -0.0772327 0.0399553
687 -19126.1 -19170.2 44.1211 0 0 0 0 0.08 0 0 0.936347 -0.0771212 0.0399086
688 -19126.4 -19170.2 43.8633 0 0 0 0 0.08 0 0 0.936661 -0.0770099 0.0398619
689 -19126.6 -19170.2 43.625 0 0 0 0 0.08 0 0 0.936974 -0.0768988 0.0398152
690 -19126.8 -19170.2 43.3828 0 0 0 0 0.08 0 0 0.937285 -0.076788 0.0397685
691 -19127.1 -19170.2 43.1367 0 0 0 0 0.08 0 0 0.937594 -0.0766773 0.0397218
692 -19127.3 -19170.2 42.877 0 0 0 0 0.08 0 0 0.937901 -0.0765668 0.0396751
693 -19127.6 -19170.2 42.6504 0 0 0 0 0.08 0 0 0.938207 -0.0764566 0.0396285
694 -19127.8 -19170.2 42.4277 0 0 0 0 0.08 0 0 0.938512 -0.0763465 0.0395818
695 -19128 -19170.2 42.1973 0 0 0 0 0.08 0 0 0.938814 -0.0762366 0.0395352
696 -19128.3 -19170.2 41.9473 0 0 0 0 0.08 0 0 0.939115 -0.076127 0.0394885
697 -19128.5 -19170.2 41.6973 0 0 0 0 0.08 0 0 0.939415 -0.0760175 0.0394419
698 -19128.8 -19170.2 41.4297 0 0 0 0 0.08 0 0 0.939713 -0.0759082 0.0393953
699 -19129 -19170.2 41.1992 0 0 0 0 0.08 0 0 0.94001 -0.0757991 0.0393487
700 -19129.3 -19170.2 40.9746 0 0 0 0 0.08 0 0 0.940305 -0.0756902 0.0393021
701 -19129.5 -19170.2 40.7207 0 0 0 0 0.08 0 0 0.940598 -0.0755815 0.0392555
702 -19129.7 -19170.2 40.4961 0 0 0 0 0.08 0 0 0.94089 -0.075473 0.0392089
703 -19130 -19170.2 40.2637 0 0 0 0 0.08 0 0 0.941181 -0.0753647 0.0391623
704 -19130.2 -19170.2 40.0645 0 0 0 0 0.08 0 0 0.94147 -0.0752565 0.0391158
705 -19130.4 -19170.2 39.8398 0 0 0 0 0.08 0 0 0.941757 -0.0751486 0.0390692
706 -19130.6 -19170.2 39.6348 0 0 0 0 0.08 0 0 0.942043 -0.0750408 0.0390227
707 -19130.8 -19170.2 39.4238 0 0 0 0 0.08 0 0 0.942328 -0.0749333 0.0389761
708 -19131.1 -19170.2 39.168 0 0 0 0 0.08 0 0 0.942611 -0.0748259 0.0389296
709 -19131.3 -19170.2 38.9453 0 0 0 0 0.08 0 0 0.942892 -0.0747186 0.0388831
710 -19131.5 -19170.2 38.7461 0 0 0 0 0.08 0 0 0.943173 -0.0746116 0.0388366
711 -19131.7 -19170.2 38.543 0 0 0 0 0.08 0 0 0.943451 -0.0745048 0.0387901
712 -19131.9 -19170.2 38.332 0 0 0 0 0.08 0 0 0.943728 -0.0743981 0.0387436
713 -19132.1 -19170.2 38.1113 0 0 0 0 0.08 0 0 0.944004 -0.0742916 0.0386972
714 -19132.3 -19170.2 37.8984 0 0 0 0 0.08 0 0 0.944279 -0.0741853 0.0386507
715 -19132.5 -19170.2 37.7207 0 0 0 0 0.08 0 0 0.944552 -0.0740792 0.0386043
716 -19132.7 -19170.2 37.5039 0 0 0 0 0.08 0 0 0.944823 -0.0739732 0.0385579
717 -19132.9 -19170.2 37.3027 0 0 0 0 0.08 0 0 0.945094 -0.0738674 0.0385114
718 -19133.1 -19170.2 37.0918 0 0 0 0 0.08 0 0 0.945362 -0.0737618 0.038465
719 -19133.3 -19170.2 36.8867 0 0 0 0 0.08 0 0 0.94563 -0.0736564 0.0384187
720 -19133.6 -19170.2 36.6641 0 0 0 0 0.08 0 0 0.945896 -0.0735511 0.0383723
721 -19133.8 -19170.2 36.4629 0 0 0 0 0.08 0 0 0.946161 -0.073446 0.0383259
722 -19134 -19170.2 36.252 0 0 0 0 0.08 0 0 0.946424 -0.0733411 0.0382796
723 -19134.2 -19170.2 36.0586 0 0 0 0 0.08 0 0 0.946686 -0.0732363 0.0382332
724 -19134.4 -19170.2 35.8652 0 0 0 0 0.08 0 0 0.946947 -0.0731318 0.0381869
725 -19134.6 -19170.2 35.6562 0 0 0 0 0.08 0 0 0.947206 -0.0730274 0.0381406
726 -19134.8 -19170.2 35.4531 0 0 0 0 0.08 0 0 0.947464 -0.0729231 0.0380943
727 -19135 -19170.2 35.2539 0 0 0 0 0.08 0 0 0.94772 -0.072819 0.038048
728 -19135.2 -19170.2 35.0566 0 0 0 0 0.08 0 0 0.947976 -0.0727151 0.0380018
729 -19135.4 -19170.2 34.8438 0 0 0 0 0.08 0 0 0.94823 -0.0726114 0.0379555
730 -19135.6 -19170.2 34.6699 0 0 0 0 0.08 0 0 0.948483 -0.0725078 0.0379093
731 -19135.8 -19170.2 34.4766 0 0 0 0 0.08 0 0 0.948734 -0.0724044 0.0378631
732 -19135.9 -19170.2 34.2793 0 0 0 0 0.08 0 0 0.948984 -0.0723011 0.0378169
733 -19136.1 -19170.2 34.0957 0 0 0 0 0.08 0 0 0.949233 -0.0721981 0.0377707
734 -19136.3 -19170.2 33.9121 0 0 0 0 0.08 0 0 0.949481 -0.0720951 0.0377245
735 -19136.5 -19170.2 33.7363 0 0 0 0 0.08 0 0 0.949727 -0.0719924 0.0376784
736 -19136.7 -19170.2 33.5547 0 0 0 0 0.08 0 0 0.949972 -0.0718898 0.0376323
737 -19136.8 -19170.2 33.3828 0 0 0 0 0.08 0 0 0.950216 -0.0717873 0.0375861
738 -19137 -19170.2 33.207 0 0 0 0 0.08 0 0 0.950458 -0.071685 0.03754
739 -19137.2 -19170.2 33.0469 0 0 0 0 0.08 0 0 0.9507 -0.0715829 0.0374939
740 -19137.4 -19170.2 32.8652 0 0 0 0 0.08 0 0 0.95094 -0.071481 0.0374479
741 -19137.5 -19170.2 32.6816 0 0 0 0 0.08 0 0 0.951179 -0.0713791 0.0374018
742 -19137.7 -19170.2 32.5 0 0 0 0 0.08 0 0 0.951416 -0.0712775 0.0373558
743 -19137.9 -19170.2 32.3125 0 0 0 0 0.08 0 0 0.951653 -0.071176 0.0373098
744 -19138.1 -19170.2 32.123 0 0 0 0 0.08 0 0 0.951888 -0.0710747 0.0372638
745 -19138.3 -19170.2 31.9609 0 0 0 0 0.08 0 0 0.952122 -0.0709735 0.0372178
746 -19138.5 -19170.2 31.7754 0 0 0 0 0.08 0 0 0.952355 -0.0708725 0.0371719
747 -19138.6 -19170.2 31.6133 0 0 0 0 0.08 0 0 0.952587 -0.0707716 0.0371259
748 -19138.8 -19170.2 31.4219 0 0 0 0 0.08 0 0 0.952817 -0.0706709 0.03708
749 -19139 -19170.2 31.2461 0 0 0 0 0.08 0 0 0.953046 -0.0705703 0.0370341
750 -19139.1 -19170.2 31.082 0 0 0 0 0.08 0 0 0.953275 -0.0704699 0.0369882
751 -19139.3 -19170.2 30.916 0 0 0 0 0.08 0 0 0.953502 -0.0703696 0.0369424
752 -19139.5 -19170.2 30.752 0 0 0 0 0.08 0 0 0.953727 -0.0702695 0.0368965
753 -19139.6 -19170.2 30.584 0 0 0 0 0.08 0 0 0.953952 -0.0701695 0.0368507
754 -19139.8 -19170.2 30.4277 0 0 0 0 0.08 0 0 0.954176 -0.0700697 0.0368049
755 -19140 -19170.2 30.2695 0 0 0 0 0.08 0 0 0.954398 -0.0699701 0.0367591
756 -19140.1 -19170.2 30.0957 0 0 0 0 0.08 0 0 0.954619 -0.0698705 0.0367134
757 -19140.3 -19170.2 29.9414 0 0 0 0 0.08 0 0 0.954839 -0.0697712 0.0366676
758 -19140.5 -19170.2 29.7715 0 0 0 0 0.08 0 0 0.955059 -0.069672 0.0366219
759 -19140.6 -19170.2 29.6035 0 0 0 0 0.08 0 0 0.955276 -0.0695729 0.0365762
760 -19140.8 -19170.2 29.4434 0 0 0 0 0.08 0 0 0.955493 -0.069474 0.0365305
761 -19140.9 -19170.2 29.2812 0 0 0 0 0.08 0 0 0.955709 -0.0693752 0.0364849
762 -19141.1 -19170.2 29.1133 0 0 0 0 0.08 0 0 0.955924 -0.0692766 0.0364392
763 -19141.3 -19170.2 28.9453 0 0 0 0 0.08 0 0 0.956137 -0.0691781 0.0363936
764 -19141.4 -19170.2 28.7969 0 0 0 0 0.08 0 0 0.95635 -0.0690798 0.036348
765 -19141.6 -19170.2 28.6465 0 0 0 0 0.08 0 0 0.956561 -0.0689816 0.0363025
766 -19141.7 -19170.2 28.4922 0 0 0 0 0.08 0 0 0.956771 -0.0688835 0.0362569
767 -19141.9 -19170.2 28.3281 0 0 0 0 0.08 0 0 0.956981 -0.0687856 0.0362114
768 -19142 -19170.2 28.1836 0 0 0 0 0.08 0 0 0.957189 -0.0686879 0.0361659
769 -19142.2 -19170.2 28.0215 0 0 0 0 0.08 0 0 0.957396 -0.0685902 0.0361204
770 -19142.3 -19170.2 27.8926 0 0 0 0 0.08 0 0 0.957602 -0.0684928 0.036075
771 -19142.5 -19170.2 27.7402 0 0 0 0 0.08 0 0 0.957807 -0.0683954 0.0360296
772 -19142.6 -19170.2 27.6055 0 0 0 0 0.08 0 0 0.958011 -0.0682982 0.0359842
773 -19142.8 -19170.2 27.4746 0 0 0 0 0.08 0 0 0.958214 -0.0682012 0.0359388
774 -19142.9 -19170.2 27.3418 0 0 0 0 0.08 0 0 0.958416 -0.0681043 0.0358934
775 -19143 -19170.2 27.1855 0 0 0 0 0.08 0 0 0.958617 -0.0680075 0.0358481
776 -19143.2 -19170.2 27.0469 0 0 0 0 0.08 0 0 0.958817 -0.0679109 0.0358028
777 -19143.3 -19170.2 26.9043 0 0 0 0 0.08 0 0 0.959016 -0.0678144 0.0357575
778 -19143.4 -19170.2 26.7773 0 0 0 0 0.08 0 0 0.959214 -0.067718 0.0357122
779 -19143.6 -19170.2 26.6445 0 0 0 0 0.08 0 0 0.959411 -0.0676218 0.035667
780 -19143.7 -19170.2 26.502 0 0 0 0 0.08 0 0 0.959606 -0.0675258 0.0356218
781 -19143.9 -19170.2 26.3438 0 0 0 0 0.08 0 0 0.959801 -0.0674298 0.0355766
782 -19144 -19170.2 26.209 0 0 0 0 0.08 0 0 0.959995 -0.067334 0.0355315
783 -19144.1 -19170.2 26.0781 0 0 0 0 0.08 0 0 0.960188 -0.0672384 0.0354863
784 -19144.3 -19170.2 25.9238 0 0 0 0 0.08 0 0 0.96038 -0.0671429 0.0354412
785 -19144.4 -19170.2 25.7891 0 0 0 0 0.08 0 0 0.960571 -0.0670475 0.0353961
786 -19144.6 -19170.2 25.6543 0 0 0 0 0.08 0 0 0.960761 -0.0669522 0.0353511
787 -19144.7 -19170.2 25.5059 0 0 0 0 0.08 0 0 0.96095 -0.0668571 0.0353061
788 -19144.9 -19170.2 25.3535 0 0 0 0 0.08 0 0 0.961139 -0.0667621 0.0352611
789 -19145 -19170.2 25.2266 0 0 0 0 0.08 0 0 0.961326 -0.0666673 0.0352161
790 -19145.1 -19170.2 25.1016 0 0 0 0 0.08 0 0 0.961512 -0.0665726 0.0351711
791 -19145.2 -19170.2 24.9785 0 0 0 0 0.08 0 0 0.961697 -0.066478 0.0351262
792 -19145.4 -19170.2 24.8242 0 0 0 0 0.08 0 0 0.961882 -0.0663836 0.0350813
793 -19145.5 -19170.2 24.6855 0 0 0 0 0.08 0 0 0.962065 -0.0662893 0.0350364
794 -19145.7 -19170.2 24.5527 0 0 0 0 0.08 0 0 0.962248 -0.0661951 0.0349916
795 -19145.8 -19170.2 24.4258 0 0 0 0 0.08 0 0 0.962429 -0.0661011 0.0349468
796 -19145.9 -19170.2 24.3027 0 0 0 0 0.08 0 0 0.96261 -0.0660072 0.034902
797 -19146.1 -19170.2 24.1719 0 0 0 0 0.08 0 0 0.96279 -0.0659134 0.0348573
798 -19146.2 -19170.2 24.0508 0 0 0 0 0.08 0 0 0.962969 -0.0658198 0.0348125
799 -19146.3 -19170.2 23.9062 0 0 0 0 0.08 0 0 0.963147 -0.0657263 0.0347678
800 -19146.5 -19170.2 23.7715 0 0 0 0 0.08 0 0 0.963324 -0.0656329 0.0347232
801 -19146.6 -19170.2 23.6504 0 0 0 0 0.08 0 0 0.9635 -0.0655396 0.0346785
802 -19146.7 -19170.2 23.5293 0 0 0 0 0.08 0 0 0.963676 -0.0654465 0.0346339
803 -19146.8 -19170.2 23.4062 0 0 0 0 0.08 0 0 0.96385 -0.0653535 0.0345893
804 -19146.9 -19170.2 23.2812 0 0 0 0 0.08 0 0 0.964024 -0.0652607 0.0345448
805 -19147.1 -19170.2 23.1562 0 0 0 0 0.08 0 0 0.964196 -0.065168 0.0345002
806 -19147.2 -19170.2 23.0293 0 0 0 0 0.08 0 0 0.964368 -0.0650754 0.0344557
807 -19147.3 -19170.2 22.9004 0 0 0 0 0.08 0 0 0.964539 -0.0649829 0.0344113
808 -19147.4 -19170.2 22.7793 0 0 0 0 0.08 0 0 0.964709 -0.0648906 0.0343668
809 -19147.6 -19170.2 22.6543 0 0 0 0 0.08 0 0 0.964879 -0.0647984 0.0343224
810 -19147.7 -19170.2 22.543 0 0 0 0 0.08 0 0 0.965047 -0.0647063 0.034278
811 -19147.8 -19170.2 22.4199 0 0 0 0 0.08 0 0 0.965215 -0.0646144 0.0342337
812 -19147.9 -19170.2 22.3066 0 0 0 0 0.08 0 0 0.965382 -0.0645226 0.0341894
813 -19148 -19170.2 22.1953 0 0 0 0 0.08 0 0 0.965548 -0.0644309 0.0341451
814 -19148.1 -19170.2 22.0938 0 0 0 0 0.08 0 0 0.965713 -0.0643393 0.0341008
815 -19148.2 -19170.2 21.9766 0 0 0 0 0.08 0 0 0.965877 -0.0642479 0.0340566
816 -19148.4 -19170.2 21.8613 0 0 0 0 0.08 0 0 0.96604 -0.0641566 0.0340124
817 -19148.5 -19170.2 21.7422 0 0 0 0 0.08 0 0 0.966203 -0.0640654 0.0339682
818 -19148.6 -19170.2 21.627 0 0 0 0 0.08 0 0 0.966365 -0.0639743 0.0339241
819 -19148.7 -19170.2 21.5176 0 0 0 0 0.08 0 0 0.966526 -0.0638834 0.03388
820 -19148.8 -19170.2 21.3984 0 0 0 0 0.08 0 0 0.966686 -0.0637926 0.0338359
821 -19148.9 -19170.2 21.293 0 0 0 0 0.08 0 0 0.966846 -0.0637019 0.0337919
822 -19149.1 -19170.2 21.1719 0 0 0 0 0.08 0 0 0.967004 -0.0636114 0.0337479
823 -19149.2 -19170.2 21.0625 0 0 0 0 0.08 0 0 0.967162 -0.063521 0.0337039
824 -19149.3 -19170.2 20.9707 0 0 0 0 0.08 0 0 0.967319 -0.0634307 0.03366
825 -19149.4 -19170.2 20.8594 0 0 0 0 0.08 0 0 0.967475 -0.0633405 0.0336161
826 -19149.5 -19170.2 20.7637 0 0 0 0 0.08 0 0 0.967631 -0.0632504 0.0335722
827 -19149.6 -19170.2 20.6738 0 0 0 0 0.08 0 0 0.967786 -0.0631605 0.0335283
828 -19149.7 -19170.2 20.5625 0 0 0 0 0.08 0 0 0.967939 -0.0630707 0.0334845
829 -19149.8 -19170.2 20.4609 0 0 0 0 0.08 0 0 0.968093 -0.062981 0.0334407
830 -19149.9 -19170.2 20.3555 0 0 0 0 0.08 0 0 0.968245 -0.0628915 0.033397
831 -19150 -19170.2 20.2461 0 0 0 0 0.08 0 0 0.968397 -0.0628021 0.0333533
832 -19150.1 -19170.2 20.1309 0 0 0 0 0.08 0 0 0.968548 -0.0627128 0.0333096
833 -19150.2 -19170.2 20.0273 0 0 0 0 0.08 0 0 0.968698 -0.0626236 0.0332659
834 -19150.3 -19170.2 19.9141 0 0 0 0 0.08 0 0 0.968847 -0.0625345 0.0332223
835 -19150.4 -19170.2 19.8086 0 0 0 0 0.08 0 0 0.968996 -0.0624456 0.0331787
836 -19150.5 -19170.2 19.6875 0 0 0 0 0.08 0 0 0.969144 -0.0623568 0.0331352
837 -19150.7 -19170.2 19.5566 0 0 0 0 0.08 0 0 0.969291 -0.0622681 0.0330916
838 -19150.8 -19170.2 19.4473 0 0 0 0 0.08 0 0 0.969437 -0.0621795 0.0330482
839 -19150.9 -19170.2 19.3672 0 0 0 0 0.08 0 0 0.969583 -0.062091 0.0330047
840 -19150.9 -19170.2 19.2793 0 0 0 0 0.08 0 0 0.969728 -0.0620027 0.0329613
841 -19151 -19170.2 19.1934 0 0 0 0 0.08 0 0 0.969872 -0.0619145 0.0329179
842 -19151.1 -19170.2 19.1113 0 0 0 0 0.08 0 0 0.970016 -0.0618264 0.0328746
843 -19151.2 -19170.2 19.0195 0 0 0 0 0.08 0 0 0.970159 -0.0617385 0.0328312
844 -19151.3 -19170.2 18.9453 0 0 0 0 0.08 0 0 0.970301 -0.0616506 0.032788
845 -19151.4 -19170.2 18.8574 0 0 0 0 0.08 0 0 0.970442 -0.0615629 0.0327447
846 -19151.5 -19170.2 18.7461 0 0 0 0 0.08 0 0 0.970583 -0.0614753 0.0327015
847 -19151.6 -19170.2 18.6523 0 0 0 0 0.08 0 0 0.970723 -0.0613878 0.0326583
848 -19151.7 -19170.2 18.5449 0 0 0 0 0.08 0 0 0.970863 -0.0613004 0.0326152
849 -19151.8 -19170.2 18.4512 0 0 0 0 0.08 0 0 0.971001 -0.0612132 0.0325721
850 -19151.9 -19170.2 18.3457 0 0 0 0 0.08 0 0 0.971139 -0.0611261 0.032529
851 -19152 -19170.2 18.2617 0 0 0 0 0.08 0 0 0.971277 -0.0610391 0.032486
852 -19152.1 -19170.2 18.1738 0 0 0 0 0.08 0 0 0.971413 -0.0609522 0.032443
853 -19152.1 -19170.2 18.0801 0 0 0 0 0.08 0 0 0.971549 -0.0608654 0.0324
854 -19152.2 -19170.2 17.9941 0 0 0 0 0.08 0 0 0.971684 -0.0607788 0.0323571
855 -19152.3 -19170.2 17.9043 0 0 0 0 0.08 0 0 0.971819 -0.0606922 0.0323142
856 -19152.4 -19170.2 17.8145 0 0 0 0 0.08 0 0 0.971953 -0.0606058 0.0322713
857 -19152.5 -19170.2 17.709 0 0 0 0 0.08 0 0 0.972086 -0.0605195 0.0322285
858 -19152.6 -19170.2 17.6328 0 0 0 0 0.08 0 0 0.972219 -0.0604334 0.0321857
859 -19152.7 -19170.2 17.5254 0 0 0 0 0.08 0 0 0.972351 -0.0603473 0.032143
860 -19152.8 -19170.2 17.4531 0 0 0 0 0.08 0 0 0.972482 -0.0602614 0.0321003
861 -19152.8 -19170.2 17.377 0 0 0 0 0.08 0 0 0.972613 -0.0601755 0.0320576
862 -19152.9 -19170.2 17.2852 0 0 0 0 0.08 0 0 0.972743 -0.0600898 0.0320149
863 -19153 -19170.2 17.1797 0 0 0 0 0.08 0 0 0.972872 -0.0600042 0.0319723
864 -19153.1 -19170.2 17.0938 0 0 0 0 0.08 0 0 0.973001 -0.0599188 0.0319298
865 -19153.2 -19170.2 17.002 0 0 0 0 0.08 0 0 0.973129 -0.0598334 0.0318872
866 -19153.3 -19170.2 16.9121 0 0 0 0 0.08 0 0 0.973256 -0.0597482 0.0318447
867 -19153.4 -19170.2 16.8125 0 0 0 0 0.08 0 0 0.973383 -0.059663 0.0318023
868 -19153.5 -19170.2 16.7168 0 0 0 0 0.08 0 0 0.973509 -0.059578 0.0317598
869 -19153.6 -19170.2 16.6328 0 0 0 0 0.08 0 0 0.973635 -0.0594932 0.0317175
870 -19153.7 -19170.2 16.5312 0 0 0 0 0.08 0 0 0.97376 -0.0594084 0.0316751
871 -19153.8 -19170.2 16.4453 0 0 0 0 0.08 0 0 0.973884 -0.0593237 0.0316328
872 -19153.9 -19170.2 16.3633 0 0 0 0 0.08 0 0 0.974008 -0.0592392 0.0315905
873 -19153.9 -19170.2 16.2812 0 0 0 0 0.08 0 0 0.974131 -0.0591547 0.0315483
874 -19154 -19170.2 16.1973 0 0 0 0 0.08 0 0 0.974254 -0.0590704 0.0315061
875 -19154.1 -19170.2 16.1328 0 0 0 0 0.08 0 0 0.974375 -0.0589862 0.0314639
876 -19154.2 -19170.2 16.0527 0 0 0 0 0.08 0 0 0.974497 -0.0589021 0.0314218
877 -19154.3 -19170.2 15.9531 0 0 0 0 0.08 0 0 0.974618 -0.0588182 0.0313797
878 -19154.3 -19170.2 15.8828 0 0 0 0 0.08 0 0 0.974738 -0.0587343 0.0313377
879 -19154.4 -19170.2 15.8105 0 0 0 0 0.08 0 0 0.974857 -0.0586506 0.0312956
880 -19154.5 -19170.2 15.7168 0 0 0 0 0.08 0 0 0.974976 -0.0585669 0.0312537
881 -19154.6 -19170.2 15.6406 0 0 0 0 0.08 0 0 0.975094 -0.0584834 0.0312117
882 -19154.7 -19170.2 15.5762 0 0 0 0 0.08 0 0 0.975212 -0.0584 0.0311698
883 -19154.7 -19170.2 15.4902 0 0 0 0 0.08 0 0 0.975329 -0.0583167 0.031128
884 -19154.8 -19170.2 15.418 0 0 0 0 0.08 0 0 0.975446 -0.0582336 0.0310862
885 -19154.9 -19170.2 15.3301 0 0 0 0 0.08 0 0 0.975562 -0.0581505 0.0310444
886 -19155 -19170.2 15.2539 0 0 0 0 0.08 0 0 0.975678 -0.0580676 0.0310026
887 -19155 -19170.2 15.1797 0 0 0 0 0.08 0 0 0.975793 -0.0579847 0.0309609
888 -19155.1 -19170.2 15.0996 0 0 0 0 0.08 0 0 0.975907 -0.057902 0.0309193
889 -19155.2 -19170.2 15.0273 0 0 0 0 0.08 0 0 0.976021 -0.0578194 0.0308776
890 -19155.3 -19170.2 14.9355 0 0 0 0 0.08 0 0 0.976134 -0.0577369 0.030836
891 -19155.4 -19170.2 14.8633 0 0 0 0 0.08 0 0 0.976247 -0.0576545 0.0307945
892 -19155.4 -19170.2 14.7832 0 0 0 0 0.08 0 0 0.976359 -0.0575722 0.030753
893 -19155.5 -19170.2 14.7129 0 0 0 0 0.08 0 0 0.97647 -0.0574901 0.0307115
894 -19155.6 -19170.2 14.6367 0 0 0 0 0.08 0 0 0.976581 -0.057408 0.0306701
895 -19155.7 -19170.2 14.5586 0 0 0 0 0.08 0 0 0.976692 -0.0573261 0.0306287
896 -19155.7 -19170.2 14.4902 0 0 0 0 0.08 0 0 0.976802 -0.0572443 0.0305873
897 -19155.8 -19170.2 14.4102 0 0 0 0 0.08 0 0 0.976911 -0.0571626 0.030546
898 -19155.9 -19170.2 14.3359 0 0 0 0 0.08 0 0 0.97702 -0.057081 0.0305047
899 -19156 -19170.2 14.2695 0 0 0 0 0.08 0 0 0.977128 -0.0569995 0.0304635
900 -19156 -19170.2 14.209 0 0 0 0 0.08 0 0 0.977236 -0.0569181 0.0304223
901 -19156.1 -19170.2 14.1387 0 0 0 0 0.08 0 0 0.977343 -0.0568368 0.0303811
902 -19156.2 -19170.2 14.0742 0 0 0 0 0.08 0 0 0.97745 -0.0567556 0.03034
903 -19156.2 -19170.2 14.0234 0 0 0 0 0.08 0 0 0.977556 -0.0566746 0.0302989
904 -19156.3 -19170.2 13.9629 0 0 0 0 0.08 0 0 0.977662 -0.0565937 0.0302579
905 -19156.3 -19170.2 13.8867 0 0 0 0 0.08 0 0 0.977767 -0.0565128 0.0302169
906 -19156.4 -19170.2 13.8105 0 0 0 0 0.08 0 0 0.977872 -0.0564321 0.0301759
907 -19156.5 -19170.2 13.7324 0 0 0 0 0.08 0 0 0.977976 -0.0563515 0.030135
908 -19156.6 -19170.2 13.6621 0 0 0 0 0.08 0 0 0.97808 -0.056271 0.0300941
909 -19156.6 -19170.2 13.5859 0 0 0 0 0.08 0 0 0.978183 -0.0561906 0.0300533
910 -19156.7 -19170.2 13.5234 0 0 0 0 0.08 0 0 0.978285 -0.0561103 0.0300124
911 -19156.8 -19170.2 13.459 0 0 0 0 0.08 0 0 0.978388 -0.0560302 0.0299717
912 -19156.8 -19170.2 13.3926 0 0 0 0 0.08 0 0 0.978489 -0.0559501 0.029931
913 -19156.9 -19170.2 13.3242 0 0 0 0 0.08 0 0 0.97859 -0.0558701 0.0298903
914 -19157 -19170.2 13.2715 0 0 0 0 0.08 0 0 0.978691 -0.0557903 0.0298496
915 -19157 -19170.2 13.1953 0 0 0 0 0.08 0 0 0.978791 -0.0557106 0.029809
916 -19157.1 -19170.2 13.1328 0 0 0 0 0.08 0 0 0.978891 -0.0556309 0.0297685
917 -19157.2 -19170.2 13.0664 0 0 0 0 0.08 0 0 0.97899 -0.0555514 0.029728
918 -19157.2 -19170.2 12.9902 0 0 0 0 0.08 0 0 0.979089 -0.055472 0.0296875
919 -19157.3 -19170.2 12.9316 0 0 0 0 0.08 0 0 0.979187 -0.0553927 0.029647
920 -19157.4 -19170.2 12.873 0 0 0 0 0.08 0 0 0.979285 -0.0553135 0.0296066
921 -19157.4 -19170.2 12.8066 0 0 0 0 0.08 0 0 0.979382 -0.0552344 0.0295663
922 -19157.5 -19170.2 12.7363 0 0 0 0 0.08 0 0 0.979479 -0.0551554 0.029526
923 -19157.6 -19170.2 12.6582 0 0 0 0 0.08 0 0 0.979575 -0.0550766 0.0294857
924 -19157.6 -19170.2 12.5938 0 0 0 0 0.08 0 0 0.979671 -0.0549978 0.0294454
925 -19157.7 -19170.2 12.5293 0 0 0 0 0.08 0 0 0.979766 -0.0549191 0.0294053
926 -19157.8 -19170.2 12.4766 0 0 0 0 0.08 0 0 0.979861 -0.0548406 0.0293651
927 -19157.8 -19170.2 12.4082 0 0 0 0 0.08 0 0 0.979956 -0.0547621 0.029325
928 -19157.9 -19170.2 12.3457 0 0 0 0 0.08 0 0 0.98005 -0.0546838 0.0292849
929 -19157.9 -19170.2 12.2852 0 0 0 0 0.08 0 0 0.980143 -0.0546056 0.0292449
930 -19158 -19170.2 12.2188 0 0 0 0 0.08 0 0 0.980236 -0.0545274 0.0292049
931 -19158.1 -19170.2 12.1641 0 0 0 0 0.08 0 0 0.980329 -0.0544494 0.0291649
932 -19158.1 -19170.2 12.1016 0 0 0 0 0.08 0 0 0.980421 -0.0543715 0.029125
933 -19158.2 -19170.2 12.0332 0 0 0 0 0.08 0 0 0.980513 -0.0542937 0.0290852
934 -19158.3 -19170.2 11.9668 0 0 0 0 0.08 0 0 0.980604 -0.054216 0.0290453
935 -19158.3 -19170.2 11.9141 0 0 0 0 0.08 0 0 0.980695 -0.0541384 0.0290055
936 -19158.4 -19170.2 11.8613 0 0 0 0 0.08 0 0 0.980785 -0.0540609 0.0289658
937 -19158.4 -19170.2 11.8027 0 0 0 0 0.08 0 0 0.980875 -0.0539835 0.0289261
938 -19158.5 -19170.2 11.7344 0 0 0 0 0.08 0 0 0.980965 -0.0539063 0.0288864
939 -19158.6 -19170.2 11.6738 0 0 0 0 0.08 0 0 0.981054 -0.0538291 0.0288468
940 -19158.6 -19170.2 11.6309 0 0 0 0 0.08 0 0 0.981143 -0.053752 0.0288072
941 -19158.6 -19170.2 11.582 0 0 0 0 0.08 0 0 0.981231 -0.0536751 0.0287677
942 -19158.7 -19170.2 11.5332 0 0 0 0 0.08 0 0 0.981319 -0.0535982 0.0287282
943 -19158.7 -19170.2 11.4805 0 0 0 0 0.08 0 0 0.981406 -0.0535215 0.0286888
944 -19158.8 -19170.2 11.4277 0 0 0 0 0.08 0 0 0.981493 -0.0534448 0.0286493
945 -19158.9 -19170.2 11.373 0 0 0 0 0.08 0 0 0.981579 -0.0533683 0.02861
946 -19158.9 -19170.2 11.3262 0 0 0 0 0.08 0 0 0.981666 -0.0532918 0.0285707
947 -19159 -19170.2 11.2734 0 0 0 0 0.08 0 0 0.981751 -0.0532155 0.0285314
948 -19159 -19170.2 11.2188 0 0 0 0 0.08 0 0 0.981837 -0.0531393 0.0284921
949 -19159.1 -19170.2 11.1719 0 0 0 0 0.08 0 0 0.981921 -0.0530632 0.0284529
950 -19159.1 -19170.2 11.125 0 0 0 0 0.08 0 0 0.982006 -0.0529871 0.0284138
951 -19159.1 -19170.2 11.0801 0 0 0 0 0.08 0 0 0.98209 -0.0529112 0.0283746
952 -19159.2 -19170.2 11.0254 0 0 0 0 0.08 0 0 0.982173 -0.0528354 0.0283356
953 -19159.2 -19170.2 10.9824 0 0 0 0 0.08 0 0 0.982257 -0.0527597 0.0282965
954 -19159.3 -19170.2 10.9316 0 0 0 0 0.08 0 0 0.98234 -0.0526841 0.0282575
955 -19159.3 -19170.2 10.8848 0 0 0 0 0.08 0 0 0.982422 -0.0526086 0.0282186
956 -19159.4 -19170.2 10.834 0 0 0 0 0.08 0 0 0.982504 -0.0525332 0.0281797
957 -19159.4 -19170.2 10.7852 0 0 0 0 0.08 0 0 0.982586 -0.0524579 0.0281408
958 -19159.5 -19170.2 10.7422 0 0 0 0 0.08 0 0 0.982667 -0.0523827 0.028102
959 -19159.5 -19170.2 10.6934 0 0 0 0 0.08 0 0 0.982748 -0.0523076 0.0280632
960 -19159.6 -19170.2 10.6406 0 0 0 0 0.08 0 0 0.982828 -0.0522326 0.0280245
961 -19159.6 -19170.2 10.5918 0 0 0 0 0.08 0 0 0.982908 -0.0521577 0.0279858
962 -19159.7 -19170.2 10.5508 0 0 0 0 0.08 0 0 0.982988 -0.0520829 0.0279471
963 -19159.7 -19170.2 10.5098 0 0 0 0 0.08 0 0 0.983067 -0.0520083 0.0279085
964 -19159.8 -19170.2 10.4531 0 0 0 0 0.08 0 0 0.983146 -0.0519337 0.0278699
965 -19159.8 -19170.2 10.4082 0 0 0 0 0.08 0 0 0.983225 -0.0518592 0.0278314
966 -19159.9 -19170.2 10.3613 0 0 0 0 0.08 0 0 0.983303 -0.0517848 0.0277929
967 -19159.9 -19170.2 10.3008 0 0 0 0 0.08 0 0 0.98338 -0.0517105 0.0277544
968 -19160 -19170.2 10.2598 0 0 0 0 0.08 0 0 0.983458 -0.0516364 0.027716
969 -19160 -19170.2 10.2051 0 0 0 0 0.08 0 0 0.983535 -0.0515623 0.0276777
970 -19160.1 -19170.2 10.1445 0 0 0 0 0.08 0 0 0.983611 -0.0514883 0.0276394
971 -19160.1 -19170.2 10.0938 0 0 0 0 0.08 0 0 0.983688 -0.0514145 0.0276011
972 -19160.2 -19170.2 10.0508 0 0 0 0 0.08 0 0 0.983764 -0.0513407 0.0275629
973 -19160.2 -19170.2 9.98633 0 0 0 0 0.08 0 0 0.983839 -0.051267 0.0275247
974 -19160.3 -19170.2 9.92773 0 0 0 0 0.08 0 0 0.983914 -0.0511935 0.0274865
975 -19160.3 -19170.2 9.88086 0 0 0 0 0.08 0 0 0.983989 -0.05112 0.0274484
976 -19160.4 -19170.2 9.82812 0 0 0 0 0.08 0 0 0.984064 -0.0510466 0.0274103
977 -19160.4 -19170.2 9.78516 0 0 0 0 0.08 0 0 0.984138 -0.0509734 0.0273723
978 -19160.5 -19170.2 9.73047 0 0 0 0 0.08 0 0 0.984211 -0.0509002 0.0273343
979 -19160.5 -19170.2 9.67969 0 0 0 0 0.08 0 0 0.984285 -0.0508271 0.0272964
980 -19160.6 -19170.2 9.62109 0 0 0 0 0.08 0 0 0.984358 -0.0507542 0.0272585
981 -19160.7 -19170.2 9.56641 0 0 0 0 0.08 0 0 0.984431 -0.0506813 0.0272207
982 -19160.7 -19170.2 9.51562 0 0 0 0 0.08 0 0 0.984503 -0.0506086 0.0271829
983 -19160.8 -19170.2 9.46484 0 0 0 0 0.08 0 0 0.984575 -0.0505359 0.0271451
984 -19160.8 -19170.2 9.40625 0 0 0 0 0.08 0 0 0.984646 -0.0504633 0.0271074
985 -19160.9 -19170.2 9.34961 0 0 0 0 0.08 0 0 0.984718 -0.0503909 0.0270697
986 -19160.9 -19170.2 9.30078 0 0 0 0 0.08 0 0 0.984789 -0.0503185 0.0270321
987 -19161 -19170.2 9.25 0 0 0 0 0.08 0 0 0.984859 -0.0502462 0.0269945
988 -19161 -19170.2 9.19727 0 0 0 0 0.08 0 0 0.98493 -0.0501741 0.0269569
989 -19161.1 -19170.2 9.15234 0 0 0 0 0.08 0 0 0.984999 -0.050102 0.0269194
990 -19161.1 -19170.2 9.10742 0 0 0 0 0.08 0 0 0.985069 -0.05003 0.0268819
991 -19161.2 -19170.2 9.05859 0 0 0 0 0.08 0 0 0.985138 -0.0499582 0.0268445
992 -19161.2 -19170.2 9.01562 0 0 0 0 0.08 0 0 0.985207 -0.0498864 0.0268071
993 -19161.2 -19170.2 8.97852 0 0 0 0 0.08 0 0 0.985276 -0.0498147 0.0267698
994 -19161.3 -19170.2 8.93359 0 0 0 0 0.08 0 0 0.985344 -0.0497432 0.0267325
995 -19161.3 -19170.2 8.89062 0 0 0 0 0.08 0 0 0.985412 -0.0496717 0.0266952
996 -19161.4 -19170.2 8.8457 0 0 0 0 0.08 0 0 0.98548 -0.0496003 0.026658
997 -19161.4 -19170.2 8.79688 0 0 0 0 0.08 0 0 0.985547 -0.049529 0.0266209
998 -19161.5 -19170.2 8.74219 0 0 0 0 0.08 0 0 0.985614 -0.0494578 0.0265837
999 -19161.5 -19170.2 8.69141 0 0 0 0 0.08 0 0 0.98568 -0.0493868 0.0265467
1000 -19161.6 -19170.2 8.63867 0 0 0 0 0.08 0 0 0.985747 -0.0493158 0.0265096
