# Iteration Energy MinEnergy Delta temp realtemp dtheta realdtheta MagneticFieldX Y Z MagnetizationX Y Z
1 -1519.47 -46077.7 44558.2 0.01 0.0100014 0.1 0.100007 0.06 0 0 0.00226162 -0.00929231 -0.00061278
2 -2768.15 -46077.7 43309.6 0.01 0.00999849 0.1 0.0999924 0.06 0 0 0.00393345 -0.0111871 -0.000434823
3 -3918.28 -46077.7 42159.4 0.01 0.0100053 0.1 0.100026 0.06 0 0 0.00471581 -0.0122609 5.43637e-05
4 -4986.55 -46077.7 41091.2 0.01 0.00999551 0.1 0.0999776 0.06 0 0 0.00551707 -0.0143797 -0.000663053
5 -6019.81 -46077.7 40057.9 0.01 0.00999531 0.1 0.0999766 0.06 0 0 0.00776652 -0.015669 -0.000357059
6 -7005.57 -46077.7 39072.1 0.01 0.00999827 0.1 0.0999913 0.06 0 0 0.00955358 -0.0176913 0.000199892
7 -7970.72 -46077.7 38107 0.01 0.00999644 0.1 0.0999822 0.06 0 0 0.010647 -0.0196749 0.000275491
8 -8919.23 -46077.7 37158.5 0.01 0.00999155 0.1 0.0999577 0.06 0 0 0.0117983 -0.0209202 -0.000179588
9 -9857.93 -46077.7 36219.8 0.01 0.010008 0.1 0.10004 0.06 0 0 0.0134334 -0.0242346 -0.00145782
10 -10780.1 -46077.7 35297.6 0.01 0.00999999 0.1 0.0999999 0.06 0 0 0.0152761 -0.0263454 -0.00105724
11 -11687.7 -46077.7 34390 0.01 0.010003 0.1 0.100015 0.06 0 0 0.0167226 -0.0288606 -0.00165852
12 -12600.6 -46077.7 33477.1 0.01 0.00999713 0.1 0.0999857 0.06 0 0 0.0179387 -0.030365 -0.00257919
13 -13515.1 -46077.7 32562.7 0.01 0.00999761 0.1 0.099988 0.06 0 0 0.0192737 -0.0326123 -0.00268348
14 -14425.5 -46077.7 31652.2 0.01 0.00999735 0.1 0.0999868 0.06 0 0 0.0214057 -0.0342 -0.00200224
15 -15354.2 -46077.7 30723.5 0.01 0.0100048 0.1 0.100024 0.06 0 0 0.0228548 -0.0371618 -0.00151279
16 -16289.3 -46077.7 29788.4 0.01 0.0100004 0.1 0.100002 0.06 0 0 0.0260441 -0.0394032 -0.00194563
17 -17206.3 -46077.7 28871.5 0.01 0.00999654 0.1 0.0999827 0.06 0 0 0.0278502 -0.0408951 -0.00226467
18 -18104 -46077.7 27973.7 0.01 0.00999751 0.1 0.0999876 0.06 0 0 0.0296448 -0.0440275 -0.00204158
19 -18978.2 -46077.7 27099.5 0.01 0.00999779 0.1 0.0999889 0.06 0 0 0.0315966 -0.0466458 -0.00215051
20 -19868.9 -46077.7 26208.8 0.01 0.00999642 0.1 0.0999821 0.06 0 0 0.0328658 -0.0487117 -0.00144639
21 -20691.2 -46077.7 25386.6 0.01 0.0100012 0.1 0.100006 0.06 0 0 0.0346725 -0.0518391 -0.00197187
22 -21526.7 -46077.7 24551 0.01 0.00999406 0.1 0.0999703 0.06 0 0 0.0365341 -0.0546878 -0.00166882
23 -22295.6 -46077.7 23782.1 0.01 0.00999646 0.1 0.0999823 0.06 0 0 0.0382857 -0.0573305 -0.000609696
24 -23070.4 -46077.7 23007.3 0.01 0.00999357 0.1 0.0999679 0.06 0 0 0.0403562 -0.0597123 0.000815758
25 -23814.5 -46077.7 22263.2 0.01 0.0100047 0.1 0.100024 0.06 0 0 0.0416163 -0.0612114 0.000635088
26 -24545.3 -46077.7 21532.4 0.01 0.00999958 0.1 0.0999979 0.06 0 0 0.0447365 -0.0645173 0.00222261
27 -25217.9 -46077.7 20859.8 0.01 0.00999422 0.1 0.0999711 0.06 0 0 0.0463796 -0.0667878 0.00295333
28 -25856.1 -46077.7 20221.6 0.01 0.00999782 0.1 0.0999891 0.06 0 0 0.0479779 -0.0686402 0.00365045
29 -26494.6 -46077.7 19583.1 0.01 0.00999545 0.1 0.0999773 0.06 0 0 0.0504209 -0.0709184 0.00382555
30 -27068.3 -46077.7 19009.4 0.01 0.00999468 0.1 0.0999734 0.06 0 0 0.0529897 -0.073429 0.00358707
31 -27608.2 -46077.7 18469.5 0.01 0.00999514 0.1 0.0999757 0.06 0 0 0.0552221 -0.0745581 0.00431228
32 -28154.7 -46077.7 17923 0.01 0.0100041 0.1 0.100021 0.06 0 0 0.0566425 -0.0760625 0.00367313
33 -28662.1 -46077.7 17415.6 0.01 0.0100008 0.1 0.100004 0.06 0 0 0.0579828 -0.0786699 0.00306788
34 -29129.2 -46077.7 16948.5 0.01 0.00999113 0.1 0.0999556 0.06 0 0 0.0603125 -0.0799711 0.00295508
35 -29531.7 -46077.7 16546 0.01 0.0100052 0.1 0.100026 0.06 0 0 0.0625023 -0.0802944 0.00272444
36 -29922.7 -46077.7 16155.1 0.01 0.00999745 0.1 0.0999872 0.06 0 0 0.0642902 -0.0818568 0.00195914
37 -30342.1 -46077.7 15735.6 0.01 0.00999532 0.1 0.0999766 0.06 0 0 0.0661967 -0.0840355 0.00222744
38 -30735.5 -46077.7 15342.2 0.01 0.0100029 0.1 0.100015 0.06 0 0 0.0681442 -0.0855692 0.00252442
39 -31107.2 -46077.7 14970.5 0.01 0.010007 0.1 0.100035 0.06 0 0 0.0695916 -0.0879035 0.0020813
40 -31476.9 -46077.7 14600.8 0.01 0.0100031 0.1 0.100016 0.06 0 0 0.0721602 -0.0898513 0.00176862
41 -31817 -46077.7 14260.7 0.01 0.00999545 0.1 0.0999773 0.06 0 0 0.0737499 -0.0909496 0.00154753
42 -32139.7 -46077.7 13938 0.01 0.00999266 0.1 0.0999633 0.06 0 0 0.0752407 -0.0931768 0.00170671
43 -32439.7 -46077.7 13638 0.01 0.00999269 0.1 0.0999634 0.06 0 0 0.0773774 -0.0957833 0.00255985
44 -32705.1 -46077.7 13372.6 0.01 0.0100028 0.1 0.100014 0.06 0 0 0.0802051 -0.0979075 0.00236208
45 -32977.1 -46077.7 13100.6 0.01 0.00999747 0.1 0.0999873 0.06 0 0 0.0821649 -0.100078 0.00252825
46 -33227.3 -46077.7 12850.4 0.01 0.0100005 0.1 0.100003 0.06 0 0 0.0846548 -0.101461 0.00246306
47 -33474 -46077.7 12603.7 0.01 0.0100118 0.1 0.100059 0.06 0 0 0.086622 -0.102713 0.00221675
48 -33714.5 -46077.7 12363.2 0.01 0.0100003 0.1 0.100002 0.06 0 0 0.0886587 -0.104263 0.00149876
49 -33934.1 -46077.7 12143.6 0.01 0.00999602 0.1 0.0999801 0.06 0 0 0.0906794 -0.106148 0.000866391
50 -34150.2 -46077.7 11927.5 0.01 0.010003 0.1 0.100015 0.06 0 0 0.0930425 -0.107591 0.000122745
51 -34344.4 -46077.7 11733.4 0.01 0.00999952 0.1 0.0999976 0.06 0 0 0.0950519 -0.109937 -0.000799437
52 -34524.4 -46077.7 11553.3 0.01 0.0100006 0.1 0.100003 0.06 0 0 0.0967016 -0.11136 -0.00181921
53 -34691.7 -46077.7 11386 0.01 0.0100015 0.1 0.100007 0.06 0 0 0.0991712 -0.112867 -0.0021419
54 -34870.8 -46077.7 11206.9 0.01 0.00999883 0.1 0.0999941 0.06 0 0 0.101202 -0.115359 -0.00205609
55 -35041.8 -46077.7 11035.9 0.01 0.0100001 0.1 0.1 0.06 0 0 0.102982 -0.116659 -0.00123208
56 -35197.3 -46077.7 10880.4 0.01 0.010006 0.1 0.10003 0.06 0 0 0.104026 -0.117637 0.00023134
57 -35349.8 -46077.7 10727.9 0.01 0.00999721 0.1 0.099986 0.06 0 0 0.10673 -0.119324 -0.000831739
58 -35503.9 -46077.7 10573.8 0.01 0.00999471 0.1 0.0999735 0.06 0 0 0.108754 -0.121104 -0.00124797
59 -35636.9 -46077.7 10440.9 0.01 0.010007 0.1 0.100035 0.06 0 0 0.109789 -0.122891 -0.00168284
60 -35766.2 -46077.7 10311.5 0.01 0.00999535 0.1 0.0999768 0.06 0 0 0.111597 -0.124637 -0.00165962
61 -35901.5 -46077.7 10176.2 0.01 0.00999798 0.1 0.0999899 0.06 0 0 0.112355 -0.125876 -0.00301443
62 -36020.1 -46077.7 10057.6 0.01 0.0100023 0.1 0.100011 0.06 0 0 0.113937 -0.126218 -0.00369129
63 -36140.2 -46077.7 9937.54 0.01 0.00999903 0.1 0.0999951 0.06 0 0 0.115026 -0.126833 -0.00280135
64 -36274.2 -46077.7 9803.48 0.01 0.00999745 0.1 0.0999873 0.06 0 0 0.117075 -0.127528 -0.00400591
65 -36384.1 -46077.7 9693.61 0.01 0.0100029 0.1 0.100014 0.06 0 0 0.119022 -0.128699 -0.00357996
66 -36498.8 -46077.7 9578.92 0.01 0.0100039 0.1 0.100019 0.06 0 0 0.120322 -0.130478 -0.0026371
67 -36604.1 -46077.7 9473.61 0.01 0.0100046 0.1 0.100023 0.06 0 0 0.122186 -0.132094 -0.00238366
68 -36725.9 -46077.7 9351.83 0.01 0.00999908 0.1 0.0999954 0.06 0 0 0.123322 -0.133508 -0.00371521
69 -36846.3 -46077.7 9231.4 0.01 0.00999748 0.1 0.0999874 0.06 0 0 0.124758 -0.135252 -0.00441633
70 -36932 -46077.7 9145.74 0.01 0.0100005 0.1 0.100003 0.06 0 0 0.12631 -0.135891 -0.00543224
71 -37033.5 -46077.7 9044.17 0.01 0.0100035 0.1 0.100018 0.06 0 0 0.127417 -0.136354 -0.00630799
72 -37144.9 -46077.7 8932.76 0.01 0.0100031 0.1 0.100016 0.06 0 0 0.131176 -0.136701 -0.00598828
73 -37212.2 -46077.7 8865.5 0.01 0.0100025 0.1 0.100012 0.06 0 0 0.132856 -0.138085 -0.00509088
74 -37309.3 -46077.7 8768.43 0.01 0.00999882 0.1 0.0999941 0.06 0 0 0.134872 -0.139772 -0.00529558
75 -37407.3 -46077.7 8670.45 0.01 0.01 0.1 0.1 0.06 0 0 0.135295 -0.140761 -0.00667394
76 -37498.1 -46077.7 8579.65 0.01 0.0100074 0.1 0.100037 0.06 0 0 0.135907 -0.141858 -0.00665885
77 -37582.2 -46077.7 8495.48 0.01 0.00999209 0.1 0.0999604 0.06 0 0 0.136894 -0.143695 -0.00582128
78 -37657 -46077.7 8420.7 0.01 0.0100023 0.1 0.100011 0.06 0 0 0.137619 -0.145419 -0.00544868
79 -37730.4 -46077.7 8347.3 0.01 0.0100036 0.1 0.100018 0.06 0 0 0.138639 -0.147439 -0.00602295
80 -37782.8 -46077.7 8294.88 0.01 0.00999942 0.1 0.0999971 0.06 0 0 0.138285 -0.148156 -0.00671427
81 -37874.8 -46077.7 8202.95 0.01 0.0100024 0.1 0.100012 0.06 0 0 0.138797 -0.14823 -0.00796821
82 -37952.9 -46077.7 8124.78 0.01 0.00999437 0.1 0.0999719 0.06 0 0 0.140264 -0.149365 -0.00711713
83 -38012.4 -46077.7 8065.27 0.01 0.0100036 0.1 0.100018 0.06 0 0 0.142329 -0.149932 -0.00700565
84 -38096.9 -46077.7 7980.79 0.01 0.0100093 0.1 0.100046 0.06 0 0 0.143607 -0.151732 -0.00705326
85 -38158.2 -46077.7 7919.51 0.01 0.00999475 0.1 0.0999738 0.06 0 0 0.145876 -0.152791 -0.00718488
86 -38237.1 -46077.7 7840.63 0.01 0.0100028 0.1 0.100014 0.06 0 0 0.147579 -0.1533 -0.00670923
87 -38322.5 -46077.7 7755.21 0.01 0.0100011 0.1 0.100005 0.06 0 0 0.149233 -0.154244 -0.00701228
88 -38376.4 -46077.7 7701.31 0.01 0.00999845 0.1 0.0999922 0.06 0 0 0.15154 -0.154368 -0.00676292
89 -38456.1 -46077.7 7621.65 0.01 0.00999695 0.1 0.0999847 0.06 0 0 0.153409 -0.155505 -0.00781228
90 -38519.4 -46077.7 7558.32 0.01 0.00999854 0.1 0.0999927 0.06 0 0 0.155041 -0.155858 -0.00847417
91 -38580.4 -46077.7 7497.35 0.01 0.00999583 0.1 0.0999792 0.06 0 0 0.156653 -0.156212 -0.00944825
92 -38646.2 -46077.7 7431.55 0.01 0.0100001 0.1 0.1 0.06 0 0 0.157953 -0.157518 -0.00915948
93 -38710.2 -46077.7 7367.49 0.01 0.0100044 0.1 0.100022 0.06 0 0 0.16055 -0.158691 -0.00961867
94 -38764.8 -46077.7 7312.87 0.01 0.0100018 0.1 0.100009 0.06 0 0 0.16257 -0.15879 -0.00900797
95 -38828.2 -46077.7 7249.48 0.01 0.0100058 0.1 0.100029 0.06 0 0 0.16439 -0.160496 -0.00928308
96 -38887 -46077.7 7190.72 0.01 0.00999905 0.1 0.0999953 0.06 0 0 0.165019 -0.160971 -0.00925019
97 -38944.9 -46077.7 7132.84 0.01 0.00999697 0.1 0.0999848 0.06 0 0 0.166161 -0.162044 -0.0102477
98 -38976.3 -46077.7 7101.37 0.01 0.00999048 0.1 0.0999524 0.06 0 0 0.166833 -0.163712 -0.0101261
99 -39027 -46077.7 7050.68 0.01 0.00999005 0.1 0.0999502 0.06 0 0 0.167065 -0.165416 -0.00976656
100 -39060.7 -46077.7 7016.98 0.01 0.0100044 0.1 0.100022 0.06 0 0 0.16887 -0.166651 -0.010056
101 -39102.5 -46077.7 6975.23 0.01 0.0100088 0.1 0.100044 0.06 0 0 0.170735 -0.166771 -0.0104773
102 -39160.1 -46077.7 6917.64 0.01 0.0100057 0.1 0.100028 0.06 0 0 0.171505 -0.167962 -0.0100772
103 -39225.4 -46077.7 6852.29 0.01 0.0100028 0.1 0.100014 0.06 0 0 0.172521 -0.169676 -0.00974543
104 -39249 -46077.7 6828.66 0.01 0.00999496 0.1 0.0999748 0.06 0 0 0.173823 -0.170298 -0.0105188
105 -39299.6 -46077.7 6778.1 0.01 0.0100035 0.1 0.100017 0.06 0 0 0.176359 -0.171585 -0.0114598
106 -39366.6 -46077.7 6711.11 0.01 0.00999806 0.1 0.0999903 0.06 0 0 0.177759 -0.173484 -0.010846
107 -39406.6 -46077.7 6671.12 0.01 0.0099967 0.1 0.0999835 0.06 0 0 0.17959 -0.173477 -0.0108682
108 -39456.5 -46077.7 6621.18 0.01 0.0100014 0.1 0.100007 0.06 0 0 0.181646 -0.173471 -0.0115539
109 -39505.1 -46077.7 6572.57 0.01 0.00999491 0.1 0.0999745 0.06 0 0 0.182298 -0.173943 -0.0121296
110 -39555.4 -46077.7 6522.26 0.01 0.0100044 0.1 0.100022 0.06 0 0 0.184252 -0.174184 -0.0131268
111 -39614.4 -46077.7 6463.33 0.01 0.00999824 0.1 0.0999912 0.06 0 0 0.184852 -0.175405 -0.0127965
112 -39671.5 -46077.7 6406.2 0.01 0.00999616 0.1 0.0999808 0.06 0 0 0.186295 -0.175982 -0.0127688
113 -39723.4 -46077.7 6354.26 0.01 0.00999586 0.1 0.0999793 0.06 0 0 0.187726 -0.177113 -0.0131538
114 -39764.2 -46077.7 6313.5 0.01 0.0100003 0.1 0.100001 0.06 0 0 0.189489 -0.178076 -0.0122622
115 -39784.9 -46077.7 6292.81 0.01 0.00999753 0.1 0.0999877 0.06 0 0 0.191385 -0.178554 -0.0126908
116 -39833.2 -46077.7 6244.47 0.01 0.00999668 0.1 0.0999834 0.06 0 0 0.192403 -0.179527 -0.0122505
117 -39873.5 -46077.7 6204.18 0.01 0.00999202 0.1 0.0999601 0.06 0 0 0.194072 -0.180214 -0.0121242
118 -39902.6 -46077.7 6175.09 0.01 0.0100001 0.1 0.1 0.06 0 0 0.195505 -0.180425 -0.0123142
119 -39950.8 -46077.7 6126.86 0.01 0.0100067 0.1 0.100034 0.06 0 0 0.19675 -0.181689 -0.0128635
120 -39998.2 -46077.7 6079.48 0.01 0.00999663 0.1 0.0999832 0.06 0 0 0.198088 -0.182092 -0.0119296
121 -40011.1 -46077.7 6066.62 0.01 0.00999367 0.1 0.0999684 0.06 0 0 0.198876 -0.182072 -0.0126252
122 -40033.8 -46077.7 6043.89 0.01 0.0099963 0.1 0.0999815 0.06 0 0 0.199954 -0.182281 -0.0122844
123 -40086.5 -46077.7 5991.2 0.01 0.00999895 0.1 0.0999947 0.06 0 0 0.201207 -0.18364 -0.0131111
124 -40135.5 -46077.7 5942.22 0.01 0.00999282 0.1 0.0999641 0.06 0 0 0.2025 -0.184509 -0.0134231
125 -40175.3 -46077.7 5902.42 0.01 0.00999841 0.1 0.0999921 0.06 0 0 0.203658 -0.185363 -0.0138944
126 -40229.4 -46077.7 5848.32 0.01 0.00999895 0.1 0.0999948 0.06 0 0 0.205968 -0.185855 -0.0143263
127 -40271.3 -46077.7 5806.37 0.01 0.00999363 0.1 0.0999682 0.06 0 0 0.206977 -0.186541 -0.0143486
128 -40307.4 -46077.7 5770.32 0.01 0.00999503 0.1 0.0999751 0.06 0 0 0.208898 -0.188235 -0.0145368
129 -40336.2 -46077.7 5741.48 0.01 0.0100047 0.1 0.100023 0.06 0 0 0.210857 -0.189212 -0.0157604
130 -40372 -46077.7 5705.73 0.01 0.00999758 0.1 0.0999879 0.06 0 0 0.21167 -0.19017 -0.0167711
131 -40406.3 -46077.7 5671.4 0.01 0.010006 0.1 0.10003 0.06 0 0 0.213874 -0.190954 -0.0172217
132 -40421.9 -46077.7 5655.8 0.01 0.00999966 0.1 0.0999983 0.06 0 0 0.214797 -0.19198 -0.0175037
133 -40455.2 -46077.7 5622.53 0.01 0.01 0.1 0.1 0.06 0 0 0.21679 -0.192984 -0.0172475
134 -40490.6 -46077.7 5587.06 0.01 0.00999506 0.1 0.0999753 0.06 0 0 0.21814 -0.194226 -0.0177548
135 -40512.4 -46077.7 5565.27 0.01 0.00999941 0.1 0.0999971 0.06 0 0 0.219651 -0.195637 -0.0191334
136 -40539.6 -46077.7 5538.13 0.01 0.00999693 0.1 0.0999846 0.06 0 0 0.220385 -0.197548 -0.0205429
137 -40573 -46077.7 5504.75 0.01 0.0100049 0.1 0.100024 0.06 0 0 0.220819 -0.198248 -0.0206269
138 -40615.6 -46077.7 5462.13 0.01 0.00999617 0.1 0.0999808 0.06 0 0 0.222676 -0.19966 -0.0214757
139 -40658 -46077.7 5419.71 0.01 0.00999958 0.1 0.0999979 0.06 0 0 0.223956 -0.200372 -0.0216909
140 -40673.4 -46077.7 5404.32 0.01 0.0100074 0.1 0.100037 0.06 0 0 0.225469 -0.201828 -0.02145
141 -40704.4 -46077.7 5373.3 0.01 0.0100045 0.1 0.100023 0.06 0 0 0.22701 -0.202731 -0.0214747
142 -40726.4 -46077.7 5351.3 0.01 0.0100066 0.1 0.100033 0.06 0 0 0.22806 -0.20401 -0.0213407
143 -40745.3 -46077.7 5332.39 0.01 0.0100086 0.1 0.100043 0.06 0 0 0.229658 -0.204901 -0.0206562
144 -40781 -46077.7 5296.73 0.01 0.0100039 0.1 0.100019 0.06 0 0 0.230442 -0.205261 -0.0208506
145 -40783.3 -46077.7 5294.43 0.01 0.00999879 0.1 0.099994 0.06 0 0 0.231764 -0.206042 -0.0200048
146 -40816.2 -46077.7 5261.48 0.01 0.00999965 0.1 0.0999982 0.06 0 0 0.233335 -0.206981 -0.0205629
147 -40863.4 -46077.7 5214.29 0.01 0.0100025 0.1 0.100012 0.06 0 0 0.233955 -0.208288 -0.0208718
148 -40881 -46077.7 5196.75 0.01 0.0100068 0.1 0.100034 0.06 0 0 0.234824 -0.209071 -0.0217421
149 -40911.8 -46077.7 5165.95 0.01 0.0100048 0.1 0.100024 0.06 0 0 0.235556 -0.210469 -0.0212077
150 -40930.7 -46077.7 5147 0.01 0.00999293 0.1 0.0999647 0.06 0 0 0.237426 -0.211549 -0.0227726
151 -40953.5 -46077.7 5124.22 0.01 0.00999667 0.1 0.0999834 0.06 0 0 0.238841 -0.211193 -0.0216603
152 -40979.9 -46077.7 5097.8 0.01 0.0100003 0.1 0.100002 0.06 0 0 0.238849 -0.211552 -0.0212446
153 -40997.2 -46077.7 5080.49 0.01 0.0100032 0.1 0.100016 0.06 0 0 0.240848 -0.21241 -0.0217876
154 -41019.3 -46077.7 5058.39 0.01 0.00999588 0.1 0.0999794 0.06 0 0 0.242598 -0.211637 -0.0212141
155 -41043.5 -46077.7 5034.19 0.01 0.00999126 0.1 0.0999563 0.06 0 0 0.243146 -0.21361 -0.0201329
156 -41057.5 -46077.7 5020.25 0.01 0.00999739 0.1 0.0999869 0.06 0 0 0.244067 -0.214657 -0.0218206
157 -41071.7 -46077.7 5006 0.01 0.0100056 0.1 0.100028 0.06 0 0 0.24615 -0.215355 -0.0216362
158 -41077.5 -46077.7 5000.2 0.01 0.0100001 0.1 0.100001 0.06 0 0 0.247559 -0.216279 -0.0212366
159 -41088.8 -46077.7 4988.91 0.01 0.0100044 0.1 0.100022 0.06 0 0 0.248564 -0.217234 -0.0216297
160 -41093.8 -46077.7 4983.93 0.01 0.00999735 0.1 0.0999867 0.06 0 0 0.249475 -0.217982 -0.0214691
161 -41111.5 -46077.7 4966.25 0.01 0.0100052 0.1 0.100026 0.06 0 0 0.249873 -0.218706 -0.0221543
162 -41150.6 -46077.7 4927.08 0.01 0.00999622 0.1 0.0999811 0.06 0 0 0.251288 -0.219699 -0.0241746
163 -41179 -46077.7 4898.67 0.01 0.00999549 0.1 0.0999774 0.06 0 0 0.253193 -0.221592 -0.0240845
164 -41212.2 -46077.7 4865.53 0.01 0.00999376 0.1 0.0999688 0.06 0 0 0.254513 -0.22152 -0.0242528
165 -41234.1 -46077.7 4843.63 0.01 0.0100006 0.1 0.100003 0.06 0 0 0.254694 -0.221708 -0.0242302
166 -41237.6 -46077.7 4840.14 0.01 0.0100041 0.1 0.10002 0.06 0 0 0.255828 -0.221401 -0.0247906
167 -41248.3 -46077.7 4829.4 0.01 0.00999836 0.1 0.0999918 0.06 0 0 0.256608 -0.221424 -0.02515
168 -41245.1 -46077.7 4832.62 0.01 0.00999196 0.1 0.0999598 0.06 0 0 0.257885 -0.221053 -0.0247058
169 -41268.6 -46077.7 4809.12 0.01 0.0100002 0.1 0.100001 0.06 0 0 0.258233 -0.221896 -0.0233635
170 -41268.4 -46077.7 4809.26 0.01 0.00999596 0.1 0.0999798 0.06 0 0 0.259124 -0.222016 -0.0235447
171 -41292.2 -46077.7 4785.49 0.01 0.00999439 0.1 0.0999719 0.06 0 0 0.26067 -0.222036 -0.0238466
172 -41315.9 -46077.7 4761.8 0.01 0.0100012 0.1 0.100006 0.06 0 0 0.26236 -0.223069 -0.0259251
173 -41353.1 -46077.7 4724.59 0.01 0.00999815 0.1 0.0999907 0.06 0 0 0.263087 -0.223981 -0.0267429
174 -41355.3 -46077.7 4722.44 0.01 0.0100055 0.1 0.100027 0.06 0 0 0.263541 -0.224891 -0.0271456
175 -41396.9 -46077.7 4680.84 0.01 0.01 0.1 0.1 0.06 0 0 0.264371 -0.225291 -0.0267831
176 -41424.9 -46077.7 4652.86 0.01 0.0100036 0.1 0.100018 0.06 0 0 0.265851 -0.225752 -0.0265762
177 -41422.2 -46077.7 4655.46 0.01 0.00999935 0.1 0.0999968 0.06 0 0 0.267185 -0.226066 -0.026375
178 -41439 -46077.7 4638.73 0.01 0.00999859 0.1 0.099993 0.06 0 0 0.267724 -0.226279 -0.0263542
179 -41471.1 -46077.7 4606.61 0.01 0.0100071 0.1 0.100035 0.06 0 0 0.269153 -0.228504 -0.0268511
180 -41486.2 -46077.7 4591.53 0.01 0.00999577 0.1 0.0999788 0.06 0 0 0.269958 -0.228868 -0.0276512
181 -41503 -46077.7 4574.68 0.01 0.0099969 0.1 0.0999845 0.06 0 0 0.270798 -0.230336 -0.0271038
182 -41513.9 -46077.7 4563.77 0.01 0.0100049 0.1 0.100024 0.06 0 0 0.271974 -0.23006 -0.0285442
183 -41506.9 -46077.7 4570.79 0.01 0.00999889 0.1 0.0999944 0.06 0 0 0.272862 -0.230533 -0.0288702
184 -41537.8 -46077.7 4539.88 0.01 0.0100032 0.1 0.100016 0.06 0 0 0.273998 -0.231254 -0.0291907
185 -41551 -46077.7 4526.73 0.01 0.00999587 0.1 0.0999793 0.06 0 0 0.275758 -0.232996 -0.0296779
186 -41578 -46077.7 4499.71 0.01 0.0100065 0.1 0.100033 0.06 0 0 0.276962 -0.232999 -0.030638
187 -41578 -46077.7 4499.68 0.01 0.0100055 0.1 0.100028 0.06 0 0 0.278335 -0.234603 -0.0311398
188 -41591.1 -46077.7 4486.59 0.01 0.0100051 0.1 0.100025 0.06 0 0 0.278026 -0.235274 -0.030778
189 -41619.5 -46077.7 4458.2 0.01 0.0100061 0.1 0.10003 0.06 0 0 0.279041 -0.235641 -0.0312384
190 -41630.5 -46077.7 4447.17 0.01 0.00999886 0.1 0.0999943 0.06 0 0 0.279505 -0.236223 -0.0321584
191 -41634.1 -46077.7 4443.65 0.01 0.00999708 0.1 0.0999854 0.06 0 0 0.279687 -0.236784 -0.0326071
192 -41659.8 -46077.7 4417.88 0.01 0.0100062 0.1 0.100031 0.06 0 0 0.281188 -0.236718 -0.0322231
193 -41682.2 -46077.7 4395.52 0.01 0.0100034 0.1 0.100017 0.06 0 0 0.281243 -0.23715 -0.0307783
194 -41712.3 -46077.7 4365.4 0.01 0.0100031 0.1 0.100016 0.06 0 0 0.282319 -0.237528 -0.03038
195 -41723.8 -46077.7 4353.95 0.01 0.00999662 0.1 0.0999831 0.06 0 0 0.283665 -0.238774 -0.0305019
196 -41733.2 -46077.7 4344.53 0.01 0.00999459 0.1 0.0999729 0.06 0 0 0.284233 -0.239339 -0.0302036
197 -41762 -46077.7 4315.72 0.01 0.0100007 0.1 0.100004 0.06 0 0 0.285748 -0.240714 -0.0302314
198 -41792.2 -46077.7 4285.54 0.01 0.00999929 0.1 0.0999964 0.06 0 0 0.287151 -0.242337 -0.0313582
199 -41797.5 -46077.7 4280.23 0.01 0.0100014 0.1 0.100007 0.06 0 0 0.288571 -0.242291 -0.0319317
200 -41810.3 -46077.7 4267.41 0.01 0.00999963 0.1 0.0999981 0.06 0 0 0.289984 -0.242817 -0.0329339
201 -41821.3 -46077.7 4256.36 0.01 0.00999656 0.1 0.0999828 0.06 0 0 0.290607 -0.242793 -0.0325349
202 -41830.1 -46077.7 4247.57 0.01 0.0100011 0.1 0.100005 0.06 0 0 0.292815 -0.243291 -0.0314322
203 -41832.8 -46077.7 4244.87 0.01 0.0100043 0.1 0.100022 0.06 0 0 0.293006 -0.243779 -0.0305852
204 -41859.7 -46077.7 4218.02 0.01 0.00999351 0.1 0.0999675 0.06 0 0 0.293666 -0.245147 -0.0301874
205 -41880.5 -46077.7 4197.2 0.01 0.0100003 0.1 0.100001 0.06 0 0 0.295091 -0.246372 -0.0305845
206 -41893.6 -46077.7 4184.14 0.01 0.00999813 0.1 0.0999907 0.06 0 0 0.296425 -0.247443 -0.031872
207 -41906.1 -46077.7 4171.6 0.01 0.0100037 0.1 0.100018 0.06 0 0 0.29746 -0.248609 -0.0335405
208 -41933.3 -46077.7 4144.45 0.01 0.0100024 0.1 0.100012 0.06 0 0 0.298554 -0.24969 -0.0314055
209 -41931.9 -46077.7 4145.8 0.01 0.0100053 0.1 0.100026 0.06 0 0 0.298757 -0.250275 -0.0323106
210 -41941.8 -46077.7 4135.9 0.01 0.0100042 0.1 0.100021 0.06 0 0 0.300608 -0.250086 -0.0338106
211 -41976.4 -46077.7 4101.34 0.01 0.0099943 0.1 0.0999715 0.06 0 0 0.301434 -0.250975 -0.0337351
212 -41992.2 -46077.7 4085.55 0.01 0.00999818 0.1 0.0999909 0.06 0 0 0.30285 -0.251811 -0.0339685
213 -42020.2 -46077.7 4057.55 0.01 0.0100087 0.1 0.100043 0.06 0 0 0.304286 -0.251902 -0.0354593
214 -42027.4 -46077.7 4050.29 0.01 0.0100026 0.1 0.100013 0.06 0 0 0.305182 -0.253282 -0.0356757
215 -42043.6 -46077.7 4034.16 0.01 0.0100065 0.1 0.100033 0.06 0 0 0.30651 -0.253473 -0.035115
216 -42056.9 -46077.7 4020.86 0.01 0.0100069 0.1 0.100035 0.06 0 0 0.308073 -0.253275 -0.0352065
217 -42056.9 -46077.7 4020.8 0.01 0.0100025 0.1 0.100012 0.06 0 0 0.309501 -0.253102 -0.0347166
218 -42056.8 -46077.7 4020.92 0.01 0.0100046 0.1 0.100023 0.06 0 0 0.310023 -0.253217 -0.0356284
219 -42089.7 -46077.7 3988.03 0.01 0.00999756 0.1 0.0999878 0.06 0 0 0.310783 -0.253921 -0.0369463
220 -42089.6 -46077.7 3988.07 0.01 0.00999783 0.1 0.0999892 0.06 0 0 0.311267 -0.255825 -0.036922
221 -42091.3 -46077.7 3986.4 0.01 0.00999645 0.1 0.0999823 0.06 0 0 0.311945 -0.255931 -0.0376842
222 -42099.5 -46077.7 3978.26 0.01 0.00999952 0.1 0.0999976 0.06 0 0 0.313843 -0.256424 -0.0372752
223 -42112.2 -46077.7 3965.48 0.01 0.00999727 0.1 0.0999864 0.06 0 0 0.314756 -0.256582 -0.0372497
224 -42124 -46077.7 3953.73 0.01 0.00999853 0.1 0.0999926 0.06 0 0 0.315728 -0.257601 -0.037184
225 -42110.1 -46077.7 3967.64 0.01 0.0100062 0.1 0.100031 0.06 0 0 0.316396 -0.258187 -0.0385178
226 -42108.1 -46077.7 3969.59 0.01 0.00999897 0.1 0.0999949 0.06 0 0 0.31811 -0.257235 -0.0389176
227 -42125.4 -46077.7 3952.34 0.01 0.0100028 0.1 0.100014 0.06 0 0 0.319304 -0.257777 -0.0400763
228 -42159.3 -46077.7 3918.43 0.01 0.00999382 0.1 0.0999691 0.06 0 0 0.321105 -0.257925 -0.0397528
229 -42184 -46077.7 3893.68 0.01 0.00999322 0.1 0.0999661 0.06 0 0 0.322396 -0.257793 -0.0388368
230 -42188.8 -46077.7 3888.89 0.01 0.0100008 0.1 0.100004 0.06 0 0 0.322248 -0.258322 -0.0382478
231 -42183.5 -46077.7 3894.24 0.01 0.0100065 0.1 0.100033 0.06 0 0 0.324014 -0.258411 -0.0374712
232 -42210.6 -46077.7 3867.06 0.01 0.0100028 0.1 0.100014 0.06 0 0 0.324997 -0.260221 -0.0378376
233 -42216.9 -46077.7 3860.85 0.01 0.0100016 0.1 0.100008 0.06 0 0 0.326197 -0.261018 -0.0383285
234 -42205.4 -46077.7 3872.34 0.01 0.00999889 0.1 0.0999945 0.06 0 0 0.326639 -0.260039 -0.038609
235 -42220.5 -46077.7 3857.23 0.01 0.00999865 0.1 0.0999933 0.06 0 0 0.327556 -0.260434 -0.0374231
236 -42232.9 -46077.7 3844.77 0.01 0.00999359 0.1 0.0999679 0.06 0 0 0.328054 -0.26079 -0.0377043
237 -42249.8 -46077.7 3827.95 0.01 0.00999819 0.1 0.099991 0.06 0 0 0.329596 -0.261686 -0.0383386
238 -42255.9 -46077.7 3821.78 0.01 0.00999573 0.1 0.0999786 0.06 0 0 0.33018 -0.263501 -0.0377214
239 -42243.7 -46077.7 3833.97 0.01 0.00999538 0.1 0.0999769 0.06 0 0 0.330772 -0.263841 -0.0375663
240 -42287.8 -46077.7 3789.89 0.01 0.00999208 0.1 0.0999604 0.06 0 0 0.331863 -0.264096 -0.0385529
241 -42299.5 -46077.7 3778.2 0.01 0.00999492 0.1 0.0999746 0.06 0 0 0.332695 -0.264182 -0.0392048
242 -42317.8 -46077.7 3759.92 0.01 0.00999645 0.1 0.0999822 0.06 0 0 0.3344 -0.265754 -0.0397999
243 -42339.1 -46077.7 3738.58 0.01 0.0100026 0.1 0.100013 0.06 0 0 0.334825 -0.265611 -0.0389328
244 -42370.6 -46077.7 3707.07 0.01 0.010002 0.1 0.10001 0.06 0 0 0.334823 -0.266974 -0.0400394
245 -42400 -46077.7 3677.7 0.01 0.0100102 0.1 0.100051 0.06 0 0 0.336826 -0.268455 -0.0403364
246 -42397.6 -46077.7 3680.09 0.01 0.00999547 0.1 0.0999773 0.06 0 0 0.338509 -0.269068 -0.0405389
247 -42405.3 -46077.7 3672.42 0.01 0.00999433 0.1 0.0999716 0.06 0 0 0.340033 -0.268452 -0.0411196
248 -42400 -46077.7 3677.74 0.01 0.0099986 0.1 0.099993 0.06 0 0 0.340399 -0.269668 -0.0408307
249 -42415.8 -46077.7 3661.94 0.01 0.0100022 0.1 0.100011 0.06 0 0 0.342158 -0.269744 -0.0401437
250 -42439.1 -46077.7 3638.62 0.01 0.0100036 0.1 0.100018 0.06 0 0 0.343359 -0.270363 -0.039376
251 -42438.4 -46077.7 3639.3 0.01 0.00999969 0.1 0.0999984 0.06 0 0 0.344006 -0.269578 -0.039351
252 -42452.6 -46077.7 3625.16 0.01 0.00999612 0.1 0.0999806 0.06 0 0 0.344769 -0.270615 -0.0402973
253 -42467.4 -46077.7 3610.28 0.01 0.0100002 0.1 0.100001 0.06 0 0 0.346669 -0.271594 -0.039598
254 -42493.5 -46077.7 3584.23 0.01 0.010001 0.1 0.100005 0.06 0 0 0.348184 -0.272189 -0.0406082
255 -42481.8 -46077.7 3595.86 0.01 0.0100006 0.1 0.100003 0.06 0 0 0.349219 -0.272444 -0.0416247
256 -42497.8 -46077.7 3579.87 0.01 0.00999712 0.1 0.0999856 0.06 0 0 0.34998 -0.273747 -0.0415722
257 -42487.7 -46077.7 3590.05 0.01 0.00999743 0.1 0.0999871 0.06 0 0 0.350408 -0.274264 -0.0430523
258 -42500.4 -46077.7 3577.34 0.01 0.0100004 0.1 0.100002 0.06 0 0 0.351053 -0.275005 -0.0450452
259 -42509.7 -46077.7 3567.97 0.01 0.00999546 0.1 0.0999773 0.06 0 0 0.352762 -0.277537 -0.0445261
260 -42512.1 -46077.7 3565.58 0.01 0.00999691 0.1 0.0999846 0.06 0 0 0.353964 -0.278662 -0.0442148
261 -42507.4 -46077.7 3570.36 0.01 0.0100026 0.1 0.100013 0.06 0 0 0.353997 -0.278604 -0.0442746
262 -42503.3 -46077.7 3574.39 0.01 0.00999592 0.1 0.0999796 0.06 0 0 0.354806 -0.279999 -0.0450282
263 -42510.2 -46077.7 3567.52 0.01 0.0100101 0.1 0.10005 0.06 0 0 0.356442 -0.280333 -0.0454538
264 -42529.8 -46077.7 3547.93 0.01 0.0100025 0.1 0.100013 0.06 0 0 0.358601 -0.280166 -0.0464765
265 -42527 -46077.7 3550.71 0.01 0.0100046 0.1 0.100023 0.06 0 0 0.359246 -0.280967 -0.046656
266 -42535.4 -46077.7 3542.33 0.01 0.0100105 0.1 0.100052 0.06 0 0 0.360114 -0.281333 -0.0483146
267 -42563.6 -46077.7 3514.07 0.01 0.00999484 0.1 0.0999742 0.06 0 0 0.361307 -0.282347 -0.0480791
268 -42570.2 -46077.7 3507.51 0.01 0.00999459 0.1 0.099973 0.06 0 0 0.363241 -0.284179 -0.0481622
269 -42586.2 -46077.7 3491.46 0.01 0.00999366 0.1 0.0999683 0.06 0 0 0.364672 -0.284014 -0.049129
270 -42588.5 -46077.7 3489.25 0.01 0.00999544 0.1 0.0999772 0.06 0 0 0.365924 -0.285228 -0.0485686
271 -42621.7 -46077.7 3455.97 0.01 0.0100084 0.1 0.100042 0.06 0 0 0.365958 -0.28491 -0.0482473
272 -42625.8 -46077.7 3451.86 0.01 0.0099987 0.1 0.0999935 0.06 0 0 0.365728 -0.286069 -0.0486285
273 -42616 -46077.7 3461.76 0.01 0.0100023 0.1 0.100012 0.06 0 0 0.367029 -0.28598 -0.0502751
274 -42613.3 -46077.7 3464.4 0.01 0.00999468 0.1 0.0999734 0.06 0 0 0.367909 -0.286508 -0.0494903
275 -42635.3 -46077.7 3442.44 0.01 0.00999962 0.1 0.0999981 0.06 0 0 0.369281 -0.286948 -0.0488468
276 -42635.1 -46077.7 3442.66 0.01 0.0100019 0.1 0.10001 0.06 0 0 0.370061 -0.286812 -0.0481843
277 -42646 -46077.7 3431.71 0.01 0.00998904 0.1 0.0999452 0.06 0 0 0.370959 -0.288978 -0.0495369
278 -42636.2 -46077.7 3441.52 0.01 0.0100016 0.1 0.100008 0.06 0 0 0.371296 -0.288757 -0.0494308
279 -42630.8 -46077.7 3446.95 0.01 0.00999342 0.1 0.0999671 0.06 0 0 0.370926 -0.288455 -0.049899
280 -42627.8 -46077.7 3449.86 0.01 0.0100043 0.1 0.100021 0.06 0 0 0.372775 -0.290026 -0.0499766
281 -42621.4 -46077.7 3456.27 0.01 0.0100032 0.1 0.100016 0.06 0 0 0.373649 -0.2909 -0.0492183
282 -42644.4 -46077.7 3433.27 0.01 0.0100062 0.1 0.100031 0.06 0 0 0.374666 -0.291513 -0.0488802
283 -42647.3 -46077.7 3430.38 0.01 0.010004 0.1 0.10002 0.06 0 0 0.37702 -0.291443 -0.0494287
284 -42675.9 -46077.7 3401.79 0.01 0.00999757 0.1 0.0999879 0.06 0 0 0.37798 -0.292515 -0.0496056
285 -42693.3 -46077.7 3384.36 0.01 0.00999934 0.1 0.0999967 0.06 0 0 0.378152 -0.293082 -0.0498975
286 -42728.7 -46077.7 3349.02 0.01 0.00999818 0.1 0.0999909 0.06 0 0 0.379072 -0.294429 -0.0495425
287 -42721.7 -46077.7 3356.05 0.01 0.0100027 0.1 0.100013 0.06 0 0 0.380467 -0.295756 -0.0485397
288 -42719.1 -46077.7 3358.58 0.01 0.0100017 0.1 0.100009 0.06 0 0 0.381259 -0.295449 -0.048662
289 -42745.4 -46077.7 3332.3 0.01 0.00999973 0.1 0.0999987 0.06 0 0 0.382607 -0.29667 -0.049154
290 -42761 -46077.7 3316.68 0.01 0.0100002 0.1 0.100001 0.06 0 0 0.384107 -0.296931 -0.0494018
291 -42761.5 -46077.7 3316.24 0.01 0.00999647 0.1 0.0999823 0.06 0 0 0.384815 -0.297166 -0.0507824
292 -42768.3 -46077.7 3309.36 0.01 0.0100046 0.1 0.100023 0.06 0 0 0.386213 -0.297694 -0.0509118
293 -42762.3 -46077.7 3315.45 0.01 0.0100026 0.1 0.100013 0.06 0 0 0.387431 -0.298039 -0.0517662
294 -42785.4 -46077.7 3292.29 0.01 0.00999806 0.1 0.0999903 0.06 0 0 0.38847 -0.299491 -0.0510187
295 -42790.7 -46077.7 3287.05 0.01 0.0100055 0.1 0.100027 0.06 0 0 0.389044 -0.300292 -0.0509416
296 -42786.2 -46077.7 3291.52 0.01 0.00999774 0.1 0.0999887 0.06 0 0 0.389836 -0.300965 -0.0499964
297 -42789.8 -46077.7 3287.91 0.01 0.00999654 0.1 0.0999827 0.06 0 0 0.390435 -0.301419 -0.0500524
298 -42796 -46077.7 3281.67 0.01 0.0100011 0.1 0.100006 0.06 0 0 0.391802 -0.301346 -0.0507336
299 -42778.1 -46077.7 3299.58 0.01 0.00999387 0.1 0.0999693 0.06 0 0 0.393 -0.301893 -0.0507427
300 -42790.5 -46077.7 3287.26 0.01 0.0100061 0.1 0.10003 0.06 0 0 0.393312 -0.301716 -0.050606
301 -42801.3 -46077.7 3276.38 0.01 0.00999606 0.1 0.0999803 0.06 0 0 0.394595 -0.301083 -0.0503748
302 -42806.1 -46077.7 3271.57 0.01 0.00999438 0.1 0.0999719 0.06 0 0 0.395241 -0.30105 -0.04982
303 -42803.8 -46077.7 3273.89 0.01 0.00999723 0.1 0.0999862 0.06 0 0 0.396701 -0.301073 -0.0488392
304 -42802.3 -46077.7 3275.42 0.01 0.00999772 0.1 0.0999886 0.06 0 0 0.398275 -0.30093 -0.0500942
305 -42822.8 -46077.7 3254.93 0.01 0.00999888 0.1 0.0999944 0.06 0 0 0.39886 -0.3016 -0.0500357
306 -42831.1 -46077.7 3246.57 0.01 0.00999368 0.1 0.0999684 0.06 0 0 0.401081 -0.302798 -0.0517471
307 -42854.9 -46077.7 3222.86 0.01 0.00999821 0.1 0.099991 0.06 0 0 0.40281 -0.303992 -0.0517803
308 -42850.6 -46077.7 3227.07 0.01 0.0100013 0.1 0.100007 0.06 0 0 0.40437 -0.304351 -0.0512502
309 -42856.5 -46077.7 3221.24 0.01 0.0100081 0.1 0.10004 0.06 0 0 0.406131 -0.304613 -0.0508885
310 -42860.8 -46077.7 3216.93 0.01 0.00999274 0.1 0.0999637 0.06 0 0 0.407194 -0.305704 -0.0505551
311 -42870.6 -46077.7 3207.06 0.01 0.00999937 0.1 0.0999969 0.06 0 0 0.40883 -0.305903 -0.0510433
312 -42878.2 -46077.7 3199.54 0.01 0.0100035 0.1 0.100017 0.06 0 0 0.409716 -0.306267 -0.0508716
313 -42882.5 -46077.7 3195.16 0.01 0.0100021 0.1 0.100011 0.06 0 0 0.409562 -0.307401 -0.0508599
314 -42893.9 -46077.7 3183.82 0.01 0.0100044 0.1 0.100022 0.06 0 0 0.409313 -0.308472 -0.0511473
315 -42905.2 -46077.7 3172.53 0.01 0.00999177 0.1 0.0999589 0.06 0 0 0.410326 -0.308781 -0.050892
316 -42888.5 -46077.7 3189.19 0.01 0.00999674 0.1 0.0999837 0.06 0 0 0.411086 -0.310013 -0.0512575
317 -42885.5 -46077.7 3192.17 0.01 0.0100038 0.1 0.100019 0.06 0 0 0.413067 -0.309933 -0.0508415
318 -42884.3 -46077.7 3193.43 0.01 0.00999929 0.1 0.0999964 0.06 0 0 0.413256 -0.310587 -0.0514853
319 -42915.6 -46077.7 3162.15 0.01 0.0100025 0.1 0.100012 0.06 0 0 0.415073 -0.311216 -0.0522611
320 -42935.2 -46077.7 3142.46 0.01 0.0100057 0.1 0.100028 0.06 0 0 0.416642 -0.310543 -0.051855
321 -42931.8 -46077.7 3145.89 0.01 0.0100012 0.1 0.100006 0.06 0 0 0.418672 -0.311285 -0.0518928
322 -42914.9 -46077.7 3162.84 0.01 0.00999222 0.1 0.0999611 0.06 0 0 0.41946 -0.311831 -0.05273
323 -42930.2 -46077.7 3147.47 0.01 0.0100011 0.1 0.100005 0.06 0 0 0.42085 -0.311614 -0.0524307
324 -42915.2 -46077.7 3162.49 0.01 0.00999986 0.1 0.0999993 0.06 0 0 0.421651 -0.312022 -0.0526247
325 -42909.2 -46077.7 3168.55 0.01 0.00999404 0.1 0.0999702 0.06 0 0 0.423714 -0.312712 -0.0532068
326 -42923 -46077.7 3154.7 0.01 0.0100009 0.1 0.100005 0.06 0 0 0.425097 -0.313826 -0.0536459
327 -42913.3 -46077.7 3164.44 0.01 0.00999798 0.1 0.0999899 0.06 0 0 0.426882 -0.314635 -0.054653
328 -42937.6 -46077.7 3140.13 0.01 0.0100006 0.1 0.100003 0.06 0 0 0.428039 -0.315773 -0.0542859
329 -42944.9 -46077.7 3132.77 0.01 0.0100047 0.1 0.100023 0.06 0 0 0.428608 -0.315709 -0.0553907
330 -42971.9 -46077.7 3105.84 0.01 0.00999633 0.1 0.0999816 0.06 0 0 0.429931 -0.316788 -0.0566123
331 -42974.2 -46077.7 3103.53 0.01 0.0100038 0.1 0.100019 0.06 0 0 0.432197 -0.316892 -0.056255
332 -42974.3 -46077.7 3103.41 0.01 0.0100003 0.1 0.100001 0.06 0 0 0.4324 -0.315399 -0.0557433
333 -42978.6 -46077.7 3099.11 0.01 0.00999935 0.1 0.0999967 0.06 0 0 0.433945 -0.316092 -0.0568212
334 -43002.1 -46077.7 3075.58 0.01 0.0100045 0.1 0.100022 0.06 0 0 0.436321 -0.315899 -0.0569734
335 -43000.7 -46077.7 3077.06 0.01 0.00998637 0.1 0.0999318 0.06 0 0 0.437162 -0.315369 -0.0573296
336 -43017.5 -46077.7 3060.22 0.01 0.00999914 0.1 0.0999957 0.06 0 0 0.438806 -0.316114 -0.0570439
337 -43028.3 -46077.7 3049.38 0.01 0.0100008 0.1 0.100004 0.06 0 0 0.440882 -0.316043 -0.0555678
338 -43053.6 -46077.7 3024.07 0.01 0.00999824 0.1 0.0999912 0.06 0 0 0.442405 -0.316343 -0.0568759
339 -43035.2 -46077.7 3042.51 0.01 0.00999532 0.1 0.0999766 0.06 0 0 0.442214 -0.316729 -0.0565229
340 -43037.8 -46077.7 3039.93 0.01 0.00999508 0.1 0.0999754 0.06 0 0 0.44378 -0.316026 -0.0572004
341 -43052.3 -46077.7 3025.39 0.01 0.0099993 0.1 0.0999965 0.06 0 0 0.44439 -0.316271 -0.0580464
342 -43043.8 -46077.7 3033.87 0.01 0.00999446 0.1 0.0999723 0.06 0 0 0.44453 -0.317147 -0.0574881
343 -43039 -46077.7 3038.74 0.01 0.00999989 0.1 0.0999994 0.06 0 0 0.444854 -0.317447 -0.0576805
344 -43033.8 -46077.7 3043.89 0.01 0.00999922 0.1 0.0999961 0.06 0 0 0.446367 -0.317289 -0.0566713
345 -43033.2 -46077.7 3044.49 0.01 0.010002 0.1 0.10001 0.06 0 0 0.44765 -0.318184 -0.0570185
346 -43042 -46077.7 3035.7 0.01 0.0100075 0.1 0.100038 0.06 0 0 0.449265 -0.317191 -0.0556376
347 -43045.7 -46077.7 3031.99 0.01 0.00999707 0.1 0.0999854 0.06 0 0 0.450712 -0.317417 -0.0553218
348 -43049.2 -46077.7 3028.48 0.01 0.00999765 0.1 0.0999883 0.06 0 0 0.451665 -0.317666 -0.0556212
349 -43063.1 -46077.7 3014.63 0.01 0.0100038 0.1 0.100019 0.06 0 0 0.452466 -0.31777 -0.0562276
350 -43078.9 -46077.7 2998.81 0.01 0.00999899 0.1 0.0999949 0.06 0 0 0.45282 -0.31842 -0.0575353
351 -43085.1 -46077.7 2992.57 0.01 0.00999955 0.1 0.0999978 0.06 0 0 0.454872 -0.318619 -0.0580445
352 -43088.1 -46077.7 2989.61 0.01 0.0100042 0.1 0.100021 0.06 0 0 0.455112 -0.319998 -0.0571214
353 -43096.3 -46077.7 2981.43 0.01 0.00999489 0.1 0.0999744 0.06 0 0 0.455983 -0.320256 -0.0574277
354 -43103.2 -46077.7 2974.54 0.01 0.0100009 0.1 0.100005 0.06 0 0 0.457464 -0.320766 -0.0573435
355 -43103.1 -46077.7 2974.64 0.01 0.0100065 0.1 0.100032 0.06 0 0 0.458143 -0.320822 -0.0581701
356 -43105.4 -46077.7 2972.28 0.01 0.00999442 0.1 0.0999721 0.06 0 0 0.459571 -0.32155 -0.0595217
357 -43111.6 -46077.7 2966.14 0.01 0.00999832 0.1 0.0999916 0.06 0 0 0.461375 -0.321317 -0.0593397
358 -43119.2 -46077.7 2958.54 0.01 0.0100046 0.1 0.100023 0.06 0 0 0.462663 -0.321726 -0.0590751
359 -43100.3 -46077.7 2977.39 0.01 0.00999833 0.1 0.0999916 0.06 0 0 0.464351 -0.321559 -0.0589091
360 -43126.6 -46077.7 2951.09 0.01 0.0100018 0.1 0.100009 0.06 0 0 0.465431 -0.322902 -0.0604038
361 -43136.6 -46077.7 2941.09 0.01 0.0099945 0.1 0.0999725 0.06 0 0 0.465681 -0.323516 -0.060057
362 -43123 -46077.7 2954.7 0.01 0.0100014 0.1 0.100007 0.06 0 0 0.465323 -0.324167 -0.0608836
363 -43132.9 -46077.7 2944.82 0.01 0.00999837 0.1 0.0999918 0.06 0 0 0.466294 -0.323355 -0.0608771
364 -43135.9 -46077.7 2941.82 0.01 0.0100068 0.1 0.100034 0.06 0 0 0.467172 -0.323214 -0.0632046
365 -43131.8 -46077.7 2945.86 0.01 0.010001 0.1 0.100005 0.06 0 0 0.468851 -0.323588 -0.0636206
366 -43128 -46077.7 2949.7 0.01 0.0100027 0.1 0.100014 0.06 0 0 0.469493 -0.322488 -0.0643557
367 -43130.4 -46077.7 2947.3 0.01 0.0100048 0.1 0.100024 0.06 0 0 0.46938 -0.322973 -0.0648743
368 -43137.4 -46077.7 2940.34 0.01 0.0100052 0.1 0.100026 0.06 0 0 0.470635 -0.324196 -0.0640683
369 -43131.4 -46077.7 2946.26 0.01 0.0100033 0.1 0.100017 0.06 0 0 0.472062 -0.324128 -0.064134
370 -43129.9 -46077.7 2947.84 0.01 0.0100091 0.1 0.100046 0.06 0 0 0.473489 -0.32425 -0.0653696
371 -43154.2 -46077.7 2923.48 0.01 0.0100008 0.1 0.100004 0.06 0 0 0.474998 -0.322911 -0.0667546
372 -43152.9 -46077.7 2924.79 0.01 0.0100004 0.1 0.100002 0.06 0 0 0.47532 -0.322729 -0.0681758
373 -43169.1 -46077.7 2908.64 0.01 0.0100057 0.1 0.100029 0.06 0 0 0.477177 -0.323092 -0.0688504
374 -43170.7 -46077.7 2906.97 0.01 0.0099977 0.1 0.0999885 0.06 0 0 0.477575 -0.323417 -0.0690511
375 -43171.5 -46077.7 2906.18 0.01 0.0100071 0.1 0.100036 0.06 0 0 0.478648 -0.32425 -0.0694044
376 -43198.7 -46077.7 2879.02 0.01 0.0100004 0.1 0.100002 0.06 0 0 0.480834 -0.324952 -0.0694343
377 -43201.4 -46077.7 2876.28 0.01 0.0100026 0.1 0.100013 0.06 0 0 0.482266 -0.32503 -0.0701826
378 -43203.8 -46077.7 2873.9 0.01 0.00999428 0.1 0.0999714 0.06 0 0 0.483414 -0.325702 -0.0700324
379 -43187.9 -46077.7 2889.79 0.01 0.0100019 0.1 0.10001 0.06 0 0 0.484691 -0.326031 -0.0692445
380 -43218.9 -46077.7 2858.78 0.01 0.0100038 0.1 0.100019 0.06 0 0 0.485209 -0.326002 -0.0702499
381 -43231 -46077.7 2846.68 0.01 0.00999885 0.1 0.0999942 0.06 0 0 0.486104 -0.326404 -0.0697869
382 -43242.7 -46077.7 2835 0.01 0.00999726 0.1 0.0999863 0.06 0 0 0.488194 -0.326312 -0.0703771
383 -43260.9 -46077.7 2816.77 0.01 0.00998879 0.1 0.0999439 0.06 0 0 0.488927 -0.326619 -0.0700218
384 -43250.3 -46077.7 2827.46 0.01 0.010002 0.1 0.10001 0.06 0 0 0.489634 -0.325794 -0.0702116
385 -43243.5 -46077.7 2834.25 0.01 0.00999701 0.1 0.099985 0.06 0 0 0.490562 -0.326309 -0.070299
386 -43249.1 -46077.7 2828.63 0.01 0.0100034 0.1 0.100017 0.06 0 0 0.491814 -0.327713 -0.0707376
387 -43249.4 -46077.7 2828.29 0.01 0.0100028 0.1 0.100014 0.06 0 0 0.492695 -0.327132 -0.0705958
388 -43244.6 -46077.7 2833.12 0.01 0.0100038 0.1 0.100019 0.06 0 0 0.493575 -0.328056 -0.0704763
389 -43247.5 -46077.7 2830.25 0.01 0.00998928 0.1 0.0999464 0.06 0 0 0.494967 -0.328496 -0.0702814
390 -43254.8 -46077.7 2822.92 0.01 0.00999852 0.1 0.0999926 0.06 0 0 0.496172 -0.32909 -0.0704766
391 -43259 -46077.7 2818.75 0.01 0.00999375 0.1 0.0999687 0.06 0 0 0.496792 -0.32967 -0.0698216
392 -43245.5 -46077.7 2832.25 0.01 0.00999311 0.1 0.0999655 0.06 0 0 0.497162 -0.32964 -0.0710957
393 -43248.5 -46077.7 2829.2 0.01 0.01 0.1 0.1 0.06 0 0 0.498329 -0.329518 -0.0719444
394 -43261.8 -46077.7 2815.89 0.01 0.00999368 0.1 0.0999684 0.06 0 0 0.499165 -0.328785 -0.0715925
395 -43265 -46077.7 2812.67 0.01 0.0100002 0.1 0.100001 0.06 0 0 0.499804 -0.328924 -0.0709323
396 -43277.1 -46077.7 2800.62 0.01 0.00999849 0.1 0.0999924 0.06 0 0 0.500748 -0.330347 -0.0707899
397 -43274.9 -46077.7 2802.78 0.01 0.00999601 0.1 0.0999801 0.06 0 0 0.50207 -0.330292 -0.069959
398 -43295.6 -46077.7 2782.13 0.01 0.00999887 0.1 0.0999944 0.06 0 0 0.501974 -0.330701 -0.07091
399 -43311.5 -46077.7 2766.21 0.01 0.00999482 0.1 0.0999741 0.06 0 0 0.503687 -0.330348 -0.0714259
400 -43321 -46077.7 2756.68 0.01 0.0100073 0.1 0.100037 0.06 0 0 0.504038 -0.330484 -0.07052
401 -43314.6 -46077.7 2763.08 0.01 0.010007 0.1 0.100035 0.06 0 0 0.503609 -0.331141 -0.0711649
402 -43302.4 -46077.7 2775.27 0.01 0.0100047 0.1 0.100024 0.06 0 0 0.504304 -0.331906 -0.070259
403 -43289.9 -46077.7 2787.83 0.01 0.0099988 0.1 0.099994 0.06 0 0 0.505489 -0.331834 -0.0704887
404 -43301.1 -46077.7 2776.65 0.01 0.0100031 0.1 0.100016 0.06 0 0 0.506619 -0.331955 -0.0685311
405 -43297.8 -46077.7 2779.93 0.01 0.0100023 0.1 0.100012 0.06 0 0 0.507432 -0.331635 -0.0695783
406 -43291 -46077.7 2786.7 0.01 0.010006 0.1 0.10003 0.06 0 0 0.508242 -0.332309 -0.0698786
407 -43311.8 -46077.7 2765.92 0.01 0.0099995 0.1 0.0999975 0.06 0 0 0.509014 -0.333073 -0.070214
408 -43311.7 -46077.7 2766.03 0.01 0.00999323 0.1 0.0999661 0.06 0 0 0.509094 -0.333555 -0.0714694
409 -43310.4 -46077.7 2767.28 0.01 0.0100011 0.1 0.100006 0.06 0 0 0.511427 -0.333414 -0.0707387
410 -43327.2 -46077.7 2750.52 0.01 0.00999993 0.1 0.0999997 0.06 0 0 0.512839 -0.333985 -0.0714431
411 -43340.1 -46077.7 2737.59 0.01 0.0100024 0.1 0.100012 0.06 0 0 0.512274 -0.334704 -0.0720218
412 -43343.3 -46077.7 2734.46 0.01 0.00999237 0.1 0.0999618 0.06 0 0 0.512498 -0.334626 -0.0712019
413 -43348.6 -46077.7 2729.07 0.01 0.00999427 0.1 0.0999713 0.06 0 0 0.514422 -0.335384 -0.0709392
414 -43346.3 -46077.7 2731.42 0.01 0.0100022 0.1 0.100011 0.06 0 0 0.515306 -0.334997 -0.071556
415 -43342.9 -46077.7 2734.76 0.01 0.00999427 0.1 0.0999714 0.06 0 0 0.517384 -0.335652 -0.071614
416 -43352.6 -46077.7 2725.06 0.01 0.0100008 0.1 0.100004 0.06 0 0 0.518905 -0.336078 -0.0722467
417 -43354.4 -46077.7 2723.29 0.01 0.0100011 0.1 0.100005 0.06 0 0 0.519449 -0.337062 -0.0724081
418 -43357.4 -46077.7 2720.33 0.01 0.00999503 0.1 0.0999752 0.06 0 0 0.521167 -0.336152 -0.0733055
419 -43397.8 -46077.7 2679.93 0.01 0.00999524 0.1 0.0999762 0.06 0 0 0.521286 -0.337051 -0.0730309
420 -43394.5 -46077.7 2683.2 0.01 0.0100027 0.1 0.100014 0.06 0 0 0.521955 -0.337156 -0.0735732
421 -43391.3 -46077.7 2686.41 0.01 0.00999935 0.1 0.0999968 0.06 0 0 0.523766 -0.335541 -0.0744702
422 -43394.3 -46077.7 2683.44 0.01 0.00999589 0.1 0.0999795 0.06 0 0 0.524079 -0.335913 -0.0738044
423 -43392.2 -46077.7 2685.48 0.01 0.0100025 0.1 0.100012 0.06 0 0 0.525237 -0.334711 -0.0728116
424 -43383.8 -46077.7 2693.92 0.01 0.00999719 0.1 0.0999859 0.06 0 0 0.525698 -0.335417 -0.0729642
425 -43406.7 -46077.7 2671.03 0.01 0.0100109 0.1 0.100055 0.06 0 0 0.525998 -0.336143 -0.0736076
426 -43430.3 -46077.7 2647.44 0.01 0.0100017 0.1 0.100009 0.06 0 0 0.525437 -0.336654 -0.0729313
427 -43432.8 -46077.7 2644.95 0.01 0.00999912 0.1 0.0999956 0.06 0 0 0.526275 -0.335897 -0.0729434
428 -43438.3 -46077.7 2639.37 0.01 0.0100025 0.1 0.100012 0.06 0 0 0.526653 -0.336799 -0.072371
429 -43427 -46077.7 2650.72 0.01 0.010004 0.1 0.10002 0.06 0 0 0.527468 -0.336624 -0.072583
430 -43440.9 -46077.7 2636.8 0.01 0.0100037 0.1 0.100018 0.06 0 0 0.528526 -0.337586 -0.0739624
431 -43429.6 -46077.7 2648.09 0.01 0.00999971 0.1 0.0999986 0.06 0 0 0.528742 -0.33843 -0.0733568
432 -43440.3 -46077.7 2637.42 0.01 0.0100004 0.1 0.100002 0.06 0 0 0.530471 -0.339065 -0.0739071
433 -43439.6 -46077.7 2638.14 0.01 0.0100085 0.1 0.100043 0.06 0 0 0.532058 -0.338496 -0.0743351
434 -43447.4 -46077.7 2630.3 0.01 0.00999968 0.1 0.0999984 0.06 0 0 0.533789 -0.339562 -0.0742132
435 -43449.5 -46077.7 2628.2 0.01 0.00999918 0.1 0.0999959 0.06 0 0 0.534693 -0.340176 -0.0747057
436 -43466.3 -46077.7 2611.44 0.01 0.0100025 0.1 0.100012 0.06 0 0 0.536138 -0.340028 -0.0754776
437 -43455.7 -46077.7 2622.06 0.01 0.00999868 0.1 0.0999934 0.06 0 0 0.536858 -0.340143 -0.076265
438 -43462.2 -46077.7 2615.53 0.01 0.0100007 0.1 0.100003 0.06 0 0 0.538761 -0.340422 -0.076813
439 -43470.6 -46077.7 2607.11 0.01 0.00999294 0.1 0.0999647 0.06 0 0 0.540486 -0.339453 -0.0770417
440 -43459 -46077.7 2618.68 0.01 0.0100057 0.1 0.100028 0.06 0 0 0.541113 -0.33905 -0.0768945
441 -43481.4 -46077.7 2596.32 0.01 0.00999709 0.1 0.0999854 0.06 0 0 0.542235 -0.339112 -0.076778
442 -43463.6 -46077.7 2614.15 0.01 0.0100007 0.1 0.100004 0.06 0 0 0.542687 -0.338689 -0.0764255
443 -43470.3 -46077.7 2607.45 0.01 0.0100065 0.1 0.100032 0.06 0 0 0.543133 -0.338317 -0.0783452
444 -43457.6 -46077.7 2620.1 0.01 0.0100003 0.1 0.100001 0.06 0 0 0.543733 -0.339014 -0.0778215
445 -43460.6 -46077.7 2617.14 0.01 0.00999782 0.1 0.0999891 0.06 0 0 0.544417 -0.338537 -0.0785353
446 -43466.8 -46077.7 2610.93 0.01 0.00999275 0.1 0.0999637 0.06 0 0 0.54581 -0.338965 -0.0791202
447 -43484 -46077.7 2593.73 0.01 0.00999453 0.1 0.0999726 0.06 0 0 0.54704 -0.33907 -0.0791133
448 -43490.9 -46077.7 2586.86 0.01 0.00999933 0.1 0.0999966 0.06 0 0 0.548055 -0.339883 -0.0798259
449 -43517.3 -46077.7 2560.41 0.01 0.0099963 0.1 0.0999815 0.06 0 0 0.54938 -0.340514 -0.0804103
450 -43501.8 -46077.7 2575.94 0.01 0.00999847 0.1 0.0999923 0.06 0 0 0.549766 -0.340869 -0.0801657
451 -43495.6 -46077.7 2582.15 0.01 0.0100031 0.1 0.100016 0.06 0 0 0.550938 -0.340797 -0.0810326
452 -43502.7 -46077.7 2575.04 0.01 0.0100009 0.1 0.100005 0.06 0 0 0.551449 -0.34081 -0.0816485
453 -43511.9 -46077.7 2565.84 0.01 0.00999476 0.1 0.0999738 0.06 0 0 0.55329 -0.340293 -0.081473
454 -43518.6 -46077.7 2559.13 0.01 0.00999731 0.1 0.0999865 0.06 0 0 0.554378 -0.339856 -0.0796396
455 -43519.3 -46077.7 2558.37 0.01 0.0100033 0.1 0.100017 0.06 0 0 0.555758 -0.340431 -0.0805114
456 -43525.7 -46077.7 2552.04 0.01 0.00999594 0.1 0.0999797 0.06 0 0 0.55663 -0.340842 -0.0800841
457 -43524.1 -46077.7 2553.64 0.01 0.0100039 0.1 0.10002 0.06 0 0 0.557793 -0.34099 -0.0805715
458 -43530.2 -46077.7 2547.5 0.01 0.00999534 0.1 0.0999767 0.06 0 0 0.559601 -0.339447 -0.0807287
459 -43524.1 -46077.7 2553.65 0.01 0.00999018 0.1 0.0999509 0.06 0 0 0.560494 -0.33979 -0.0795263
460 -43518.9 -46077.7 2558.79 0.01 0.00999913 0.1 0.0999956 0.06 0 0 0.561936 -0.340123 -0.0790076
461 -43531.6 -46077.7 2546.13 0.01 0.0100018 0.1 0.100009 0.06 0 0 0.562511 -0.34083 -0.0800049
462 -43527.1 -46077.7 2550.57 0.01 0.0100052 0.1 0.100026 0.06 0 0 0.562662 -0.340859 -0.0811557
463 -43548.6 -46077.7 2529.14 0.01 0.00999526 0.1 0.0999763 0.06 0 0 0.563297 -0.340132 -0.0816885
464 -43547.5 -46077.7 2530.19 0.01 0.00999442 0.1 0.0999721 0.06 0 0 0.564111 -0.34068 -0.0815556
465 -43542 -46077.7 2535.69 0.01 0.010005 0.1 0.100025 0.06 0 0 0.565213 -0.339695 -0.0821414
466 -43531.3 -46077.7 2546.45 0.01 0.0100056 0.1 0.100028 0.06 0 0 0.566974 -0.339644 -0.0815593
467 -43557.7 -46077.7 2520.04 0.01 0.00999417 0.1 0.0999709 0.06 0 0 0.568272 -0.340324 -0.0818414
468 -43557.5 -46077.7 2520.26 0.01 0.0100031 0.1 0.100016 0.06 0 0 0.569937 -0.340126 -0.0827884
469 -43566.9 -46077.7 2510.84 0.01 0.00999991 0.1 0.0999996 0.06 0 0 0.569954 -0.340949 -0.0818959
470 -43571.2 -46077.7 2506.49 0.01 0.010001 0.1 0.100005 0.06 0 0 0.57105 -0.3412 -0.0832474
471 -43572 -46077.7 2505.71 0.01 0.00999681 0.1 0.099984 0.06 0 0 0.571161 -0.341094 -0.0835366
472 -43593.3 -46077.7 2484.37 0.01 0.0100005 0.1 0.100002 0.06 0 0 0.571837 -0.341549 -0.0847848
473 -43597.9 -46077.7 2479.84 0.01 0.0100042 0.1 0.100021 0.06 0 0 0.572449 -0.340978 -0.0847123
474 -43593 -46077.7 2484.67 0.01 0.010002 0.1 0.10001 0.06 0 0 0.574343 -0.33975 -0.0849722
475 -43595 -46077.7 2482.72 0.01 0.0100079 0.1 0.100039 0.06 0 0 0.574879 -0.339421 -0.0847974
476 -43583.9 -46077.7 2493.79 0.01 0.00999943 0.1 0.0999971 0.06 0 0 0.575686 -0.339521 -0.083669
477 -43577.5 -46077.7 2500.25 0.01 0.0100035 0.1 0.100018 0.06 0 0 0.57657 -0.340112 -0.0832923
478 -43554.6 -46077.7 2523.1 0.01 0.0100054 0.1 0.100027 0.06 0 0 0.57709 -0.339157 -0.082416
479 -43574 -46077.7 2503.75 0.01 0.00999704 0.1 0.0999852 0.06 0 0 0.579149 -0.338128 -0.0824628
480 -43573.2 -46077.7 2504.46 0.01 0.0100001 0.1 0.100001 0.06 0 0 0.580208 -0.338417 -0.0821427
481 -43576.7 -46077.7 2501.06 0.01 0.0100001 0.1 0.100001 0.06 0 0 0.580997 -0.338131 -0.0811943
482 -43580.6 -46077.7 2497.14 0.01 0.0100019 0.1 0.100009 0.06 0 0 0.58109 -0.337735 -0.079936
483 -43589 -46077.7 2488.68 0.01 0.0100006 0.1 0.100003 0.06 0 0 0.581664 -0.337557 -0.080185
484 -43577.9 -46077.7 2499.86 0.01 0.00999633 0.1 0.0999817 0.06 0 0 0.58249 -0.33704 -0.0805411
485 -43589.1 -46077.7 2488.57 0.01 0.0100008 0.1 0.100004 0.06 0 0 0.584337 -0.337992 -0.0795877
486 -43574.9 -46077.7 2502.79 0.01 0.00999757 0.1 0.0999879 0.06 0 0 0.584493 -0.337723 -0.07953
487 -43560.4 -46077.7 2517.35 0.01 0.00999858 0.1 0.0999929 0.06 0 0 0.585944 -0.33764 -0.0802653
488 -43569.2 -46077.7 2508.54 0.01 0.00999338 0.1 0.0999669 0.06 0 0 0.587165 -0.337154 -0.0795449
489 -43569.1 -46077.7 2508.61 0.01 0.0099937 0.1 0.0999685 0.06 0 0 0.587808 -0.337237 -0.0799176
490 -43563.7 -46077.7 2514.01 0.01 0.0100091 0.1 0.100046 0.06 0 0 0.588604 -0.335948 -0.0796564
491 -43572.1 -46077.7 2505.66 0.01 0.00999896 0.1 0.0999948 0.06 0 0 0.589429 -0.335892 -0.0789576
492 -43581.8 -46077.7 2495.91 0.01 0.00999999 0.1 0.0999999 0.06 0 0 0.590568 -0.33574 -0.078777
493 -43584.8 -46077.7 2492.89 0.01 0.00999711 0.1 0.0999856 0.06 0 0 0.591733 -0.336257 -0.0806568
494 -43573.3 -46077.7 2504.38 0.01 0.010001 0.1 0.100005 0.06 0 0 0.592603 -0.336534 -0.0805881
495 -43568.4 -46077.7 2509.31 0.01 0.0100029 0.1 0.100015 0.06 0 0 0.594614 -0.33615 -0.0808421
496 -43588.6 -46077.7 2489.16 0.01 0.0100045 0.1 0.100022 0.06 0 0 0.596005 -0.336924 -0.0803794
497 -43602.6 -46077.7 2475.11 0.01 0.0100015 0.1 0.100008 0.06 0 0 0.596222 -0.337509 -0.0800805
498 -43613.9 -46077.7 2463.79 0.01 0.0100007 0.1 0.100004 0.06 0 0 0.597202 -0.338294 -0.0808726
499 -43625.4 -46077.7 2452.34 0.01 0.00999944 0.1 0.0999972 0.06 0 0 0.598619 -0.337645 -0.0807994
500 -43623.2 -46077.7 2454.49 0.01 0.00999934 0.1 0.0999967 0.06 0 0 0.600075 -0.337701 -0.0809967
501 -43626.3 -46077.7 2451.42 0.01 0.00999751 0.1 0.0999875 0.06 0 0 0.600961 -0.338216 -0.0805154
502 -43633.1 -46077.7 2444.56 0.01 0.00999753 0.1 0.0999876 0.06 0 0 0.601578 -0.33947 -0.0804239
503 -43627.6 -46077.7 2450.1 0.01 0.00999904 0.1 0.0999952 0.06 0 0 0.603309 -0.339166 -0.0801066
504 -43633.5 -46077.7 2444.18 0.01 0.00999161 0.1 0.099958 0.06 0 0 0.604028 -0.340288 -0.0803343
505 -43649.4 -46077.7 2428.34 0.01 0.00999841 0.1 0.0999921 0.06 0 0 0.605544 -0.340631 -0.0815799
506 -43637.8 -46077.7 2439.95 0.01 0.010001 0.1 0.100005 0.06 0 0 0.606785 -0.340345 -0.0814622
507 -43641.9 -46077.7 2435.77 0.01 0.00999625 0.1 0.0999813 0.06 0 0 0.60727 -0.34044 -0.0822062
508 -43628.8 -46077.7 2448.9 0.01 0.0100046 0.1 0.100023 0.06 0 0 0.60875 -0.341165 -0.0817515
509 -43659.8 -46077.7 2417.89 0.01 0.0100018 0.1 0.100009 0.06 0 0 0.61027 -0.340824 -0.0813562
510 -43659.9 -46077.7 2417.85 0.01 0.00999447 0.1 0.0999724 0.06 0 0 0.611249 -0.340537 -0.0824044
511 -43666.1 -46077.7 2411.59 0.01 0.00999867 0.1 0.0999934 0.06 0 0 0.612169 -0.34075 -0.0814268
512 -43667.3 -46077.7 2410.39 0.01 0.00999419 0.1 0.099971 0.06 0 0 0.612317 -0.341333 -0.0825933
513 -43656.8 -46077.7 2420.95 0.01 0.00999801 0.1 0.0999901 0.06 0 0 0.612744 -0.341148 -0.083236
514 -43652.3 -46077.7 2425.38 0.01 0.00999836 0.1 0.0999918 0.06 0 0 0.613907 -0.339601 -0.0833353
515 -43660 -46077.7 2417.71 0.01 0.00999464 0.1 0.0999732 0.06 0 0 0.614579 -0.339213 -0.0835563
516 -43663.7 -46077.7 2413.98 0.01 0.0100011 0.1 0.100006 0.06 0 0 0.615039 -0.339013 -0.0837789
517 -43674.2 -46077.7 2403.54 0.01 0.00999538 0.1 0.0999769 0.06 0 0 0.616664 -0.337796 -0.0833021
518 -43678.9 -46077.7 2398.85 0.01 0.0099974 0.1 0.099987 0.06 0 0 0.617371 -0.33785 -0.0827961
519 -43670.3 -46077.7 2407.4 0.01 0.00999673 0.1 0.0999837 0.06 0 0 0.61761 -0.337348 -0.0814736
520 -43665.3 -46077.7 2412.46 0.01 0.0100034 0.1 0.100017 0.06 0 0 0.618661 -0.336678 -0.0813675
521 -43685.2 -46077.7 2392.52 0.01 0.00999623 0.1 0.0999811 0.06 0 0 0.619441 -0.336845 -0.0832487
522 -43672.8 -46077.7 2404.88 0.01 0.0100007 0.1 0.100003 0.06 0 0 0.619818 -0.337739 -0.0838016
523 -43663.4 -46077.7 2414.34 0.01 0.010007 0.1 0.100035 0.06 0 0 0.620478 -0.337201 -0.0844844
524 -43664 -46077.7 2413.73 0.01 0.00999231 0.1 0.0999616 0.06 0 0 0.621257 -0.337155 -0.0834348
525 -43673.4 -46077.7 2404.31 0.01 0.00999988 0.1 0.0999994 0.06 0 0 0.622305 -0.337083 -0.08414
526 -43688.1 -46077.7 2389.62 0.01 0.00999496 0.1 0.0999748 0.06 0 0 0.623744 -0.337483 -0.0827892
527 -43676.6 -46077.7 2401.11 0.01 0.0100039 0.1 0.100019 0.06 0 0 0.623491 -0.338163 -0.0827588
528 -43704.2 -46077.7 2373.54 0.01 0.00999769 0.1 0.0999884 0.06 0 0 0.624524 -0.337928 -0.0827771
529 -43720.1 -46077.7 2357.61 0.01 0.0100045 0.1 0.100023 0.06 0 0 0.626073 -0.33738 -0.0833515
530 -43710.3 -46077.7 2367.38 0.01 0.00999799 0.1 0.09999 0.06 0 0 0.626893 -0.336668 -0.0847486
531 -43699.9 -46077.7 2377.82 0.01 0.010001 0.1 0.100005 0.06 0 0 0.627291 -0.33735 -0.0841495
532 -43688.9 -46077.7 2388.79 0.01 0.0100086 0.1 0.100043 0.06 0 0 0.628388 -0.337526 -0.0839356
533 -43687.2 -46077.7 2390.51 0.01 0.0100013 0.1 0.100006 0.06 0 0 0.628036 -0.338252 -0.0841407
534 -43698.7 -46077.7 2379 0.01 0.00999189 0.1 0.0999594 0.06 0 0 0.628451 -0.339516 -0.0845984
535 -43685.5 -46077.7 2392.21 0.01 0.00999993 0.1 0.0999997 0.06 0 0 0.628886 -0.340338 -0.0837357
536 -43671.3 -46077.7 2406.41 0.01 0.0099972 0.1 0.099986 0.06 0 0 0.630946 -0.339525 -0.0825237
537 -43680.6 -46077.7 2397.16 0.01 0.010011 0.1 0.100055 0.06 0 0 0.631468 -0.339039 -0.0842206
538 -43677.5 -46077.7 2400.21 0.01 0.0100013 0.1 0.100007 0.06 0 0 0.632545 -0.338552 -0.0842491
539 -43685.5 -46077.7 2392.17 0.01 0.00999948 0.1 0.0999974 0.06 0 0 0.632757 -0.338368 -0.0852103
540 -43712.7 -46077.7 2364.99 0.01 0.00999796 0.1 0.0999898 0.06 0 0 0.633239 -0.338762 -0.0855592
541 -43704.2 -46077.7 2373.53 0.01 0.0100085 0.1 0.100042 0.06 0 0 0.635013 -0.338319 -0.0854344
542 -43700.4 -46077.7 2377.35 0.01 0.010002 0.1 0.10001 0.06 0 0 0.636603 -0.337545 -0.0860052
543 -43702.5 -46077.7 2375.17 0.01 0.00999462 0.1 0.0999731 0.06 0 0 0.636798 -0.337518 -0.085611
544 -43714.2 -46077.7 2363.46 0.01 0.00999356 0.1 0.0999678 0.06 0 0 0.638107 -0.337412 -0.0871274
545 -43704.9 -46077.7 2372.86 0.01 0.0099946 0.1 0.099973 0.06 0 0 0.639638 -0.336647 -0.0871141
546 -43696.9 -46077.7 2380.79 0.01 0.00999705 0.1 0.0999852 0.06 0 0 0.641089 -0.336423 -0.0872538
547 -43694.3 -46077.7 2383.41 0.01 0.0100065 0.1 0.100033 0.06 0 0 0.642179 -0.335546 -0.0880247
548 -43702.6 -46077.7 2375.13 0.01 0.0100052 0.1 0.100026 0.06 0 0 0.643608 -0.334871 -0.0882723
549 -43718.3 -46077.7 2359.38 0.01 0.010001 0.1 0.100005 0.06 0 0 0.643304 -0.335617 -0.0877856
550 -43729.4 -46077.7 2348.31 0.01 0.010003 0.1 0.100015 0.06 0 0 0.644639 -0.334876 -0.0879902
551 -43713 -46077.7 2364.74 0.01 0.0100044 0.1 0.100022 0.06 0 0 0.645637 -0.335835 -0.0874989
552 -43707.8 -46077.7 2369.87 0.01 0.00999423 0.1 0.0999712 0.06 0 0 0.646883 -0.334688 -0.0883509
553 -43696.9 -46077.7 2380.86 0.01 0.0099965 0.1 0.0999825 0.06 0 0 0.647266 -0.334381 -0.0872761
554 -43714.2 -46077.7 2363.49 0.01 0.0100017 0.1 0.100009 0.06 0 0 0.647776 -0.335764 -0.0877257
555 -43715.2 -46077.7 2362.52 0.01 0.0100005 0.1 0.100003 0.06 0 0 0.648365 -0.335082 -0.0878236
556 -43716.8 -46077.7 2360.87 0.01 0.00999962 0.1 0.0999981 0.06 0 0 0.650213 -0.334656 -0.0889017
557 -43742.6 -46077.7 2335.15 0.01 0.00999931 0.1 0.0999966 0.06 0 0 0.651654 -0.335255 -0.0904828
558 -43732 -46077.7 2345.71 0.01 0.00999837 0.1 0.0999918 0.06 0 0 0.652551 -0.335662 -0.0904677
559 -43740.3 -46077.7 2337.38 0.01 0.00999077 0.1 0.0999538 0.06 0 0 0.652635 -0.334677 -0.0909507
560 -43763.3 -46077.7 2314.39 0.01 0.00999615 0.1 0.0999808 0.06 0 0 0.654325 -0.334736 -0.0921213
561 -43776 -46077.7 2301.73 0.01 0.0100039 0.1 0.100019 0.06 0 0 0.654979 -0.33479 -0.091483
562 -43780.5 -46077.7 2297.21 0.01 0.00999909 0.1 0.0999955 0.06 0 0 0.656252 -0.33477 -0.0920971
563 -43783.2 -46077.7 2294.51 0.01 0.0100001 0.1 0.100001 0.06 0 0 0.656497 -0.335243 -0.0927092
564 -43755.8 -46077.7 2321.91 0.01 0.00999486 0.1 0.0999743 0.06 0 0 0.656664 -0.335221 -0.092463
565 -43761.6 -46077.7 2316.07 0.01 0.0100012 0.1 0.100006 0.06 0 0 0.657062 -0.335868 -0.0919572
566 -43757.3 -46077.7 2320.37 0.01 0.0100003 0.1 0.100001 0.06 0 0 0.65765 -0.336001 -0.0919765
567 -43759.6 -46077.7 2318.1 0.01 0.00999833 0.1 0.0999917 0.06 0 0 0.658485 -0.336105 -0.0914961
568 -43769.2 -46077.7 2308.47 0.01 0.010003 0.1 0.100015 0.06 0 0 0.659383 -0.336222 -0.0909382
569 -43777.6 -46077.7 2300.09 0.01 0.00999771 0.1 0.0999885 0.06 0 0 0.661207 -0.336307 -0.0913087
570 -43786 -46077.7 2291.73 0.01 0.00999631 0.1 0.0999815 0.06 0 0 0.662695 -0.336657 -0.091375
571 -43777.9 -46077.7 2299.77 0.01 0.00999964 0.1 0.0999982 0.06 0 0 0.663756 -0.336554 -0.0922347
572 -43788.6 -46077.7 2289.06 0.01 0.0100008 0.1 0.100004 0.06 0 0 0.665055 -0.337484 -0.0930137
573 -43798.3 -46077.7 2279.46 0.01 0.00999523 0.1 0.0999761 0.06 0 0 0.6653 -0.336682 -0.0922348
574 -43801.8 -46077.7 2275.87 0.01 0.0099998 0.1 0.099999 0.06 0 0 0.667018 -0.337255 -0.0921185
575 -43804.5 -46077.7 2273.18 0.01 0.0100144 0.1 0.100072 0.06 0 0 0.667783 -0.337199 -0.0916423
576 -43803.2 -46077.7 2274.52 0.01 0.010001 0.1 0.100005 0.06 0 0 0.668129 -0.337383 -0.0914857
577 -43802.9 -46077.7 2274.85 0.01 0.00999281 0.1 0.0999641 0.06 0 0 0.669201 -0.338031 -0.0912702
578 -43785.9 -46077.7 2291.82 0.01 0.0100076 0.1 0.100038 0.06 0 0 0.670182 -0.337299 -0.0911993
579 -43788.2 -46077.7 2289.53 0.01 0.00999789 0.1 0.0999895 0.06 0 0 0.671027 -0.337689 -0.0912102
580 -43793.4 -46077.7 2284.31 0.01 0.0100001 0.1 0.100001 0.06 0 0 0.672036 -0.337512 -0.091588
581 -43790.3 -46077.7 2287.38 0.01 0.0100005 0.1 0.100002 0.06 0 0 0.673111 -0.337678 -0.0900754
582 -43816.8 -46077.7 2260.91 0.01 0.00999349 0.1 0.0999675 0.06 0 0 0.674072 -0.338738 -0.0897904
583 -43830.6 -46077.7 2247.15 0.01 0.0100091 0.1 0.100046 0.06 0 0 0.674786 -0.338337 -0.0893063
584 -43824.1 -46077.7 2253.61 0.01 0.00999109 0.1 0.0999554 0.06 0 0 0.675883 -0.338193 -0.0884569
585 -43828.4 -46077.7 2249.29 0.01 0.00999787 0.1 0.0999893 0.06 0 0 0.676879 -0.338596 -0.0879358
586 -43831.6 -46077.7 2246.13 0.01 0.010008 0.1 0.10004 0.06 0 0 0.677481 -0.338102 -0.0871804
587 -43846.4 -46077.7 2231.31 0.01 0.00999169 0.1 0.0999584 0.06 0 0 0.679361 -0.338062 -0.0867245
588 -43846.8 -46077.7 2230.89 0.01 0.0100097 0.1 0.100048 0.06 0 0 0.679915 -0.338282 -0.0870466
589 -43843.5 -46077.7 2234.22 0.01 0.010001 0.1 0.100005 0.06 0 0 0.680859 -0.337908 -0.0877806
590 -43834.5 -46077.7 2243.21 0.01 0.0100107 0.1 0.100054 0.06 0 0 0.681873 -0.338077 -0.0871234
591 -43825.4 -46077.7 2252.33 0.01 0.00999841 0.1 0.0999921 0.06 0 0 0.682394 -0.338113 -0.0880364
592 -43793.4 -46077.7 2284.35 0.01 0.0100005 0.1 0.100003 0.06 0 0 0.682347 -0.336927 -0.0875166
593 -43827.8 -46077.7 2249.95 0.01 0.010009 0.1 0.100045 0.06 0 0 0.682681 -0.336707 -0.0872016
594 -43853.9 -46077.7 2223.82 0.01 0.0100027 0.1 0.100013 0.06 0 0 0.684054 -0.336129 -0.0867262
595 -43845.6 -46077.7 2232.16 0.01 0.00999917 0.1 0.0999959 0.06 0 0 0.684542 -0.336211 -0.0862569
596 -43831.4 -46077.7 2246.32 0.01 0.0100042 0.1 0.100021 0.06 0 0 0.683877 -0.337927 -0.0867885
597 -43854.4 -46077.7 2223.34 0.01 0.00999945 0.1 0.0999973 0.06 0 0 0.685053 -0.337936 -0.0853812
598 -43856.8 -46077.7 2220.91 0.01 0.0100045 0.1 0.100022 0.06 0 0 0.685332 -0.336584 -0.0846922
599 -43850.2 -46077.7 2227.51 0.01 0.0100119 0.1 0.10006 0.06 0 0 0.685926 -0.336947 -0.0860177
600 -43834.8 -46077.7 2242.89 0.01 0.0100054 0.1 0.100027 0.06 0 0 0.686582 -0.337994 -0.08448
601 -43846.9 -46077.7 2230.85 0.01 0.0100003 0.1 0.100002 0.06 0 0 0.686632 -0.33795 -0.0851053
602 -43850 -46077.7 2227.75 0.01 0.0100002 0.1 0.100001 0.06 0 0 0.687424 -0.337677 -0.0865112
603 -43835.6 -46077.7 2242.07 0.01 0.0100025 0.1 0.100013 0.06 0 0 0.6883 -0.338078 -0.0846878
604 -43829.2 -46077.7 2248.55 0.01 0.0100045 0.1 0.100023 0.06 0 0 0.688633 -0.336849 -0.0843292
605 -43832.9 -46077.7 2244.82 0.01 0.0100028 0.1 0.100014 0.06 0 0 0.689447 -0.336654 -0.0854912
606 -43837.4 -46077.7 2240.34 0.01 0.0100045 0.1 0.100022 0.06 0 0 0.689856 -0.336483 -0.085697
607 -43832 -46077.7 2245.76 0.01 0.00999927 0.1 0.0999964 0.06 0 0 0.690643 -0.336382 -0.0866769
608 -43828 -46077.7 2249.74 0.01 0.00999983 0.1 0.0999991 0.06 0 0 0.690915 -0.335171 -0.0884559
609 -43843.6 -46077.7 2234.11 0.01 0.00999746 0.1 0.0999873 0.06 0 0 0.692116 -0.33505 -0.0877345
610 -43842.1 -46077.7 2235.66 0.01 0.00999723 0.1 0.0999862 0.06 0 0 0.692052 -0.336493 -0.0875217
611 -43857.5 -46077.7 2220.21 0.01 0.00999856 0.1 0.0999928 0.06 0 0 0.693535 -0.335958 -0.086851
612 -43847.7 -46077.7 2230 0.01 0.00999534 0.1 0.0999767 0.06 0 0 0.694649 -0.335307 -0.0875066
613 -43856.7 -46077.7 2221 0.01 0.00999193 0.1 0.0999596 0.06 0 0 0.695456 -0.335449 -0.0874454
614 -43861.4 -46077.7 2216.32 0.01 0.010001 0.1 0.100005 0.06 0 0 0.695859 -0.335957 -0.0879345
615 -43845 -46077.7 2232.69 0.01 0.00999724 0.1 0.0999862 0.06 0 0 0.696345 -0.336108 -0.0881785
616 -43864.1 -46077.7 2213.59 0.01 0.00999888 0.1 0.0999944 0.06 0 0 0.697416 -0.336055 -0.0878052
617 -43862.8 -46077.7 2214.95 0.01 0.0100024 0.1 0.100012 0.06 0 0 0.697191 -0.336545 -0.0880831
618 -43857.8 -46077.7 2219.91 0.01 0.00999813 0.1 0.0999906 0.06 0 0 0.698458 -0.336147 -0.0880755
619 -43864.6 -46077.7 2213.12 0.01 0.0100009 0.1 0.100004 0.06 0 0 0.69974 -0.336366 -0.0869633
620 -43858 -46077.7 2219.73 0.01 0.00999727 0.1 0.0999863 0.06 0 0 0.699817 -0.336026 -0.0864669
621 -43863.4 -46077.7 2214.34 0.01 0.00999849 0.1 0.0999924 0.06 0 0 0.700918 -0.33585 -0.086391
622 -43849.7 -46077.7 2227.98 0.01 0.0100003 0.1 0.100001 0.06 0 0 0.700509 -0.336409 -0.0861765
623 -43863.6 -46077.7 2214.09 0.01 0.010007 0.1 0.100035 0.06 0 0 0.701825 -0.33648 -0.0859393
624 -43869.2 -46077.7 2208.55 0.01 0.010004 0.1 0.10002 0.06 0 0 0.702709 -0.337219 -0.0847173
625 -43887.5 -46077.7 2190.23 0.01 0.0100001 0.1 0.100001 0.06 0 0 0.704119 -0.336108 -0.0852858
626 -43875.1 -46077.7 2202.58 0.01 0.0100007 0.1 0.100004 0.06 0 0 0.704852 -0.335193 -0.0854168
627 -43859 -46077.7 2218.76 0.01 0.00999585 0.1 0.0999793 0.06 0 0 0.704716 -0.33516 -0.0852804
628 -43886.4 -46077.7 2191.33 0.01 0.0100005 0.1 0.100002 0.06 0 0 0.705176 -0.335489 -0.0857745
629 -43884.8 -46077.7 2192.87 0.01 0.00999915 0.1 0.0999957 0.06 0 0 0.705238 -0.335924 -0.0864953
630 -43886.3 -46077.7 2191.44 0.01 0.00999658 0.1 0.0999829 0.06 0 0 0.706195 -0.336128 -0.0866791
631 -43892.1 -46077.7 2185.6 0.01 0.0100054 0.1 0.100027 0.06 0 0 0.707408 -0.335817 -0.0865442
632 -43890 -46077.7 2187.68 0.01 0.009997 0.1 0.099985 0.06 0 0 0.707838 -0.334729 -0.0867709
633 -43908 -46077.7 2169.73 0.01 0.0100026 0.1 0.100013 0.06 0 0 0.708403 -0.33433 -0.0857409
634 -43894.5 -46077.7 2183.23 0.01 0.00999663 0.1 0.0999831 0.06 0 0 0.708741 -0.334631 -0.085154
635 -43903.2 -46077.7 2174.52 0.01 0.0100126 0.1 0.100063 0.06 0 0 0.709193 -0.334822 -0.0844075
636 -43907 -46077.7 2170.75 0.01 0.0100012 0.1 0.100006 0.06 0 0 0.710002 -0.335165 -0.0852813
637 -43891.1 -46077.7 2186.58 0.01 0.0100059 0.1 0.100029 0.06 0 0 0.711139 -0.335258 -0.0844956
638 -43913.7 -46077.7 2164.02 0.01 0.010004 0.1 0.10002 0.06 0 0 0.712415 -0.335399 -0.0838889
639 -43914.9 -46077.7 2162.8 0.01 0.0100029 0.1 0.100014 0.06 0 0 0.712714 -0.334693 -0.0842205
640 -43906.9 -46077.7 2170.76 0.01 0.00999103 0.1 0.0999551 0.06 0 0 0.713483 -0.335207 -0.0836199
641 -43901.6 -46077.7 2176.11 0.01 0.0100047 0.1 0.100023 0.06 0 0 0.714183 -0.336356 -0.0838363
642 -43903.9 -46077.7 2173.8 0.01 0.00999636 0.1 0.0999818 0.06 0 0 0.714904 -0.334992 -0.0837337
643 -43901.6 -46077.7 2176.06 0.01 0.0100008 0.1 0.100004 0.06 0 0 0.716025 -0.334982 -0.0836676
644 -43888.2 -46077.7 2189.46 0.01 0.010007 0.1 0.100035 0.06 0 0 0.716869 -0.334388 -0.0836476
645 -43891.2 -46077.7 2186.52 0.01 0.0100036 0.1 0.100018 0.06 0 0 0.71743 -0.334554 -0.0831771
646 -43893.2 -46077.7 2184.48 0.01 0.0100003 0.1 0.100001 0.06 0 0 0.718153 -0.334601 -0.0843242
647 -43898.9 -46077.7 2178.77 0.01 0.0100018 0.1 0.100009 0.06 0 0 0.718689 -0.334125 -0.0849689
648 -43891.9 -46077.7 2185.8 0.01 0.010003 0.1 0.100015 0.06 0 0 0.718459 -0.333904 -0.0847864
649 -43897.6 -46077.7 2180.14 0.01 0.0100104 0.1 0.100052 0.06 0 0 0.71877 -0.334199 -0.0840723
650 -43907.9 -46077.7 2169.78 0.01 0.00999669 0.1 0.0999834 0.06 0 0 0.719686 -0.333649 -0.0833282
651 -43908.7 -46077.7 2169.02 0.01 0.0100016 0.1 0.100008 0.06 0 0 0.720723 -0.333794 -0.0825416
652 -43899 -46077.7 2178.73 0.01 0.0100035 0.1 0.100017 0.06 0 0 0.721034 -0.333751 -0.081751
653 -43887.1 -46077.7 2190.62 0.01 0.00999896 0.1 0.0999948 0.06 0 0 0.721111 -0.333355 -0.0826675
654 -43910.3 -46077.7 2167.44 0.01 0.0099908 0.1 0.099954 0.06 0 0 0.721987 -0.333054 -0.0826083
655 -43899.2 -46077.7 2178.55 0.01 0.00999597 0.1 0.0999798 0.06 0 0 0.722285 -0.332049 -0.0822868
656 -43886.7 -46077.7 2190.98 0.01 0.0100059 0.1 0.10003 0.06 0 0 0.722817 -0.331745 -0.081365
657 -43881.4 -46077.7 2196.3 0.01 0.0100099 0.1 0.10005 0.06 0 0 0.722584 -0.332609 -0.0805765
658 -43890.5 -46077.7 2187.24 0.01 0.00999923 0.1 0.0999962 0.06 0 0 0.723276 -0.332308 -0.081
659 -43898.2 -46077.7 2179.54 0.01 0.0100043 0.1 0.100022 0.06 0 0 0.724039 -0.332286 -0.0817769
660 -43895.3 -46077.7 2182.41 0.01 0.0100056 0.1 0.100028 0.06 0 0 0.725284 -0.330702 -0.0821155
661 -43906.1 -46077.7 2171.56 0.01 0.00999977 0.1 0.0999989 0.06 0 0 0.725892 -0.331217 -0.0817259
662 -43891.2 -46077.7 2186.53 0.01 0.00999752 0.1 0.0999876 0.06 0 0 0.72642 -0.329948 -0.0821308
663 -43881.3 -46077.7 2196.36 0.01 0.0100001 0.1 0.100001 0.06 0 0 0.727286 -0.330297 -0.0821396
664 -43906.4 -46077.7 2171.35 0.01 0.00999836 0.1 0.0999918 0.06 0 0 0.727962 -0.331237 -0.0835046
665 -43897.1 -46077.7 2180.65 0.01 0.00999955 0.1 0.0999978 0.06 0 0 0.728439 -0.331342 -0.0819185
666 -43894.1 -46077.7 2183.64 0.01 0.0100045 0.1 0.100023 0.06 0 0 0.729611 -0.331878 -0.0814422
667 -43919.6 -46077.7 2158.11 0.01 0.00999364 0.1 0.0999682 0.06 0 0 0.730625 -0.33268 -0.0807416
668 -43919.2 -46077.7 2158.54 0.01 0.0099992 0.1 0.099996 0.06 0 0 0.731921 -0.332085 -0.0807692
669 -43921.3 -46077.7 2156.37 0.01 0.00999603 0.1 0.0999801 0.06 0 0 0.732536 -0.332866 -0.0800014
670 -43920.1 -46077.7 2157.59 0.01 0.0099978 0.1 0.099989 0.06 0 0 0.733199 -0.332134 -0.0802597
671 -43918.4 -46077.7 2159.32 0.01 0.00999732 0.1 0.0999866 0.06 0 0 0.733809 -0.330534 -0.079928
672 -43935.6 -46077.7 2142.09 0.01 0.00999878 0.1 0.0999939 0.06 0 0 0.734751 -0.329972 -0.0799317
673 -43943.1 -46077.7 2134.59 0.01 0.00999649 0.1 0.0999824 0.06 0 0 0.736094 -0.329132 -0.0806739
674 -43941.9 -46077.7 2135.82 0.01 0.0100004 0.1 0.100002 0.06 0 0 0.736285 -0.329469 -0.0802742
675 -43949.7 -46077.7 2128.01 0.01 0.00999157 0.1 0.0999578 0.06 0 0 0.737486 -0.329794 -0.0801649
676 -43950.2 -46077.7 2127.54 0.01 0.0100015 0.1 0.100008 0.06 0 0 0.737343 -0.330907 -0.0803147
677 -43938.8 -46077.7 2138.92 0.01 0.010001 0.1 0.100005 0.06 0 0 0.738525 -0.330855 -0.0817166
678 -43948.1 -46077.7 2129.62 0.01 0.0100027 0.1 0.100013 0.06 0 0 0.73868 -0.331324 -0.0821144
679 -43940 -46077.7 2137.75 0.01 0.00999682 0.1 0.0999841 0.06 0 0 0.739763 -0.331683 -0.0828365
680 -43951.4 -46077.7 2126.29 0.01 0.0100055 0.1 0.100027 0.06 0 0 0.740261 -0.33085 -0.0830544
681 -43956.1 -46077.7 2121.56 0.01 0.0100005 0.1 0.100002 0.06 0 0 0.740736 -0.330836 -0.0838017
682 -43962.4 -46077.7 2115.31 0.01 0.010005 0.1 0.100025 0.06 0 0 0.74175 -0.331438 -0.0842973
683 -43953.7 -46077.7 2123.98 0.01 0.00999718 0.1 0.0999859 0.06 0 0 0.742197 -0.330409 -0.0834854
684 -43950.4 -46077.7 2127.32 0.01 0.00999357 0.1 0.0999679 0.06 0 0 0.742991 -0.331105 -0.0832984
685 -43947.8 -46077.7 2129.89 0.01 0.00999041 0.1 0.099952 0.06 0 0 0.743879 -0.331149 -0.0822891
686 -43952.3 -46077.7 2125.39 0.01 0.0100037 0.1 0.100018 0.06 0 0 0.74504 -0.330735 -0.0819624
687 -43944.4 -46077.7 2133.32 0.01 0.0100033 0.1 0.100017 0.06 0 0 0.745238 -0.329334 -0.0819268
688 -43954.9 -46077.7 2122.85 0.01 0.0100052 0.1 0.100026 0.06 0 0 0.746297 -0.328648 -0.0819645
689 -43966.4 -46077.7 2111.27 0.01 0.00999871 0.1 0.0999935 0.06 0 0 0.745257 -0.329 -0.081846
690 -43958.5 -46077.7 2119.21 0.01 0.0100028 0.1 0.100014 0.06 0 0 0.746172 -0.328144 -0.0818206
691 -43967.5 -46077.7 2110.21 0.01 0.00999717 0.1 0.0999859 0.06 0 0 0.746307 -0.328427 -0.0822553
692 -43967.5 -46077.7 2110.24 0.01 0.00999332 0.1 0.0999666 0.06 0 0 0.747642 -0.327438 -0.0820201
693 -43979.7 -46077.7 2098.04 0.01 0.0099992 0.1 0.099996 0.06 0 0 0.748805 -0.32735 -0.0816007
694 -43976.9 -46077.7 2100.79 0.01 0.00999535 0.1 0.0999768 0.06 0 0 0.750105 -0.326757 -0.0806826
695 -43960.3 -46077.7 2117.39 0.01 0.010004 0.1 0.10002 0.06 0 0 0.750668 -0.325965 -0.0807543
696 -43959.4 -46077.7 2118.28 0.01 0.00999502 0.1 0.0999751 0.06 0 0 0.75175 -0.325469 -0.08031
697 -43980.1 -46077.7 2097.62 0.01 0.00999509 0.1 0.0999755 0.06 0 0 0.751652 -0.326311 -0.0814215
698 -43979.2 -46077.7 2098.55 0.01 0.00998798 0.1 0.0999399 0.06 0 0 0.75141 -0.327446 -0.081007
699 -43973.7 -46077.7 2104.02 0.01 0.0100006 0.1 0.100003 0.06 0 0 0.752043 -0.327604 -0.080874
700 -43956.6 -46077.7 2121.08 0.01 0.00999892 0.1 0.0999946 0.06 0 0 0.752358 -0.32798 -0.0825479
701 -43977.1 -46077.7 2100.6 0.01 0.00999563 0.1 0.0999781 0.06 0 0 0.752394 -0.328472 -0.0845286
702 -43979.5 -46077.7 2098.19 0.01 0.0100073 0.1 0.100036 0.06 0 0 0.753598 -0.327612 -0.084894
703 -43977.5 -46077.7 2100.23 0.01 0.00998996 0.1 0.0999498 0.06 0 0 0.754459 -0.326725 -0.0849917
704 -43973 -46077.7 2104.7 0.01 0.00999924 0.1 0.0999962 0.06 0 0 0.755579 -0.326739 -0.0841459
705 -43969.3 -46077.7 2108.42 0.01 0.0100002 0.1 0.100001 0.06 0 0 0.756332 -0.327511 -0.0846862
706 -43974.4 -46077.7 2103.27 0.01 0.0100072 0.1 0.100036 0.06 0 0 0.756516 -0.327424 -0.084332
707 -43991.6 -46077.7 2086.13 0.01 0.010003 0.1 0.100015 0.06 0 0 0.756847 -0.326564 -0.0845481
708 -43988.5 -46077.7 2089.25 0.01 0.0100066 0.1 0.100033 0.06 0 0 0.757921 -0.325793 -0.0848739
709 -43964.9 -46077.7 2112.78 0.01 0.00999353 0.1 0.0999676 0.06 0 0 0.75786 -0.324901 -0.0841192
710 -43975 -46077.7 2102.67 0.01 0.00999933 0.1 0.0999967 0.06 0 0 0.758517 -0.324543 -0.0839079
711 -43971.2 -46077.7 2106.55 0.01 0.0100017 0.1 0.100008 0.06 0 0 0.758849 -0.32474 -0.0847896
712 -43972.3 -46077.7 2105.37 0.01 0.0100062 0.1 0.100031 0.06 0 0 0.760231 -0.323852 -0.0857456
713 -43984.6 -46077.7 2093.08 0.01 0.0100078 0.1 0.100039 0.06 0 0 0.760993 -0.324266 -0.0862841
714 -43998.5 -46077.7 2079.24 0.01 0.00999822 0.1 0.0999911 0.06 0 0 0.76152 -0.324655 -0.0865785
715 -43993.6 -46077.7 2084.1 0.01 0.0100036 0.1 0.100018 0.06 0 0 0.762802 -0.324556 -0.0861784
716 -43978.5 -46077.7 2099.2 0.01 0.0100046 0.1 0.100023 0.06 0 0 0.763364 -0.324287 -0.08734
717 -43980.3 -46077.7 2097.38 0.01 0.0100058 0.1 0.100029 0.06 0 0 0.763989 -0.323771 -0.0879707
718 -43984.8 -46077.7 2092.91 0.01 0.0099978 0.1 0.099989 0.06 0 0 0.764262 -0.324408 -0.0893134
719 -43994.4 -46077.7 2083.3 0.01 0.0100033 0.1 0.100016 0.06 0 0 0.764597 -0.324142 -0.0889347
720 -43992.2 -46077.7 2085.48 0.01 0.00999797 0.1 0.0999899 0.06 0 0 0.764615 -0.325216 -0.0883155
721 -43993.4 -46077.7 2084.34 0.01 0.0100045 0.1 0.100023 0.06 0 0 0.764745 -0.324284 -0.0877035
722 -43982.9 -46077.7 2094.86 0.01 0.00999709 0.1 0.0999854 0.06 0 0 0.765423 -0.323119 -0.0891333
723 -43989.1 -46077.7 2088.59 0.01 0.0100084 0.1 0.100042 0.06 0 0 0.766866 -0.322243 -0.0900027
724 -43988.5 -46077.7 2089.21 0.01 0.0100013 0.1 0.100007 0.06 0 0 0.767409 -0.322154 -0.0897746
725 -44001.9 -46077.7 2075.82 0.01 0.00999178 0.1 0.0999589 0.06 0 0 0.767498 -0.321884 -0.0893348
726 -43993.2 -46077.7 2084.48 0.01 0.010001 0.1 0.100005 0.06 0 0 0.767602 -0.322709 -0.0907702
727 -43989 -46077.7 2088.69 0.01 0.0100007 0.1 0.100003 0.06 0 0 0.767693 -0.322632 -0.0910363
728 -44010.6 -46077.7 2067.13 0.01 0.00999423 0.1 0.0999711 0.06 0 0 0.768816 -0.322245 -0.0899313
729 -43996.6 -46077.7 2081.14 0.01 0.0099924 0.1 0.099962 0.06 0 0 0.767986 -0.322356 -0.0909052
730 -44001.1 -46077.7 2076.58 0.01 0.00999511 0.1 0.0999755 0.06 0 0 0.769012 -0.322069 -0.0908155
731 -44013.1 -46077.7 2064.63 0.01 0.0100033 0.1 0.100016 0.06 0 0 0.769227 -0.321513 -0.090944
732 -44010.2 -46077.7 2067.48 0.01 0.00999854 0.1 0.0999927 0.06 0 0 0.769242 -0.321647 -0.0915682
733 -44015.4 -46077.7 2062.35 0.01 0.00999757 0.1 0.0999878 0.06 0 0 0.769971 -0.320721 -0.0927972
734 -44017 -46077.7 2060.72 0.01 0.00999477 0.1 0.0999739 0.06 0 0 0.770264 -0.321798 -0.0930464
735 -44010.6 -46077.7 2067.07 0.01 0.00999651 0.1 0.0999826 0.06 0 0 0.770714 -0.32116 -0.0924366
736 -44000 -46077.7 2077.75 0.01 0.00999775 0.1 0.0999888 0.06 0 0 0.771436 -0.32096 -0.0933254
737 -43984.8 -46077.7 2092.89 0.01 0.00999747 0.1 0.0999874 0.06 0 0 0.771824 -0.320881 -0.0925865
738 -44003.2 -46077.7 2074.51 0.01 0.0100005 0.1 0.100003 0.06 0 0 0.772952 -0.319848 -0.0947705
739 -44031.2 -46077.7 2046.5 0.01 0.00999574 0.1 0.0999787 0.06 0 0 0.773994 -0.319096 -0.0942419
740 -44039.6 -46077.7 2038.16 0.01 0.01 0.1 0.1 0.06 0 0 0.774798 -0.318649 -0.0950446
741 -44042.5 -46077.7 2035.25 0.01 0.00999421 0.1 0.0999711 0.06 0 0 0.775522 -0.318626 -0.0951246
742 -44035.6 -46077.7 2042.11 0.01 0.010003 0.1 0.100015 0.06 0 0 0.77583 -0.318029 -0.094651
743 -44024.3 -46077.7 2053.4 0.01 0.00999853 0.1 0.0999927 0.06 0 0 0.775267 -0.318503 -0.0957291
744 -44022.7 -46077.7 2054.96 0.01 0.00999266 0.1 0.0999633 0.06 0 0 0.776199 -0.317213 -0.0966708
745 -44023 -46077.7 2054.67 0.01 0.00999799 0.1 0.0999899 0.06 0 0 0.776733 -0.316604 -0.0967392
746 -44018.3 -46077.7 2059.45 0.01 0.0100002 0.1 0.100001 0.06 0 0 0.776917 -0.316136 -0.0963055
747 -44026.8 -46077.7 2050.92 0.01 0.010001 0.1 0.100005 0.06 0 0 0.778165 -0.315502 -0.0958435
748 -44029.7 -46077.7 2048.02 0.01 0.0100028 0.1 0.100014 0.06 0 0 0.778469 -0.315511 -0.0959691
749 -44022.3 -46077.7 2055.39 0.01 0.0100048 0.1 0.100024 0.06 0 0 0.778993 -0.315158 -0.096899
750 -44026.8 -46077.7 2050.88 0.01 0.0100018 0.1 0.100009 0.06 0 0 0.779188 -0.314649 -0.0969718
751 -44038.1 -46077.7 2039.58 0.01 0.0100039 0.1 0.10002 0.06 0 0 0.779783 -0.314962 -0.096048
752 -44028.3 -46077.7 2049.45 0.01 0.00999625 0.1 0.0999813 0.06 0 0 0.780204 -0.315276 -0.0949631
753 -44036.7 -46077.7 2040.97 0.01 0.00999672 0.1 0.0999836 0.06 0 0 0.781428 -0.315681 -0.094874
754 -44023.1 -46077.7 2054.64 0.01 0.00999898 0.1 0.0999949 0.06 0 0 0.781625 -0.315748 -0.0946266
755 -44022.6 -46077.7 2055.13 0.01 0.0100053 0.1 0.100026 0.06 0 0 0.781456 -0.316712 -0.0941708
756 -44020.3 -46077.7 2057.41 0.01 0.00999766 0.1 0.0999883 0.06 0 0 0.782057 -0.316545 -0.0949915
757 -44036.2 -46077.7 2041.47 0.01 0.00999975 0.1 0.0999987 0.06 0 0 0.783152 -0.316287 -0.0950669
758 -44030.6 -46077.7 2047.12 0.01 0.0100054 0.1 0.100027 0.06 0 0 0.783124 -0.316771 -0.0955619
759 -44029.6 -46077.7 2048.13 0.01 0.0100106 0.1 0.100053 0.06 0 0 0.783075 -0.31661 -0.0972375
760 -44018.2 -46077.7 2059.48 0.01 0.0100041 0.1 0.10002 0.06 0 0 0.782971 -0.316107 -0.097818
761 -44045.5 -46077.7 2032.19 0.01 0.00999486 0.1 0.0999743 0.06 0 0 0.784065 -0.316005 -0.0976953
762 -44030.6 -46077.7 2047.11 0.01 0.00999826 0.1 0.0999913 0.06 0 0 0.783675 -0.316851 -0.0976888
763 -44025.3 -46077.7 2052.44 0.01 0.00999276 0.1 0.0999638 0.06 0 0 0.784349 -0.316965 -0.0975414
764 -44050.9 -46077.7 2026.82 0.01 0.0100004 0.1 0.100002 0.06 0 0 0.785733 -0.316446 -0.0979931
765 -44052.9 -46077.7 2024.8 0.01 0.00999987 0.1 0.0999993 0.06 0 0 0.786152 -0.315618 -0.0991385
766 -44026.2 -46077.7 2051.5 0.01 0.0100013 0.1 0.100007 0.06 0 0 0.786308 -0.314801 -0.0989097
767 -44049.7 -46077.7 2028 0.01 0.0100043 0.1 0.100022 0.06 0 0 0.786487 -0.315221 -0.0994611
768 -44033.7 -46077.7 2043.98 0.01 0.00999925 0.1 0.0999963 0.06 0 0 0.788025 -0.313817 -0.100274
769 -44022 -46077.7 2055.71 0.01 0.00999388 0.1 0.0999694 0.06 0 0 0.788414 -0.312904 -0.100526
770 -44024.4 -46077.7 2053.33 0.01 0.0100042 0.1 0.100021 0.06 0 0 0.788423 -0.31312 -0.101243
771 -44023 -46077.7 2054.71 0.01 0.00999751 0.1 0.0999875 0.06 0 0 0.788957 -0.313571 -0.10044
772 -44025.5 -46077.7 2052.23 0.01 0.00999891 0.1 0.0999945 0.06 0 0 0.789138 -0.313266 -0.101049
773 -44035.3 -46077.7 2042.38 0.01 0.00999092 0.1 0.0999546 0.06 0 0 0.790267 -0.31314 -0.100973
774 -44052.4 -46077.7 2025.35 0.01 0.00999337 0.1 0.0999668 0.06 0 0 0.790899 -0.312008 -0.100411
775 -44049.6 -46077.7 2028.06 0.01 0.0100063 0.1 0.100031 0.06 0 0 0.791592 -0.311264 -0.100429
776 -44036.6 -46077.7 2041.1 0.01 0.00999993 0.1 0.0999997 0.06 0 0 0.791875 -0.311304 -0.101049
777 -44054.9 -46077.7 2022.82 0.01 0.0100011 0.1 0.100006 0.06 0 0 0.792111 -0.311804 -0.102289
778 -44056.7 -46077.7 2021.03 0.01 0.0100046 0.1 0.100023 0.06 0 0 0.793371 -0.310678 -0.102032
779 -44040.7 -46077.7 2037.05 0.01 0.00999436 0.1 0.0999718 0.06 0 0 0.794182 -0.309552 -0.101061
780 -44044.1 -46077.7 2033.64 0.01 0.00999993 0.1 0.0999997 0.06 0 0 0.79478 -0.307969 -0.101835
781 -44030.1 -46077.7 2047.57 0.01 0.0100003 0.1 0.100002 0.06 0 0 0.793752 -0.309206 -0.101798
782 -44027.7 -46077.7 2050.01 0.01 0.0100098 0.1 0.100049 0.06 0 0 0.794482 -0.309353 -0.10162
783 -44025.4 -46077.7 2052.32 0.01 0.00999653 0.1 0.0999826 0.06 0 0 0.794622 -0.309579 -0.102439
784 -44021.8 -46077.7 2055.96 0.01 0.0100028 0.1 0.100014 0.06 0 0 0.794994 -0.30979 -0.103916
785 -44039.9 -46077.7 2037.82 0.01 0.00999174 0.1 0.0999587 0.06 0 0 0.795442 -0.309897 -0.105137
786 -44036.9 -46077.7 2040.81 0.01 0.00999923 0.1 0.0999961 0.06 0 0 0.795545 -0.310343 -0.105294
787 -44043.4 -46077.7 2034.34 0.01 0.0100026 0.1 0.100013 0.06 0 0 0.79684 -0.309691 -0.105042
788 -44065.4 -46077.7 2012.3 0.01 0.00999734 0.1 0.0999867 0.06 0 0 0.797566 -0.308997 -0.106243
789 -44069.7 -46077.7 2007.97 0.01 0.0100053 0.1 0.100027 0.06 0 0 0.797975 -0.309011 -0.107465
790 -44057.3 -46077.7 2020.38 0.01 0.0100056 0.1 0.100028 0.06 0 0 0.797651 -0.31032 -0.107477
791 -44043.8 -46077.7 2033.89 0.01 0.00999938 0.1 0.0999969 0.06 0 0 0.798119 -0.309208 -0.10627
792 -44038.4 -46077.7 2039.31 0.01 0.00999783 0.1 0.0999892 0.06 0 0 0.798036 -0.308776 -0.106086
793 -44030 -46077.7 2047.69 0.01 0.00999632 0.1 0.0999816 0.06 0 0 0.797956 -0.309039 -0.106283
794 -44030.9 -46077.7 2046.84 0.01 0.00999456 0.1 0.0999728 0.06 0 0 0.798194 -0.308156 -0.107694
795 -44017.5 -46077.7 2060.2 0.01 0.0100035 0.1 0.100017 0.06 0 0 0.798179 -0.308706 -0.106602
796 -44034.4 -46077.7 2043.29 0.01 0.0100006 0.1 0.100003 0.06 0 0 0.799001 -0.308396 -0.107449
797 -44042.3 -46077.7 2035.44 0.01 0.0100026 0.1 0.100013 0.06 0 0 0.800487 -0.306984 -0.106973
798 -44022.7 -46077.7 2055.06 0.01 0.0100027 0.1 0.100014 0.06 0 0 0.800156 -0.307016 -0.106598
799 -44013 -46077.7 2064.76 0.01 0.00999677 0.1 0.0999838 0.06 0 0 0.800581 -0.306325 -0.107541
800 -44020.7 -46077.7 2057.01 0.01 0.0100039 0.1 0.10002 0.06 0 0 0.801706 -0.306589 -0.106778
801 -44023 -46077.7 2054.67 0.01 0.0100053 0.1 0.100027 0.06 0 0 0.801094 -0.308096 -0.107875
802 -44025.6 -46077.7 2052.07 0.01 0.00999774 0.1 0.0999887 0.06 0 0 0.801913 -0.308061 -0.107201
803 -44028.6 -46077.7 2049.13 0.01 0.0100031 0.1 0.100015 0.06 0 0 0.803027 -0.30631 -0.107091
804 -44062.1 -46077.7 2015.62 0.01 0.0099991 0.1 0.0999955 0.06 0 0 0.804253 -0.305347 -0.107464
805 -44043.7 -46077.7 2034.01 0.01 0.00999968 0.1 0.0999984 0.06 0 0 0.804811 -0.305868 -0.106722
806 -44061.8 -46077.7 2015.96 0.01 0.0100014 0.1 0.100007 0.06 0 0 0.805878 -0.305666 -0.10685
807 -44059.1 -46077.7 2018.63 0.01 0.010011 0.1 0.100055 0.06 0 0 0.806854 -0.304894 -0.108004
808 -44048.4 -46077.7 2029.36 0.01 0.00999175 0.1 0.0999587 0.06 0 0 0.80713 -0.304 -0.108071
809 -44049.4 -46077.7 2028.31 0.01 0.0099918 0.1 0.099959 0.06 0 0 0.806817 -0.303559 -0.108191
810 -44023.8 -46077.7 2053.91 0.01 0.0100001 0.1 0.1 0.06 0 0 0.807679 -0.30269 -0.107793
811 -44025.1 -46077.7 2052.59 0.01 0.0100048 0.1 0.100024 0.06 0 0 0.808341 -0.302893 -0.108611
812 -44030.3 -46077.7 2047.46 0.01 0.0100014 0.1 0.100007 0.06 0 0 0.808645 -0.303461 -0.109297
813 -44039.5 -46077.7 2038.26 0.01 0.0100047 0.1 0.100023 0.06 0 0 0.808865 -0.30414 -0.110547
814 -44030.2 -46077.7 2047.56 0.01 0.0099978 0.1 0.099989 0.06 0 0 0.809373 -0.303266 -0.110391
815 -44026.6 -46077.7 2051.08 0.01 0.0100046 0.1 0.100023 0.06 0 0 0.810009 -0.302778 -0.110381
816 -44047.1 -46077.7 2030.59 0.01 0.0099915 0.1 0.0999575 0.06 0 0 0.810077 -0.303413 -0.109116
817 -44071.2 -46077.7 2006.55 0.01 0.00999905 0.1 0.0999953 0.06 0 0 0.810768 -0.304142 -0.108825
818 -44069.1 -46077.7 2008.59 0.01 0.00999812 0.1 0.0999906 0.06 0 0 0.810979 -0.30215 -0.108584
819 -44090.8 -46077.7 1986.91 0.01 0.0100022 0.1 0.100011 0.06 0 0 0.811696 -0.302171 -0.107443
820 -44115.3 -46077.7 1962.39 0.01 0.0100037 0.1 0.100018 0.06 0 0 0.8119 -0.30322 -0.108008
821 -44100 -46077.7 1977.71 0.01 0.00999798 0.1 0.0999899 0.06 0 0 0.812893 -0.30219 -0.107615
822 -44086.6 -46077.7 1991.12 0.01 0.00999647 0.1 0.0999824 0.06 0 0 0.813256 -0.301884 -0.106404
823 -44084.6 -46077.7 1993.11 0.01 0.00999911 0.1 0.0999955 0.06 0 0 0.81339 -0.3011 -0.10663
824 -44087.7 -46077.7 1990.02 0.01 0.00999817 0.1 0.0999908 0.06 0 0 0.813821 -0.30016 -0.107844
825 -44071.1 -46077.7 2006.66 0.01 0.0100007 0.1 0.100003 0.06 0 0 0.81316 -0.298586 -0.108532
826 -44055.9 -46077.7 2021.77 0.01 0.00999221 0.1 0.0999611 0.06 0 0 0.813246 -0.299647 -0.107394
827 -44068.4 -46077.7 2009.34 0.01 0.00999633 0.1 0.0999816 0.06 0 0 0.81417 -0.299292 -0.107959
828 -44076.9 -46077.7 2000.84 0.01 0.00999619 0.1 0.099981 0.06 0 0 0.813852 -0.298544 -0.107048
829 -44069 -46077.7 2008.74 0.01 0.0100132 0.1 0.100066 0.06 0 0 0.814131 -0.298032 -0.106696
830 -44085 -46077.7 1992.73 0.01 0.00999833 0.1 0.0999916 0.06 0 0 0.815101 -0.297249 -0.106125
831 -44097.5 -46077.7 1980.24 0.01 0.0100046 0.1 0.100023 0.06 0 0 0.815554 -0.29597 -0.106289
832 -44103.3 -46077.7 1974.39 0.01 0.0100029 0.1 0.100015 0.06 0 0 0.815558 -0.295923 -0.106828
833 -44097.8 -46077.7 1979.9 0.01 0.0100016 0.1 0.100008 0.06 0 0 0.816092 -0.295538 -0.107063
834 -44092.2 -46077.7 1985.47 0.01 0.00999505 0.1 0.0999752 0.06 0 0 0.816333 -0.294959 -0.108121
835 -44098.5 -46077.7 1979.18 0.01 0.0100012 0.1 0.100006 0.06 0 0 0.815739 -0.295032 -0.107749
836 -44090.4 -46077.7 1987.29 0.01 0.00999348 0.1 0.0999674 0.06 0 0 0.816336 -0.293962 -0.108025
837 -44085.2 -46077.7 1992.53 0.01 0.0100034 0.1 0.100017 0.06 0 0 0.81648 -0.293313 -0.109059
838 -44100 -46077.7 1977.67 0.01 0.0100098 0.1 0.100049 0.06 0 0 0.816308 -0.293399 -0.109532
839 -44093.3 -46077.7 1984.41 0.01 0.010001 0.1 0.100005 0.06 0 0 0.81741 -0.291575 -0.108705
840 -44067.2 -46077.7 2010.53 0.01 0.0100002 0.1 0.100001 0.06 0 0 0.817459 -0.291589 -0.10841
841 -44082.7 -46077.7 1995.06 0.01 0.0100016 0.1 0.100008 0.06 0 0 0.818091 -0.291473 -0.110309
842 -44072.2 -46077.7 2005.54 0.01 0.00999984 0.1 0.0999992 0.06 0 0 0.819261 -0.290582 -0.108505
843 -44057.6 -46077.7 2020.12 0.01 0.00999946 0.1 0.0999973 0.06 0 0 0.819206 -0.2906 -0.107993
844 -44063.5 -46077.7 2014.2 0.01 0.0100021 0.1 0.10001 0.06 0 0 0.819648 -0.290715 -0.108561
845 -44057.2 -46077.7 2020.48 0.01 0.0100003 0.1 0.100001 0.06 0 0 0.81993 -0.290309 -0.108131
846 -44073 -46077.7 2004.69 0.01 0.0100003 0.1 0.100001 0.06 0 0 0.820007 -0.29152 -0.109187
847 -44073.7 -46077.7 2004.05 0.01 0.00999614 0.1 0.0999807 0.06 0 0 0.8203 -0.292739 -0.108767
848 -44081.7 -46077.7 1996.03 0.01 0.0100012 0.1 0.100006 0.06 0 0 0.821501 -0.291887 -0.108217
849 -44081.1 -46077.7 1996.65 0.01 0.0100003 0.1 0.100002 0.06 0 0 0.82207 -0.291418 -0.107984
850 -44090.6 -46077.7 1987.07 0.01 0.010002 0.1 0.10001 0.06 0 0 0.821446 -0.292023 -0.107812
851 -44095.6 -46077.7 1982.14 0.01 0.0100023 0.1 0.100012 0.06 0 0 0.821621 -0.292623 -0.10706
852 -44060.9 -46077.7 2016.83 0.01 0.010006 0.1 0.10003 0.06 0 0 0.821897 -0.291949 -0.107026
853 -44065.4 -46077.7 2012.29 0.01 0.0100104 0.1 0.100052 0.06 0 0 0.821275 -0.292255 -0.107028
854 -44073.9 -46077.7 2003.78 0.01 0.00999001 0.1 0.09995 0.06 0 0 0.821833 -0.291489 -0.105814
855 -44061.7 -46077.7 2015.98 0.01 0.00999496 0.1 0.0999748 0.06 0 0 0.821687 -0.289907 -0.105354
856 -44057.8 -46077.7 2019.88 0.01 0.0100029 0.1 0.100015 0.06 0 0 0.821822 -0.2908 -0.104999
857 -44051.8 -46077.7 2025.94 0.01 0.00999138 0.1 0.0999569 0.06 0 0 0.822021 -0.290367 -0.104965
858 -44049.6 -46077.7 2028.1 0.01 0.0100034 0.1 0.100017 0.06 0 0 0.822733 -0.29016 -0.105215
859 -44050.4 -46077.7 2027.34 0.01 0.00999605 0.1 0.0999803 0.06 0 0 0.822684 -0.290192 -0.105051
860 -44062.1 -46077.7 2015.64 0.01 0.0100025 0.1 0.100012 0.06 0 0 0.823825 -0.289915 -0.104984
861 -44062.6 -46077.7 2015.09 0.01 0.0100063 0.1 0.100032 0.06 0 0 0.824362 -0.288539 -0.103931
862 -44061 -46077.7 2016.74 0.01 0.0100023 0.1 0.100011 0.06 0 0 0.824169 -0.289073 -0.104139
863 -44065 -46077.7 2012.75 0.01 0.0100055 0.1 0.100027 0.06 0 0 0.824834 -0.288228 -0.104325
864 -44081 -46077.7 1996.72 0.01 0.00999304 0.1 0.0999652 0.06 0 0 0.825468 -0.288138 -0.104235
865 -44089.3 -46077.7 1988.41 0.01 0.0100076 0.1 0.100038 0.06 0 0 0.826232 -0.28843 -0.102986
866 -44087.5 -46077.7 1990.21 0.01 0.00999953 0.1 0.0999977 0.06 0 0 0.826454 -0.289089 -0.104434
867 -44074 -46077.7 2003.7 0.01 0.0100047 0.1 0.100023 0.06 0 0 0.826967 -0.289717 -0.105927
868 -44067.2 -46077.7 2010.55 0.01 0.0100058 0.1 0.100029 0.06 0 0 0.827912 -0.288966 -0.105985
869 -44060.6 -46077.7 2017.16 0.01 0.00999862 0.1 0.0999931 0.06 0 0 0.828691 -0.288681 -0.10458
870 -44054 -46077.7 2023.75 0.01 0.00999843 0.1 0.0999922 0.06 0 0 0.828807 -0.287933 -0.10449
871 -44062.9 -46077.7 2014.76 0.01 0.00999564 0.1 0.0999782 0.06 0 0 0.829689 -0.286777 -0.104264
872 -44049.2 -46077.7 2028.52 0.01 0.0100039 0.1 0.10002 0.06 0 0 0.829822 -0.287217 -0.104597
873 -44047 -46077.7 2030.7 0.01 0.00999044 0.1 0.0999522 0.06 0 0 0.830124 -0.287327 -0.105357
874 -44040 -46077.7 2037.68 0.01 0.0100063 0.1 0.100032 0.06 0 0 0.83004 -0.287674 -0.104995
875 -44069.5 -46077.7 2008.24 0.01 0.00999427 0.1 0.0999714 0.06 0 0 0.831426 -0.286388 -0.104709
876 -44072.1 -46077.7 2005.58 0.01 0.00999522 0.1 0.0999761 0.06 0 0 0.83156 -0.286175 -0.104821
877 -44084.5 -46077.7 1993.18 0.01 0.010002 0.1 0.10001 0.06 0 0 0.832201 -0.285324 -0.10477
878 -44056.3 -46077.7 2021.38 0.01 0.0100055 0.1 0.100028 0.06 0 0 0.832372 -0.28544 -0.104005
879 -44045.8 -46077.7 2031.93 0.01 0.0100023 0.1 0.100012 0.06 0 0 0.833204 -0.284249 -0.104463
880 -44080.8 -46077.7 1996.93 0.01 0.0100046 0.1 0.100023 0.06 0 0 0.833824 -0.283852 -0.10408
881 -44087.4 -46077.7 1990.36 0.01 0.00999376 0.1 0.0999688 0.06 0 0 0.834372 -0.284018 -0.10447
882 -44089.3 -46077.7 1988.4 0.01 0.0100025 0.1 0.100012 0.06 0 0 0.834663 -0.283115 -0.105002
883 -44076.7 -46077.7 2001.02 0.01 0.00999473 0.1 0.0999736 0.06 0 0 0.835251 -0.281823 -0.105942
884 -44090.8 -46077.7 1986.91 0.01 0.0100008 0.1 0.100004 0.06 0 0 0.836608 -0.280157 -0.105159
885 -44078.1 -46077.7 1999.62 0.01 0.0100093 0.1 0.100047 0.06 0 0 0.83704 -0.279872 -0.103908
886 -44084.5 -46077.7 1993.18 0.01 0.00999471 0.1 0.0999736 0.06 0 0 0.837485 -0.280064 -0.104081
887 -44078 -46077.7 1999.7 0.01 0.0100016 0.1 0.100008 0.06 0 0 0.837734 -0.280067 -0.104263
888 -44063.6 -46077.7 2014.09 0.01 0.0100005 0.1 0.100003 0.06 0 0 0.83783 -0.280761 -0.105432
889 -44071.7 -46077.7 2006.02 0.01 0.0100068 0.1 0.100034 0.06 0 0 0.838235 -0.281127 -0.105186
890 -44074.4 -46077.7 2003.27 0.01 0.0100045 0.1 0.100022 0.06 0 0 0.837708 -0.281849 -0.105425
891 -44096.1 -46077.7 1981.64 0.01 0.00999207 0.1 0.0999603 0.06 0 0 0.839058 -0.281475 -0.10547
892 -44110.8 -46077.7 1966.95 0.01 0.0100007 0.1 0.100003 0.06 0 0 0.839629 -0.280338 -0.104941
893 -44119.5 -46077.7 1958.21 0.01 0.0100067 0.1 0.100034 0.06 0 0 0.840014 -0.281717 -0.104904
894 -44110.3 -46077.7 1967.45 0.01 0.00999451 0.1 0.0999726 0.06 0 0 0.840014 -0.281733 -0.105735
895 -44107.1 -46077.7 1970.64 0.01 0.00999454 0.1 0.0999727 0.06 0 0 0.840197 -0.281758 -0.10651
896 -44114.9 -46077.7 1962.8 0.01 0.0099968 0.1 0.099984 0.06 0 0 0.840724 -0.281455 -0.105105
897 -44110.4 -46077.7 1967.27 0.01 0.0100063 0.1 0.100031 0.06 0 0 0.840643 -0.28049 -0.105042
898 -44084.4 -46077.7 1993.33 0.01 0.0100009 0.1 0.100004 0.06 0 0 0.84036 -0.280472 -0.104815
899 -44070.8 -46077.7 2006.94 0.01 0.00999753 0.1 0.0999877 0.06 0 0 0.840868 -0.279307 -0.104737
900 -44075.9 -46077.7 2001.8 0.01 0.00999911 0.1 0.0999955 0.06 0 0 0.840906 -0.279167 -0.106041
901 -44075 -46077.7 2002.7 0.01 0.010004 0.1 0.10002 0.06 0 0 0.841303 -0.278451 -0.104148
902 -44067.9 -46077.7 2009.84 0.01 0.0100028 0.1 0.100014 0.06 0 0 0.84115 -0.278306 -0.103544
903 -44067.4 -46077.7 2010.34 0.01 0.00999139 0.1 0.0999569 0.06 0 0 0.841438 -0.277988 -0.103
904 -44074.2 -46077.7 2003.55 0.01 0.0100051 0.1 0.100026 0.06 0 0 0.841018 -0.277645 -0.104038
905 -44076.1 -46077.7 2001.59 0.01 0.0100006 0.1 0.100003 0.06 0 0 0.841506 -0.276895 -0.105669
906 -44067.2 -46077.7 2010.49 0.01 0.010005 0.1 0.100025 0.06 0 0 0.841796 -0.275128 -0.104713
907 -44074.9 -46077.7 2002.79 0.01 0.0100008 0.1 0.100004 0.06 0 0 0.842003 -0.275006 -0.105102
908 -44058.3 -46077.7 2019.36 0.01 0.00999745 0.1 0.0999872 0.06 0 0 0.842106 -0.274604 -0.105118
909 -44066.4 -46077.7 2011.32 0.01 0.00999532 0.1 0.0999766 0.06 0 0 0.843176 -0.274305 -0.105026
910 -44067.9 -46077.7 2009.85 0.01 0.0100048 0.1 0.100024 0.06 0 0 0.843372 -0.274144 -0.105069
911 -44093.7 -46077.7 1984.06 0.01 0.00999205 0.1 0.0999602 0.06 0 0 0.844204 -0.272879 -0.10566
912 -44093.1 -46077.7 1984.63 0.01 0.010004 0.1 0.10002 0.06 0 0 0.844316 -0.272847 -0.104532
913 -44097.1 -46077.7 1980.62 0.01 0.0100053 0.1 0.100026 0.06 0 0 0.844638 -0.273303 -0.104783
914 -44091.5 -46077.7 1986.26 0.01 0.0100034 0.1 0.100017 0.06 0 0 0.845277 -0.272281 -0.103904
915 -44135.5 -46077.7 1942.21 0.01 0.00999364 0.1 0.0999682 0.06 0 0 0.845683 -0.272524 -0.10366
916 -44136.5 -46077.7 1941.19 0.01 0.0100048 0.1 0.100024 0.06 0 0 0.84655 -0.271085 -0.102852
917 -44136.4 -46077.7 1941.3 0.01 0.0100017 0.1 0.100009 0.06 0 0 0.846724 -0.271801 -0.102181
918 -44126.3 -46077.7 1951.43 0.01 0.0100005 0.1 0.100003 0.06 0 0 0.847464 -0.271461 -0.103861
919 -44117.6 -46077.7 1960.15 0.01 0.0100007 0.1 0.100004 0.06 0 0 0.847599 -0.272276 -0.103536
920 -44112.9 -46077.7 1964.82 0.01 0.00999661 0.1 0.0999831 0.06 0 0 0.847974 -0.271681 -0.102672
921 -44113.7 -46077.7 1964.05 0.01 0.00999745 0.1 0.0999872 0.06 0 0 0.848506 -0.271495 -0.102777
922 -44087.4 -46077.7 1990.34 0.01 0.0100021 0.1 0.100011 0.06 0 0 0.848329 -0.271446 -0.10199
923 -44104.9 -46077.7 1972.82 0.01 0.00999649 0.1 0.0999825 0.06 0 0 0.849199 -0.271238 -0.103718
924 -44114.1 -46077.7 1963.57 0.01 0.00999788 0.1 0.0999894 0.06 0 0 0.850048 -0.271422 -0.103519
925 -44118.3 -46077.7 1959.46 0.01 0.0100036 0.1 0.100018 0.06 0 0 0.850418 -0.269761 -0.103926
926 -44108.9 -46077.7 1968.79 0.01 0.0100033 0.1 0.100017 0.06 0 0 0.850714 -0.26965 -0.104381
927 -44114.1 -46077.7 1963.66 0.01 0.00999853 0.1 0.0999926 0.06 0 0 0.851459 -0.26902 -0.103586
928 -44106.8 -46077.7 1970.95 0.01 0.00999802 0.1 0.0999901 0.06 0 0 0.851836 -0.267965 -0.102906
929 -44122.6 -46077.7 1955.12 0.01 0.00999916 0.1 0.0999958 0.06 0 0 0.852543 -0.267985 -0.10246
930 -44122.9 -46077.7 1954.8 0.01 0.0100024 0.1 0.100012 0.06 0 0 0.853011 -0.26641 -0.102992
931 -44127.4 -46077.7 1950.27 0.01 0.0100067 0.1 0.100034 0.06 0 0 0.852978 -0.267067 -0.103792
932 -44117.4 -46077.7 1960.27 0.01 0.010003 0.1 0.100015 0.06 0 0 0.85338 -0.266751 -0.10457
933 -44122.5 -46077.7 1955.18 0.01 0.0100027 0.1 0.100014 0.06 0 0 0.853531 -0.266456 -0.104213
934 -44119.4 -46077.7 1958.36 0.01 0.0100041 0.1 0.10002 0.06 0 0 0.854086 -0.266076 -0.104515
935 -44102.9 -46077.7 1974.85 0.01 0.010003 0.1 0.100015 0.06 0 0 0.853725 -0.265863 -0.10392
936 -44099.9 -46077.7 1977.8 0.01 0.0100025 0.1 0.100013 0.06 0 0 0.853712 -0.265985 -0.104953
937 -44086.4 -46077.7 1991.26 0.01 0.00999792 0.1 0.0999896 0.06 0 0 0.853877 -0.265107 -0.104543
938 -44077.3 -46077.7 2000.46 0.01 0.00999742 0.1 0.0999871 0.06 0 0 0.854826 -0.263627 -0.10462
939 -44082.3 -46077.7 1995.39 0.01 0.0100018 0.1 0.100009 0.06 0 0 0.854753 -0.264365 -0.104642
940 -44072 -46077.7 2005.72 0.01 0.00999837 0.1 0.0999919 0.06 0 0 0.855274 -0.263014 -0.104
941 -44085.5 -46077.7 1992.16 0.01 0.00999665 0.1 0.0999833 0.06 0 0 0.855416 -0.265049 -0.101974
942 -44081.7 -46077.7 1996.06 0.01 0.00999754 0.1 0.0999877 0.06 0 0 0.85518 -0.265083 -0.100945
943 -44082.2 -46077.7 1995.49 0.01 0.0100042 0.1 0.100021 0.06 0 0 0.855358 -0.265258 -0.100089
944 -44091.8 -46077.7 1985.89 0.01 0.00999958 0.1 0.0999979 0.06 0 0 0.855246 -0.265437 -0.101061
945 -44088.1 -46077.7 1989.66 0.01 0.0100053 0.1 0.100026 0.06 0 0 0.855998 -0.264362 -0.100121
946 -44090.4 -46077.7 1987.3 0.01 0.00999812 0.1 0.0999906 0.06 0 0 0.856176 -0.265083 -0.100898
947 -44110.5 -46077.7 1967.25 0.01 0.0100038 0.1 0.100019 0.06 0 0 0.856815 -0.265666 -0.100419
948 -44096.4 -46077.7 1981.27 0.01 0.0100068 0.1 0.100034 0.06 0 0 0.856883 -0.265396 -0.101659
949 -44072.9 -46077.7 2004.81 0.01 0.00999526 0.1 0.0999763 0.06 0 0 0.857309 -0.266236 -0.100297
950 -44071.9 -46077.7 2005.79 0.01 0.0100086 0.1 0.100043 0.06 0 0 0.857908 -0.267283 -0.0996293
951 -44091.2 -46077.7 1986.47 0.01 0.00999618 0.1 0.0999809 0.06 0 0 0.857951 -0.266778 -0.100464
952 -44101.1 -46077.7 1976.61 0.01 0.0099988 0.1 0.099994 0.06 0 0 0.858377 -0.267386 -0.101507
953 -44090.7 -46077.7 1986.96 0.01 0.0100008 0.1 0.100004 0.06 0 0 0.858233 -0.267978 -0.101971
954 -44122.5 -46077.7 1955.21 0.01 0.00999566 0.1 0.0999783 0.06 0 0 0.859505 -0.267926 -0.101249
955 -44124.4 -46077.7 1953.28 0.01 0.0100043 0.1 0.100022 0.06 0 0 0.86057 -0.267139 -0.100991
956 -44122.9 -46077.7 1954.79 0.01 0.0100043 0.1 0.100022 0.06 0 0 0.861153 -0.267589 -0.100312
957 -44123.9 -46077.7 1953.85 0.01 0.00999259 0.1 0.0999629 0.06 0 0 0.862241 -0.266241 -0.0998451
958 -44127.7 -46077.7 1950.04 0.01 0.00999323 0.1 0.0999662 0.06 0 0 0.863009 -0.266316 -0.0989357
959 -44118.4 -46077.7 1959.36 0.01 0.00999516 0.1 0.0999758 0.06 0 0 0.863758 -0.264798 -0.0990411
960 -44102.5 -46077.7 1975.24 0.01 0.0100057 0.1 0.100029 0.06 0 0 0.863677 -0.266261 -0.0981901
961 -44111.7 -46077.7 1965.99 0.01 0.0100018 0.1 0.100009 0.06 0 0 0.864353 -0.265119 -0.0982761
962 -44107 -46077.7 1970.7 0.01 0.0100013 0.1 0.100007 0.06 0 0 0.864547 -0.264542 -0.0975359
963 -44094.2 -46077.7 1983.47 0.01 0.0100002 0.1 0.100001 0.06 0 0 0.864471 -0.263799 -0.0969559
964 -44095.5 -46077.7 1982.16 0.01 0.0100008 0.1 0.100004 0.06 0 0 0.864723 -0.264964 -0.0970602
965 -44093.5 -46077.7 1984.21 0.01 0.0100069 0.1 0.100035 0.06 0 0 0.864989 -0.262635 -0.098036
966 -44110.4 -46077.7 1967.31 0.01 0.00999465 0.1 0.0999732 0.06 0 0 0.86521 -0.26264 -0.0978412
967 -44117.9 -46077.7 1959.82 0.01 0.0100016 0.1 0.100008 0.06 0 0 0.865603 -0.26363 -0.0985784
968 -44116.2 -46077.7 1961.56 0.01 0.00999657 0.1 0.0999828 0.06 0 0 0.865237 -0.264077 -0.0984768
969 -44129.6 -46077.7 1948.15 0.01 0.00999495 0.1 0.0999748 0.06 0 0 0.865591 -0.264492 -0.0995132
970 -44132.6 -46077.7 1945.09 0.01 0.0100037 0.1 0.100019 0.06 0 0 0.865924 -0.263246 -0.100971
971 -44143.1 -46077.7 1934.57 0.01 0.00999521 0.1 0.099976 0.06 0 0 0.866236 -0.26216 -0.102582
972 -44149.4 -46077.7 1928.29 0.01 0.0100059 0.1 0.100029 0.06 0 0 0.86653 -0.261881 -0.102932
973 -44163.3 -46077.7 1914.42 0.01 0.00999947 0.1 0.0999973 0.06 0 0 0.866882 -0.261262 -0.103396
974 -44153.1 -46077.7 1924.66 0.01 0.00999971 0.1 0.0999985 0.06 0 0 0.867011 -0.261827 -0.104145
975 -44152.5 -46077.7 1925.19 0.01 0.010003 0.1 0.100015 0.06 0 0 0.867687 -0.261403 -0.103866
976 -44149 -46077.7 1928.75 0.01 0.00999923 0.1 0.0999961 0.06 0 0 0.867873 -0.261311 -0.103411
977 -44153.6 -46077.7 1924.14 0.01 0.00999741 0.1 0.099987 0.06 0 0 0.868329 -0.261247 -0.102512
978 -44132.6 -46077.7 1945.08 0.01 0.0100033 0.1 0.100017 0.06 0 0 0.868794 -0.261017 -0.102145
979 -44138.7 -46077.7 1938.97 0.01 0.0100054 0.1 0.100027 0.06 0 0 0.868979 -0.261313 -0.102199
980 -44132.9 -46077.7 1944.79 0.01 0.00999733 0.1 0.0999866 0.06 0 0 0.868888 -0.260988 -0.103165
981 -44103.3 -46077.7 1974.39 0.01 0.0100006 0.1 0.100003 0.06 0 0 0.869175 -0.259981 -0.103081
982 -44104.6 -46077.7 1973.14 0.01 0.00999558 0.1 0.0999779 0.06 0 0 0.869266 -0.259866 -0.104064
983 -44108.7 -46077.7 1969.02 0.01 0.0100014 0.1 0.100007 0.06 0 0 0.86912 -0.259429 -0.105704
984 -44110.4 -46077.7 1967.31 0.01 0.00999636 0.1 0.0999818 0.06 0 0 0.869221 -0.259047 -0.105378
985 -44109.4 -46077.7 1968.29 0.01 0.0100014 0.1 0.100007 0.06 0 0 0.86953 -0.258101 -0.105251
986 -44115.4 -46077.7 1962.36 0.01 0.0100017 0.1 0.100009 0.06 0 0 0.870023 -0.258961 -0.104372
987 -44111 -46077.7 1966.75 0.01 0.0100001 0.1 0.100001 0.06 0 0 0.869698 -0.260411 -0.102624
988 -44099.3 -46077.7 1978.45 0.01 0.00999678 0.1 0.0999839 0.06 0 0 0.869928 -0.258828 -0.103263
989 -44096.6 -46077.7 1981.13 0.01 0.0100041 0.1 0.100021 0.06 0 0 0.870114 -0.258924 -0.103891
990 -44096.7 -46077.7 1980.96 0.01 0.00999602 0.1 0.0999801 0.06 0 0 0.870057 -0.258408 -0.10391
991 -44095.4 -46077.7 1982.29 0.01 0.00999444 0.1 0.0999722 0.06 0 0 0.870102 -0.258398 -0.103285
992 -44084.5 -46077.7 1993.23 0.01 0.00999618 0.1 0.0999809 0.06 0 0 0.870235 -0.258259 -0.102433
993 -44113.8 -46077.7 1963.96 0.01 0.00999479 0.1 0.0999739 0.06 0 0 0.870696 -0.258608 -0.101884
994 -44113.4 -46077.7 1964.35 0.01 0.00999626 0.1 0.0999813 0.06 0 0 0.870424 -0.259112 -0.10097
995 -44114.5 -46077.7 1963.25 0.01 0.00999914 0.1 0.0999957 0.06 0 0 0.870854 -0.258269 -0.100175
996 -44125.1 -46077.7 1952.66 0.01 0.0100035 0.1 0.100018 0.06 0 0 0.870994 -0.258046 -0.101943
997 -44117.7 -46077.7 1960 0.01 0.00999679 0.1 0.099984 0.06 0 0 0.871227 -0.257158 -0.102081
998 -44118.6 -46077.7 1959.07 0.01 0.0100071 0.1 0.100036 0.06 0 0 0.871474 -0.256243 -0.10234
999 -44123 -46077.7 1954.7 0.01 0.0100102 0.1 0.100051 0.06 0 0 0.872333 -0.255425 -0.101171
1000 -44107 -46077.7 1970.74 0.01 0.0100008 0.1 0.100004 0.06 0 0 0.87242 -0.255641 -0.101607
