# Iteration Energy MinEnergy Delta temp realtemp dtheta realdtheta MagneticFieldX Y Z MagnetizationX Y Z
1 -1469.99 -46236 44766 0.06 0.0599977 0.244949 0.244944 0.08 0 0 0.00107067 -0.0111524 -0.002945
2 -2584.7 -46236 43651.3 0.06 0.0600193 0.244949 0.244988 0.08 0 0 0.00194796 -0.0103929 -0.00607223
3 -3540.92 -46236 42695.1 0.06 0.0599949 0.244949 0.244939 0.08 0 0 0.00524494 -0.0102757 -0.00639772
4 -4439.36 -46236 41796.6 0.06 0.0600105 0.244949 0.24497 0.08 0 0 0.00873486 -0.0102479 -0.00460837
5 -5294.19 -46236 40941.8 0.06 0.060007 0.244949 0.244963 0.08 0 0 0.0114609 -0.00992506 -0.00335637
6 -6076.38 -46236 40159.6 0.06 0.0599925 0.244949 0.244934 0.08 0 0 0.0151134 -0.0117573 -0.00317619
7 -6748.73 -46236 39487.3 0.06 0.059996 0.244949 0.244941 0.08 0 0 0.0181561 -0.0138741 -0.00442896
8 -7452.5 -46236 38783.5 0.06 0.0600008 0.244949 0.244951 0.08 0 0 0.0206777 -0.0134258 -0.00454053
9 -8100.95 -46236 38135 0.06 0.0599858 0.244949 0.24492 0.08 0 0 0.0228879 -0.0149715 -0.00502366
10 -8706.09 -46236 37529.9 0.06 0.0600086 0.244949 0.244967 0.08 0 0 0.023632 -0.0141257 -0.00591905
11 -9226.18 -46236 37009.8 0.06 0.0600067 0.244949 0.244963 0.08 0 0 0.0291796 -0.0154881 -0.00653766
12 -9837.44 -46236 36398.5 0.06 0.0599976 0.244949 0.244944 0.08 0 0 0.0318369 -0.0177349 -0.00678749
13 -10364.1 -46236 35871.9 0.06 0.0599968 0.244949 0.244942 0.08 0 0 0.0341452 -0.0197856 -0.00719342
14 -10867.2 -46236 35368.7 0.06 0.0600052 0.244949 0.24496 0.08 0 0 0.0360995 -0.021578 -0.00899819
15 -11411.5 -46236 34824.5 0.06 0.0600043 0.244949 0.244958 0.08 0 0 0.0372811 -0.0234664 -0.00740064
16 -11888.4 -46236 34347.6 0.06 0.0599985 0.244949 0.244946 0.08 0 0 0.0399562 -0.0229791 -0.00896338
17 -12379.9 -46236 33856.1 0.06 0.06 0.244949 0.244949 0.08 0 0 0.0425678 -0.0241135 -0.012004
18 -12909.1 -46236 33326.9 0.06 0.0599742 0.244949 0.244896 0.08 0 0 0.0452621 -0.024078 -0.0118828
19 -13452.7 -46236 32783.3 0.06 0.0599932 0.244949 0.244935 0.08 0 0 0.0496632 -0.0284513 -0.0123066
20 -13957.7 -46236 32278.3 0.06 0.0599997 0.244949 0.244948 0.08 0 0 0.0530523 -0.0329852 -0.0108253
21 -14432.5 -46236 31803.5 0.06 0.0600073 0.244949 0.244964 0.08 0 0 0.0572849 -0.0349096 -0.0145133
22 -14917.9 -46236 31318.1 0.06 0.0599961 0.244949 0.244941 0.08 0 0 0.060786 -0.0342012 -0.0145536
23 -15364.1 -46236 30871.9 0.06 0.0600114 0.244949 0.244972 0.08 0 0 0.0653431 -0.0339125 -0.0133105
24 -15834.7 -46236 30401.3 0.06 0.0600213 0.244949 0.244992 0.08 0 0 0.0679043 -0.0328186 -0.0133737
25 -16250.8 -46236 29985.2 0.06 0.0600174 0.244949 0.244985 0.08 0 0 0.0703667 -0.0353199 -0.0129671
26 -16707.5 -46236 29528.5 0.06 0.059986 0.244949 0.24492 0.08 0 0 0.0742358 -0.0369356 -0.0164498
27 -17103 -46236 29133 0.06 0.0600136 0.244949 0.244977 0.08 0 0 0.0748077 -0.0393223 -0.0164669
28 -17576 -46236 28659.9 0.06 0.060008 0.244949 0.244965 0.08 0 0 0.0775023 -0.0382718 -0.0158658
29 -17942.8 -46236 28293.2 0.06 0.0600096 0.244949 0.244969 0.08 0 0 0.0782471 -0.0366865 -0.0163064
30 -18316.4 -46236 27919.6 0.06 0.0599912 0.244949 0.244931 0.08 0 0 0.0803911 -0.0355732 -0.0167989
31 -18641.8 -46236 27594.2 0.06 0.0599936 0.244949 0.244936 0.08 0 0 0.0839957 -0.0352706 -0.0150814
32 -18983.2 -46236 27252.8 0.06 0.0599966 0.244949 0.244942 0.08 0 0 0.0839204 -0.0365562 -0.0154123
33 -19376.3 -46236 26859.6 0.06 0.060016 0.244949 0.244982 0.08 0 0 0.0869865 -0.0382553 -0.0159674
34 -19708 -46236 26527.9 0.06 0.0600026 0.244949 0.244954 0.08 0 0 0.0894413 -0.0398825 -0.0135566
35 -20017.4 -46236 26218.6 0.06 0.0599852 0.244949 0.244919 0.08 0 0 0.0921851 -0.0404591 -0.0141743
36 -20284.5 -46236 25951.5 0.06 0.0599877 0.244949 0.244924 0.08 0 0 0.0919903 -0.041401 -0.0154265
37 -20534.6 -46236 25701.4 0.06 0.0600169 0.244949 0.244984 0.08 0 0 0.0953925 -0.0425059 -0.0162946
38 -20812.1 -46236 25423.9 0.06 0.0600186 0.244949 0.244987 0.08 0 0 0.0997045 -0.0420544 -0.0176347
39 -20978.1 -46236 25257.9 0.06 0.0600065 0.244949 0.244962 0.08 0 0 0.104503 -0.0439493 -0.0159087
40 -21218.2 -46236 25017.8 0.06 0.0599983 0.244949 0.244945 0.08 0 0 0.105889 -0.0471912 -0.0164655
41 -21456.2 -46236 24779.7 0.06 0.0599921 0.244949 0.244933 0.08 0 0 0.107007 -0.0479571 -0.0176595
42 -21670.5 -46236 24565.5 0.06 0.0599961 0.244949 0.244941 0.08 0 0 0.108649 -0.0499999 -0.0175605
43 -21972.4 -46236 24263.6 0.06 0.0600062 0.244949 0.244962 0.08 0 0 0.108962 -0.0519063 -0.0163974
44 -22231.1 -46236 24004.9 0.06 0.0599956 0.244949 0.24494 0.08 0 0 0.109629 -0.0534562 -0.018081
45 -22441.7 -46236 23794.2 0.06 0.0599952 0.244949 0.244939 0.08 0 0 0.110881 -0.0547115 -0.0180479
46 -22593.8 -46236 23642.1 0.06 0.0599796 0.244949 0.244907 0.08 0 0 0.112628 -0.055825 -0.0187779
47 -22824.4 -46236 23411.6 0.06 0.0600096 0.244949 0.244969 0.08 0 0 0.117509 -0.0583441 -0.020547
48 -22941.8 -46236 23294.2 0.06 0.0599885 0.244949 0.244926 0.08 0 0 0.118683 -0.0585383 -0.0195384
49 -22998.8 -46236 23237.2 0.06 0.0600096 0.244949 0.244969 0.08 0 0 0.12034 -0.0601766 -0.0208541
50 -23176.4 -46236 23059.6 0.06 0.0600144 0.244949 0.244978 0.08 0 0 0.122594 -0.0599809 -0.0194537
51 -23376.3 -46236 22859.7 0.06 0.0599869 0.244949 0.244922 0.08 0 0 0.125477 -0.0623723 -0.0184192
52 -23595.9 -46236 22640.1 0.06 0.0599986 0.244949 0.244946 0.08 0 0 0.127311 -0.0600746 -0.0195941
53 -23781.8 -46236 22454.2 0.06 0.060007 0.244949 0.244963 0.08 0 0 0.13037 -0.0616193 -0.0178222
54 -23994.8 -46236 22241.2 0.06 0.0599879 0.244949 0.244924 0.08 0 0 0.132758 -0.0617989 -0.0206734
55 -24100.1 -46236 22135.8 0.06 0.0599827 0.244949 0.244914 0.08 0 0 0.134946 -0.060089 -0.0216877
56 -24230.9 -46236 22005.1 0.06 0.0600056 0.244949 0.24496 0.08 0 0 0.137486 -0.0614734 -0.0200547
57 -24401.3 -46236 21834.7 0.06 0.0599949 0.244949 0.244938 0.08 0 0 0.140931 -0.064385 -0.0184397
58 -24491.9 -46236 21744.1 0.06 0.0600153 0.244949 0.24498 0.08 0 0 0.142094 -0.0662914 -0.0205481
59 -24634.9 -46236 21601.1 0.06 0.060006 0.244949 0.244961 0.08 0 0 0.141304 -0.0700723 -0.0218392
60 -24641.3 -46236 21594.7 0.06 0.0599906 0.244949 0.24493 0.08 0 0 0.144541 -0.0678993 -0.0211301
61 -24694 -46236 21541.9 0.06 0.0600028 0.244949 0.244955 0.08 0 0 0.145556 -0.0674242 -0.0212711
62 -24889.8 -46236 21346.2 0.06 0.0600041 0.244949 0.244957 0.08 0 0 0.147554 -0.0682701 -0.0219981
63 -24927.4 -46236 21308.6 0.06 0.0599866 0.244949 0.244922 0.08 0 0 0.146501 -0.0700272 -0.021599
64 -25069.9 -46236 21166.1 0.06 0.0599972 0.244949 0.244943 0.08 0 0 0.147937 -0.0738932 -0.0204233
65 -25249.8 -46236 20986.1 0.06 0.0600044 0.244949 0.244958 0.08 0 0 0.148567 -0.0741946 -0.0209187
66 -25357.3 -46236 20878.6 0.06 0.0600023 0.244949 0.244954 0.08 0 0 0.150707 -0.075351 -0.0214498
67 -25582.1 -46236 20653.9 0.06 0.0600007 0.244949 0.24495 0.08 0 0 0.154956 -0.0775467 -0.0225791
68 -25758 -46236 20478 0.06 0.0600056 0.244949 0.24496 0.08 0 0 0.157791 -0.0776063 -0.0237761
69 -25811.3 -46236 20424.7 0.06 0.0599989 0.244949 0.244947 0.08 0 0 0.162001 -0.0797898 -0.0246747
70 -25895.2 -46236 20340.8 0.06 0.0600077 0.244949 0.244965 0.08 0 0 0.164525 -0.0799359 -0.0241361
71 -25924.9 -46236 20311 0.06 0.0599908 0.244949 0.24493 0.08 0 0 0.168416 -0.0812025 -0.0240375
72 -25966.3 -46236 20269.7 0.06 0.0600238 0.244949 0.244998 0.08 0 0 0.168419 -0.08267 -0.0281961
73 -26109.9 -46236 20126.1 0.06 0.0599981 0.244949 0.244945 0.08 0 0 0.170945 -0.0815811 -0.0279699
74 -26304.6 -46236 19931.4 0.06 0.0599889 0.244949 0.244926 0.08 0 0 0.172463 -0.0834291 -0.0299493
75 -26399.4 -46236 19836.6 0.06 0.0600049 0.244949 0.244959 0.08 0 0 0.172318 -0.0853384 -0.0284431
76 -26457.4 -46236 19778.6 0.06 0.0600123 0.244949 0.244974 0.08 0 0 0.175532 -0.0873379 -0.0309571
77 -26465.4 -46236 19770.5 0.06 0.0600093 0.244949 0.244968 0.08 0 0 0.175865 -0.0862182 -0.0265845
78 -26572 -46236 19664 0.06 0.0600037 0.244949 0.244957 0.08 0 0 0.177479 -0.0865915 -0.0256457
79 -26657.6 -46236 19578.4 0.06 0.0600017 0.244949 0.244952 0.08 0 0 0.177458 -0.0881738 -0.0279101
80 -26759.2 -46236 19476.8 0.06 0.0600042 0.244949 0.244958 0.08 0 0 0.181026 -0.0887216 -0.0316648
81 -26876.7 -46236 19359.3 0.06 0.0599788 0.244949 0.244906 0.08 0 0 0.181756 -0.0902645 -0.0326933
82 -26998.2 -46236 19237.8 0.06 0.0600118 0.244949 0.244973 0.08 0 0 0.184161 -0.0933629 -0.0323906
83 -26974.9 -46236 19261.1 0.06 0.0600016 0.244949 0.244952 0.08 0 0 0.186012 -0.0938258 -0.032673
84 -27041.5 -46236 19194.4 0.06 0.0599994 0.244949 0.244948 0.08 0 0 0.18676 -0.0954372 -0.0329091
85 -27179.9 -46236 19056.1 0.06 0.0600004 0.244949 0.24495 0.08 0 0 0.185418 -0.0954031 -0.0334676
86 -27160.1 -46236 19075.9 0.06 0.0600017 0.244949 0.244952 0.08 0 0 0.184746 -0.0991162 -0.0323917
87 -27278.1 -46236 18957.9 0.06 0.0599975 0.244949 0.244944 0.08 0 0 0.18512 -0.0993829 -0.0336065
88 -27300.2 -46236 18935.8 0.06 0.0600036 0.244949 0.244956 0.08 0 0 0.184498 -0.0995593 -0.0336566
89 -27433.4 -46236 18802.6 0.06 0.0600133 0.244949 0.244976 0.08 0 0 0.189793 -0.100418 -0.0325195
90 -27366.5 -46236 18869.5 0.06 0.0599821 0.244949 0.244912 0.08 0 0 0.191204 -0.102314 -0.0328814
91 -27540.1 -46236 18695.9 0.06 0.0600079 0.244949 0.244965 0.08 0 0 0.194055 -0.106361 -0.0319096
92 -27753 -46236 18483 0.06 0.0599959 0.244949 0.244941 0.08 0 0 0.196564 -0.106769 -0.031967
93 -27786.1 -46236 18449.9 0.06 0.0600059 0.244949 0.244961 0.08 0 0 0.196334 -0.103853 -0.0323918
94 -27830.7 -46236 18405.3 0.06 0.0599968 0.244949 0.244942 0.08 0 0 0.196563 -0.106445 -0.0330345
95 -27750.4 -46236 18485.5 0.06 0.0600004 0.244949 0.24495 0.08 0 0 0.199992 -0.107979 -0.0313906
96 -27769.5 -46236 18466.5 0.06 0.0599968 0.244949 0.244942 0.08 0 0 0.203389 -0.107223 -0.031998
97 -27792.5 -46236 18443.4 0.06 0.0599768 0.244949 0.244902 0.08 0 0 0.207995 -0.105282 -0.0322969
98 -27902.1 -46236 18333.9 0.06 0.0600114 0.244949 0.244972 0.08 0 0 0.2094 -0.106761 -0.0311183
99 -27923.2 -46236 18312.8 0.06 0.0599975 0.244949 0.244944 0.08 0 0 0.21001 -0.107037 -0.0311456
100 -27993.3 -46236 18242.7 0.06 0.0599737 0.244949 0.244895 0.08 0 0 0.21419 -0.106244 -0.0332639
101 -28035 -46236 18201 0.06 0.0600244 0.244949 0.244999 0.08 0 0 0.215248 -0.106365 -0.032813
102 -28127.4 -46236 18108.6 0.06 0.0600175 0.244949 0.244985 0.08 0 0 0.215879 -0.109189 -0.0343812
103 -28108.8 -46236 18127.2 0.06 0.0600084 0.244949 0.244966 0.08 0 0 0.216052 -0.110674 -0.0335608
104 -28187.6 -46236 18048.3 0.06 0.0599871 0.244949 0.244923 0.08 0 0 0.220794 -0.107827 -0.0353641
105 -28153.2 -46236 18082.7 0.06 0.0600151 0.244949 0.24498 0.08 0 0 0.218961 -0.105052 -0.0368486
106 -28324.6 -46236 17911.4 0.06 0.0599914 0.244949 0.244932 0.08 0 0 0.219851 -0.106671 -0.0379595
107 -28348.7 -46236 17887.3 0.06 0.0599993 0.244949 0.244947 0.08 0 0 0.221008 -0.104593 -0.0398677
108 -28515.3 -46236 17720.7 0.06 0.0599974 0.244949 0.244944 0.08 0 0 0.22359 -0.107047 -0.0365798
109 -28452.3 -46236 17783.6 0.06 0.0600167 0.244949 0.244983 0.08 0 0 0.225807 -0.106324 -0.0340625
110 -28521.4 -46236 17714.6 0.06 0.0600025 0.244949 0.244954 0.08 0 0 0.230542 -0.109272 -0.034216
111 -28595.2 -46236 17640.8 0.06 0.0599853 0.244949 0.244919 0.08 0 0 0.229444 -0.107439 -0.037213
112 -28621.7 -46236 17614.3 0.06 0.0600149 0.244949 0.244979 0.08 0 0 0.230116 -0.106693 -0.0392194
113 -28616.8 -46236 17619.2 0.06 0.0599938 0.244949 0.244936 0.08 0 0 0.233264 -0.106549 -0.0390479
114 -28663.7 -46236 17572.2 0.06 0.0600184 0.244949 0.244986 0.08 0 0 0.2368 -0.107602 -0.0390009
115 -28606.9 -46236 17629.1 0.06 0.0599959 0.244949 0.244941 0.08 0 0 0.235996 -0.108461 -0.0389835
116 -28666.1 -46236 17569.9 0.06 0.0600131 0.244949 0.244976 0.08 0 0 0.237833 -0.109388 -0.0395709
117 -28664.3 -46236 17571.7 0.06 0.0599958 0.244949 0.24494 0.08 0 0 0.239354 -0.111482 -0.0391199
118 -28725.6 -46236 17510.3 0.06 0.0599739 0.244949 0.244896 0.08 0 0 0.242605 -0.111196 -0.0386869
119 -28800.3 -46236 17435.7 0.06 0.0599703 0.244949 0.244888 0.08 0 0 0.245936 -0.108909 -0.0425716
120 -28938.7 -46236 17297.3 0.06 0.0599964 0.244949 0.244942 0.08 0 0 0.247713 -0.112574 -0.0425708
121 -28965.2 -46236 17270.8 0.06 0.0599992 0.244949 0.244947 0.08 0 0 0.245646 -0.113727 -0.0450276
122 -29098.6 -46236 17137.4 0.06 0.0599758 0.244949 0.2449 0.08 0 0 0.24793 -0.113995 -0.045085
123 -29082.4 -46236 17153.5 0.06 0.0599768 0.244949 0.244902 0.08 0 0 0.248051 -0.115443 -0.0463322
124 -29189 -46236 17047 0.06 0.0600098 0.244949 0.244969 0.08 0 0 0.250441 -0.113855 -0.045133
125 -29204.9 -46236 17031.1 0.06 0.060016 0.244949 0.244982 0.08 0 0 0.252537 -0.112947 -0.0436611
126 -29229.3 -46236 17006.7 0.06 0.0599994 0.244949 0.244948 0.08 0 0 0.252657 -0.1136 -0.0445162
127 -29351.9 -46236 16884.1 0.06 0.0599907 0.244949 0.24493 0.08 0 0 0.25217 -0.114404 -0.0451631
128 -29363.9 -46236 16872.1 0.06 0.0600054 0.244949 0.24496 0.08 0 0 0.25241 -0.113169 -0.0462015
129 -29438.4 -46236 16797.6 0.06 0.0599754 0.244949 0.244899 0.08 0 0 0.25356 -0.112902 -0.0468739
130 -29431.7 -46236 16804.2 0.06 0.060003 0.244949 0.244955 0.08 0 0 0.256296 -0.115248 -0.0456253
131 -29527.1 -46236 16708.9 0.06 0.0600078 0.244949 0.244965 0.08 0 0 0.261094 -0.116799 -0.0444464
132 -29507.1 -46236 16728.9 0.06 0.059997 0.244949 0.244943 0.08 0 0 0.262696 -0.118736 -0.046846
133 -29654.4 -46236 16581.6 0.06 0.0599888 0.244949 0.244926 0.08 0 0 0.265758 -0.121057 -0.0455717
134 -29735.4 -46236 16500.5 0.06 0.0599724 0.244949 0.244893 0.08 0 0 0.271048 -0.120132 -0.0477838
135 -29780.3 -46236 16455.6 0.06 0.0599914 0.244949 0.244932 0.08 0 0 0.271396 -0.120095 -0.0520878
136 -29643 -46236 16593 0.06 0.0600141 0.244949 0.244978 0.08 0 0 0.272036 -0.119844 -0.0500717
137 -29678.7 -46236 16557.3 0.06 0.0600022 0.244949 0.244953 0.08 0 0 0.273462 -0.122054 -0.0532609
138 -29648.7 -46236 16587.3 0.06 0.0600011 0.244949 0.244951 0.08 0 0 0.27432 -0.121437 -0.0541953
139 -29537.1 -46236 16698.9 0.06 0.0600205 0.244949 0.244991 0.08 0 0 0.27689 -0.12158 -0.0549292
140 -29487 -46236 16748.9 0.06 0.0600149 0.244949 0.244979 0.08 0 0 0.278396 -0.11999 -0.0539018
141 -29583.2 -46236 16652.7 0.06 0.0599973 0.244949 0.244943 0.08 0 0 0.280585 -0.120323 -0.0530793
142 -29576.9 -46236 16659.1 0.06 0.0600076 0.244949 0.244964 0.08 0 0 0.281442 -0.118917 -0.0515782
143 -29550.2 -46236 16685.7 0.06 0.060003 0.244949 0.244955 0.08 0 0 0.283797 -0.11824 -0.0540545
144 -29693.2 -46236 16542.8 0.06 0.0600011 0.244949 0.244951 0.08 0 0 0.289311 -0.120029 -0.0528674
145 -29801.1 -46236 16434.9 0.06 0.0600014 0.244949 0.244952 0.08 0 0 0.293394 -0.120349 -0.0526003
146 -29998.2 -46236 16237.7 0.06 0.0599955 0.244949 0.24494 0.08 0 0 0.293009 -0.12465 -0.0506227
147 -29852.9 -46236 16383.1 0.06 0.0600019 0.244949 0.244953 0.08 0 0 0.291549 -0.124679 -0.0508169
148 -29872 -46236 16364 0.06 0.0599929 0.244949 0.244934 0.08 0 0 0.292803 -0.126755 -0.0479467
149 -29950.1 -46236 16285.9 0.06 0.0599998 0.244949 0.244949 0.08 0 0 0.292597 -0.131326 -0.0477189
150 -29999.3 -46236 16236.7 0.06 0.0600153 0.244949 0.24498 0.08 0 0 0.293862 -0.129612 -0.0469033
151 -29952 -46236 16284 0.06 0.0600028 0.244949 0.244955 0.08 0 0 0.295781 -0.130778 -0.0467802
152 -29894.5 -46236 16341.4 0.06 0.0600093 0.244949 0.244968 0.08 0 0 0.297515 -0.133689 -0.0484429
153 -29912.6 -46236 16323.4 0.06 0.0600029 0.244949 0.244955 0.08 0 0 0.299173 -0.136254 -0.0511306
154 -29990.9 -46236 16245.1 0.06 0.059995 0.244949 0.244939 0.08 0 0 0.3024 -0.138384 -0.0529321
155 -30000.2 -46236 16235.7 0.06 0.0599843 0.244949 0.244917 0.08 0 0 0.305225 -0.139715 -0.0520244
156 -29892.9 -46236 16343.1 0.06 0.0599939 0.244949 0.244936 0.08 0 0 0.307905 -0.138835 -0.0508065
157 -29945.5 -46236 16290.5 0.06 0.0599806 0.244949 0.244909 0.08 0 0 0.310761 -0.141502 -0.0535996
158 -29966.4 -46236 16269.5 0.06 0.0599994 0.244949 0.244948 0.08 0 0 0.310116 -0.141863 -0.0552283
159 -29950.6 -46236 16285.4 0.06 0.0599874 0.244949 0.244923 0.08 0 0 0.30868 -0.143037 -0.0553125
160 -29965.7 -46236 16270.3 0.06 0.0599906 0.244949 0.24493 0.08 0 0 0.307349 -0.143354 -0.0528114
161 -29997.6 -46236 16238.4 0.06 0.0600257 0.244949 0.245001 0.08 0 0 0.310721 -0.143663 -0.0518747
162 -30014.3 -46236 16221.7 0.06 0.0599898 0.244949 0.244928 0.08 0 0 0.310531 -0.144812 -0.0515701
163 -30017.7 -46236 16218.3 0.06 0.0600104 0.244949 0.24497 0.08 0 0 0.312228 -0.146042 -0.0545163
164 -30109.9 -46236 16126.1 0.06 0.0600003 0.244949 0.24495 0.08 0 0 0.314227 -0.146528 -0.0545144
165 -30190.2 -46236 16045.8 0.06 0.0599926 0.244949 0.244934 0.08 0 0 0.312882 -0.149969 -0.0531226
166 -30353.2 -46236 15882.8 0.06 0.0599834 0.244949 0.244915 0.08 0 0 0.315549 -0.152646 -0.054591
167 -30425.3 -46236 15810.7 0.06 0.060014 0.244949 0.244977 0.08 0 0 0.317888 -0.151724 -0.0530179
168 -30357.8 -46236 15878.2 0.06 0.0599793 0.244949 0.244907 0.08 0 0 0.31768 -0.154801 -0.0544326
169 -30396.1 -46236 15839.8 0.06 0.0600004 0.244949 0.24495 0.08 0 0 0.31998 -0.156101 -0.0537783
170 -30467 -46236 15769 0.06 0.0600038 0.244949 0.244957 0.08 0 0 0.320504 -0.156046 -0.0533568
171 -30546.1 -46236 15689.9 0.06 0.0599913 0.244949 0.244931 0.08 0 0 0.323109 -0.157972 -0.0539383
172 -30747.3 -46236 15488.7 0.06 0.0599872 0.244949 0.244923 0.08 0 0 0.325463 -0.159101 -0.0556772
173 -30565.7 -46236 15670.3 0.06 0.0599804 0.244949 0.244909 0.08 0 0 0.324811 -0.160302 -0.0565266
174 -30725.8 -46236 15510.2 0.06 0.0600072 0.244949 0.244964 0.08 0 0 0.330169 -0.159469 -0.0587122
175 -30793.6 -46236 15442.4 0.06 0.0599825 0.244949 0.244913 0.08 0 0 0.334979 -0.160767 -0.0594423
176 -30845.2 -46236 15390.8 0.06 0.0600085 0.244949 0.244966 0.08 0 0 0.334732 -0.162506 -0.0600649
177 -30842.7 -46236 15393.3 0.06 0.0600109 0.244949 0.244971 0.08 0 0 0.33807 -0.162053 -0.0594849
178 -30759.3 -46236 15476.7 0.06 0.0599881 0.244949 0.244925 0.08 0 0 0.338873 -0.162041 -0.0613501
179 -30718.4 -46236 15517.6 0.06 0.0600094 0.244949 0.244968 0.08 0 0 0.339966 -0.163691 -0.0613878
180 -30725.3 -46236 15510.7 0.06 0.0600181 0.244949 0.244986 0.08 0 0 0.343639 -0.16527 -0.0627864
181 -30856 -46236 15380 0.06 0.0600329 0.244949 0.245016 0.08 0 0 0.346155 -0.167345 -0.0640255
182 -30946 -46236 15290 0.06 0.06003 0.244949 0.24501 0.08 0 0 0.343757 -0.167504 -0.0655209
183 -30936.4 -46236 15299.6 0.06 0.0599999 0.244949 0.244949 0.08 0 0 0.346417 -0.170199 -0.0662177
184 -31014.5 -46236 15221.5 0.06 0.0600002 0.244949 0.244949 0.08 0 0 0.349542 -0.170232 -0.0675721
185 -31040.9 -46236 15195.1 0.06 0.05999 0.244949 0.244929 0.08 0 0 0.350238 -0.171165 -0.0685549
186 -31042 -46236 15194 0.06 0.0600201 0.244949 0.24499 0.08 0 0 0.353442 -0.172136 -0.0662141
187 -31120 -46236 15116 0.06 0.0599763 0.244949 0.244901 0.08 0 0 0.354495 -0.172686 -0.0666134
188 -31254.1 -46236 14981.9 0.06 0.0599929 0.244949 0.244934 0.08 0 0 0.356807 -0.173377 -0.0669778
189 -31144.7 -46236 15091.3 0.06 0.059986 0.244949 0.24492 0.08 0 0 0.357903 -0.173189 -0.0669963
190 -31207.8 -46236 15028.2 0.06 0.0600058 0.244949 0.244961 0.08 0 0 0.359788 -0.173027 -0.0687761
191 -31297 -46236 14939 0.06 0.0599989 0.244949 0.244947 0.08 0 0 0.362452 -0.173219 -0.069104
192 -31249.4 -46236 14986.6 0.06 0.0600132 0.244949 0.244976 0.08 0 0 0.364229 -0.174347 -0.0688094
193 -31192.3 -46236 15043.6 0.06 0.060002 0.244949 0.244953 0.08 0 0 0.367427 -0.177256 -0.071118
194 -31197.1 -46236 15038.8 0.06 0.0599994 0.244949 0.244948 0.08 0 0 0.370343 -0.177204 -0.072926
195 -31185 -46236 15051 0.06 0.0600066 0.244949 0.244962 0.08 0 0 0.371418 -0.177232 -0.0711577
196 -31160.2 -46236 15075.7 0.06 0.0600033 0.244949 0.244956 0.08 0 0 0.375165 -0.17839 -0.0716495
197 -31369 -46236 14867 0.06 0.0599771 0.244949 0.244902 0.08 0 0 0.376422 -0.18016 -0.0731555
198 -31360.4 -46236 14875.5 0.06 0.0599945 0.244949 0.244938 0.08 0 0 0.377408 -0.181484 -0.0734703
199 -31304.2 -46236 14931.8 0.06 0.0600017 0.244949 0.244952 0.08 0 0 0.378164 -0.183229 -0.0755948
200 -31290.9 -46236 14945.1 0.06 0.0600193 0.244949 0.244988 0.08 0 0 0.376048 -0.183168 -0.0738691
201 -31345.8 -46236 14890.2 0.06 0.0600038 0.244949 0.244957 0.08 0 0 0.374253 -0.182231 -0.072489
202 -31387.8 -46236 14848.2 0.06 0.0599894 0.244949 0.244927 0.08 0 0 0.376914 -0.182731 -0.0716137
203 -31464.3 -46236 14771.7 0.06 0.0600048 0.244949 0.244959 0.08 0 0 0.377723 -0.184019 -0.0733886
204 -31493.8 -46236 14742.2 0.06 0.06 0.244949 0.244949 0.08 0 0 0.379136 -0.18329 -0.0762044
205 -31442.6 -46236 14793.4 0.06 0.0600006 0.244949 0.24495 0.08 0 0 0.378091 -0.185693 -0.075137
206 -31372.6 -46236 14863.4 0.06 0.0599948 0.244949 0.244938 0.08 0 0 0.379431 -0.186202 -0.0766935
207 -31331.6 -46236 14904.4 0.06 0.0600003 0.244949 0.24495 0.08 0 0 0.38035 -0.187492 -0.0762955
208 -31347 -46236 14889 0.06 0.0599991 0.244949 0.244947 0.08 0 0 0.379819 -0.188357 -0.0765559
209 -31425.7 -46236 14810.2 0.06 0.0599866 0.244949 0.244922 0.08 0 0 0.381447 -0.190075 -0.0776249
210 -31477.2 -46236 14758.8 0.06 0.0600081 0.244949 0.244966 0.08 0 0 0.382745 -0.189654 -0.0779063
211 -31436.6 -46236 14799.4 0.06 0.0600012 0.244949 0.244952 0.08 0 0 0.382791 -0.192281 -0.0798896
212 -31536.6 -46236 14699.3 0.06 0.0599864 0.244949 0.244921 0.08 0 0 0.386239 -0.19083 -0.0761084
213 -31530.7 -46236 14705.3 0.06 0.0600132 0.244949 0.244976 0.08 0 0 0.38977 -0.193423 -0.0757053
214 -31444.8 -46236 14791.2 0.06 0.0600023 0.244949 0.244954 0.08 0 0 0.392223 -0.194216 -0.0734871
215 -31450.3 -46236 14785.7 0.06 0.0599844 0.244949 0.244917 0.08 0 0 0.390505 -0.195182 -0.0742126
216 -31631.5 -46236 14604.5 0.06 0.0599969 0.244949 0.244943 0.08 0 0 0.393244 -0.193742 -0.0735582
217 -31496.1 -46236 14739.9 0.06 0.0600143 0.244949 0.244978 0.08 0 0 0.395576 -0.193508 -0.0748253
218 -31410.8 -46236 14825.2 0.06 0.0600045 0.244949 0.244958 0.08 0 0 0.396348 -0.192622 -0.0740917
219 -31568.9 -46236 14667.1 0.06 0.0600004 0.244949 0.24495 0.08 0 0 0.398414 -0.1941 -0.0720931
220 -31555.8 -46236 14680.2 0.06 0.0600043 0.244949 0.244958 0.08 0 0 0.39987 -0.195311 -0.072697
221 -31581.3 -46236 14654.7 0.06 0.0599893 0.244949 0.244927 0.08 0 0 0.401646 -0.196743 -0.0741875
222 -31587.1 -46236 14648.9 0.06 0.0599956 0.244949 0.24494 0.08 0 0 0.401296 -0.197716 -0.0730409
223 -31586.5 -46236 14649.4 0.06 0.0600161 0.244949 0.244982 0.08 0 0 0.403033 -0.199034 -0.0760264
224 -31648.3 -46236 14587.7 0.06 0.0599991 0.244949 0.244947 0.08 0 0 0.405844 -0.197109 -0.076367
225 -31645.1 -46236 14590.8 0.06 0.059999 0.244949 0.244947 0.08 0 0 0.406805 -0.19504 -0.0754537
226 -31740.8 -46236 14495.2 0.06 0.0600115 0.244949 0.244972 0.08 0 0 0.408276 -0.196739 -0.0781888
227 -31748.5 -46236 14487.4 0.06 0.0599925 0.244949 0.244934 0.08 0 0 0.407806 -0.197356 -0.0789887
228 -31666.2 -46236 14569.8 0.06 0.0599973 0.244949 0.244943 0.08 0 0 0.407843 -0.199074 -0.0792573
229 -31658.7 -46236 14577.3 0.06 0.0599714 0.244949 0.244891 0.08 0 0 0.408742 -0.199936 -0.0777569
230 -31602.4 -46236 14633.6 0.06 0.060005 0.244949 0.244959 0.08 0 0 0.410922 -0.198993 -0.0778211
231 -31597.7 -46236 14638.3 0.06 0.0599975 0.244949 0.244944 0.08 0 0 0.410128 -0.200956 -0.0769946
232 -31605.8 -46236 14630.2 0.06 0.0599891 0.244949 0.244927 0.08 0 0 0.410542 -0.200833 -0.0762733
233 -31618 -46236 14618 0.06 0.0600067 0.244949 0.244963 0.08 0 0 0.413402 -0.2009 -0.077229
234 -31650.4 -46236 14585.6 0.06 0.0600179 0.244949 0.244986 0.08 0 0 0.414006 -0.200646 -0.0761343
235 -31728.4 -46236 14507.6 0.06 0.0599993 0.244949 0.244947 0.08 0 0 0.414469 -0.200883 -0.0767617
236 -31611.9 -46236 14624.1 0.06 0.0600035 0.244949 0.244956 0.08 0 0 0.414319 -0.201746 -0.0779365
237 -31700.1 -46236 14535.8 0.06 0.0600103 0.244949 0.24497 0.08 0 0 0.416994 -0.200775 -0.0779859
238 -31741.3 -46236 14494.7 0.06 0.0600279 0.244949 0.245006 0.08 0 0 0.415755 -0.202147 -0.0801578
239 -31707.8 -46236 14528.1 0.06 0.0599784 0.244949 0.244905 0.08 0 0 0.416189 -0.202707 -0.0788594
240 -31656.6 -46236 14579.4 0.06 0.0600035 0.244949 0.244956 0.08 0 0 0.417472 -0.200068 -0.0804705
241 -31740.8 -46236 14495.2 0.06 0.059997 0.244949 0.244943 0.08 0 0 0.422652 -0.197524 -0.0799705
242 -31703.1 -46236 14532.9 0.06 0.0599914 0.244949 0.244931 0.08 0 0 0.422655 -0.198928 -0.0834312
243 -31713.7 -46236 14522.3 0.06 0.0600053 0.244949 0.24496 0.08 0 0 0.423041 -0.199431 -0.0868188
244 -31620.5 -46236 14615.5 0.06 0.060028 0.244949 0.245006 0.08 0 0 0.422994 -0.198616 -0.0837826
245 -31692.3 -46236 14543.6 0.06 0.0599876 0.244949 0.244924 0.08 0 0 0.424251 -0.201312 -0.0857626
246 -31726.7 -46236 14509.3 0.06 0.0599962 0.244949 0.244941 0.08 0 0 0.426369 -0.200895 -0.0818912
247 -31755 -46236 14481 0.06 0.0600032 0.244949 0.244955 0.08 0 0 0.426974 -0.201408 -0.0809105
248 -31776 -46236 14459.9 0.06 0.0599968 0.244949 0.244942 0.08 0 0 0.428162 -0.204968 -0.0815408
249 -31778.1 -46236 14457.8 0.06 0.0599946 0.244949 0.244938 0.08 0 0 0.429831 -0.205814 -0.0836017
250 -31696.8 -46236 14539.2 0.06 0.0599905 0.244949 0.24493 0.08 0 0 0.429655 -0.206101 -0.0831689
251 -31819.2 -46236 14416.8 0.06 0.0600188 0.244949 0.244987 0.08 0 0 0.434458 -0.206228 -0.0851076
252 -31714.9 -46236 14521.1 0.06 0.0599913 0.244949 0.244931 0.08 0 0 0.434436 -0.204811 -0.0875949
253 -31772.9 -46236 14463 0.06 0.0600013 0.244949 0.244952 0.08 0 0 0.436225 -0.20637 -0.0889437
254 -31902.5 -46236 14333.4 0.06 0.0599982 0.244949 0.244945 0.08 0 0 0.438243 -0.206185 -0.0874666
255 -31943.6 -46236 14292.4 0.06 0.0599882 0.244949 0.244925 0.08 0 0 0.439919 -0.206803 -0.0883994
256 -31956.9 -46236 14279.1 0.06 0.0599999 0.244949 0.244949 0.08 0 0 0.442597 -0.206583 -0.0897308
257 -31916 -46236 14320 0.06 0.0600036 0.244949 0.244956 0.08 0 0 0.443935 -0.207269 -0.0904945
258 -31959.5 -46236 14276.5 0.06 0.0599861 0.244949 0.244921 0.08 0 0 0.447628 -0.207798 -0.090197
259 -32019.2 -46236 14216.8 0.06 0.0600129 0.244949 0.244975 0.08 0 0 0.447704 -0.204718 -0.0893399
260 -32086.5 -46236 14149.5 0.06 0.05999 0.244949 0.244929 0.08 0 0 0.446282 -0.203844 -0.0923415
261 -32067.9 -46236 14168.1 0.06 0.0600026 0.244949 0.244954 0.08 0 0 0.447678 -0.204716 -0.0902366
262 -31998.4 -46236 14237.6 0.06 0.05999 0.244949 0.244929 0.08 0 0 0.449308 -0.204358 -0.0907164
263 -31927 -46236 14309 0.06 0.0600145 0.244949 0.244979 0.08 0 0 0.450771 -0.20318 -0.0911645
264 -31887.9 -46236 14348.1 0.06 0.0599905 0.244949 0.24493 0.08 0 0 0.452739 -0.205111 -0.0919631
265 -31858.6 -46236 14377.4 0.06 0.059992 0.244949 0.244933 0.08 0 0 0.454852 -0.203747 -0.0929381
266 -31894.3 -46236 14341.7 0.06 0.0600236 0.244949 0.244997 0.08 0 0 0.455098 -0.205175 -0.092278
267 -31967.6 -46236 14268.4 0.06 0.0599997 0.244949 0.244948 0.08 0 0 0.457561 -0.202411 -0.0916822
268 -32032.2 -46236 14203.8 0.06 0.0600123 0.244949 0.244974 0.08 0 0 0.459436 -0.20447 -0.0923233
269 -32083.6 -46236 14152.3 0.06 0.0599951 0.244949 0.244939 0.08 0 0 0.459076 -0.204583 -0.0913365
270 -32153.5 -46236 14082.5 0.06 0.0600079 0.244949 0.244965 0.08 0 0 0.460261 -0.205257 -0.0892219
271 -32126.6 -46236 14109.4 0.06 0.0599946 0.244949 0.244938 0.08 0 0 0.459692 -0.206872 -0.090417
272 -32087.7 -46236 14148.3 0.06 0.0600013 0.244949 0.244952 0.08 0 0 0.459967 -0.205506 -0.0921932
273 -32206.5 -46236 14029.5 0.06 0.0599888 0.244949 0.244926 0.08 0 0 0.463176 -0.205499 -0.0928422
274 -32234.5 -46236 14001.5 0.06 0.0600181 0.244949 0.244986 0.08 0 0 0.461799 -0.206982 -0.0928773
275 -32233.2 -46236 14002.7 0.06 0.0599975 0.244949 0.244944 0.08 0 0 0.46393 -0.206364 -0.0933704
276 -32268 -46236 13968 0.06 0.0599916 0.244949 0.244932 0.08 0 0 0.463771 -0.20722 -0.0908205
277 -32299.8 -46236 13936.2 0.06 0.0599951 0.244949 0.244939 0.08 0 0 0.462173 -0.209189 -0.0916998
278 -32326.6 -46236 13909.4 0.06 0.059993 0.244949 0.244935 0.08 0 0 0.464314 -0.208971 -0.0960548
279 -32261.2 -46236 13974.8 0.06 0.0600125 0.244949 0.244974 0.08 0 0 0.464423 -0.20931 -0.0973152
280 -32288.1 -46236 13947.9 0.06 0.0600004 0.244949 0.24495 0.08 0 0 0.465799 -0.206707 -0.100045
281 -32354.1 -46236 13881.9 0.06 0.0600225 0.244949 0.244995 0.08 0 0 0.467627 -0.207024 -0.0997386
282 -32330.3 -46236 13905.7 0.06 0.0599967 0.244949 0.244942 0.08 0 0 0.46869 -0.204561 -0.098347
283 -32399.8 -46236 13836.1 0.06 0.0599913 0.244949 0.244931 0.08 0 0 0.469324 -0.204165 -0.0984722
284 -32326 -46236 13910 0.06 0.0600002 0.244949 0.244949 0.08 0 0 0.471391 -0.204514 -0.0990299
285 -32440.7 -46236 13795.3 0.06 0.0600115 0.244949 0.244972 0.08 0 0 0.472205 -0.207014 -0.101224
286 -32494 -46236 13742 0.06 0.059991 0.244949 0.244931 0.08 0 0 0.473693 -0.207788 -0.0979491
287 -32570.4 -46236 13665.6 0.06 0.0599877 0.244949 0.244924 0.08 0 0 0.474356 -0.212277 -0.0973741
288 -32493.6 -46236 13742.4 0.06 0.0599951 0.244949 0.244939 0.08 0 0 0.474303 -0.211463 -0.0994296
289 -32485.3 -46236 13750.7 0.06 0.0599908 0.244949 0.24493 0.08 0 0 0.474358 -0.212031 -0.102524
290 -32497.7 -46236 13738.3 0.06 0.0600166 0.244949 0.244983 0.08 0 0 0.475975 -0.214145 -0.101434
291 -32441.1 -46236 13794.8 0.06 0.0599829 0.244949 0.244914 0.08 0 0 0.476782 -0.214338 -0.101722
292 -32375.8 -46236 13860.2 0.06 0.0599863 0.244949 0.244921 0.08 0 0 0.477989 -0.213564 -0.0999117
293 -32454 -46236 13782 0.06 0.0599871 0.244949 0.244923 0.08 0 0 0.480492 -0.216364 -0.10105
294 -32477.9 -46236 13758.1 0.06 0.0599998 0.244949 0.244949 0.08 0 0 0.48424 -0.217254 -0.101476
295 -32586.8 -46236 13649.2 0.06 0.0600065 0.244949 0.244962 0.08 0 0 0.486502 -0.21875 -0.10242
296 -32619.3 -46236 13616.7 0.06 0.0600083 0.244949 0.244966 0.08 0 0 0.490359 -0.216504 -0.103749
297 -32586.9 -46236 13649.1 0.06 0.0599956 0.244949 0.24494 0.08 0 0 0.493781 -0.217646 -0.102831
298 -32526.7 -46236 13709.3 0.06 0.0600008 0.244949 0.244951 0.08 0 0 0.495978 -0.215959 -0.102479
299 -32609.3 -46236 13626.7 0.06 0.0600105 0.244949 0.24497 0.08 0 0 0.498137 -0.216461 -0.102761
300 -32626.6 -46236 13609.4 0.06 0.0599902 0.244949 0.244929 0.08 0 0 0.498003 -0.21888 -0.100317
301 -32593.9 -46236 13642.1 0.06 0.0599939 0.244949 0.244937 0.08 0 0 0.497175 -0.218457 -0.102544
302 -32459.6 -46236 13776.4 0.06 0.0600231 0.244949 0.244996 0.08 0 0 0.494883 -0.220299 -0.0978552
303 -32371.7 -46236 13864.3 0.06 0.059981 0.244949 0.24491 0.08 0 0 0.494067 -0.217281 -0.0978992
304 -32274.4 -46236 13961.6 0.06 0.0599725 0.244949 0.244893 0.08 0 0 0.494779 -0.215675 -0.0999299
305 -32292.4 -46236 13943.5 0.06 0.0599905 0.244949 0.24493 0.08 0 0 0.496925 -0.212896 -0.101338
306 -32363.7 -46236 13872.3 0.06 0.0600122 0.244949 0.244974 0.08 0 0 0.498776 -0.213837 -0.102427
307 -32432.7 -46236 13803.3 0.06 0.0600109 0.244949 0.244971 0.08 0 0 0.500575 -0.215271 -0.101275
308 -32366.1 -46236 13869.9 0.06 0.0600031 0.244949 0.244955 0.08 0 0 0.499458 -0.215181 -0.0995884
309 -32389.9 -46236 13846 0.06 0.0600052 0.244949 0.24496 0.08 0 0 0.500471 -0.214038 -0.0973353
310 -32463.2 -46236 13772.8 0.06 0.0599927 0.244949 0.244934 0.08 0 0 0.500272 -0.214666 -0.0994891
311 -32515.7 -46236 13720.3 0.06 0.0599963 0.244949 0.244941 0.08 0 0 0.502407 -0.214113 -0.100454
312 -32523 -46236 13713 0.06 0.0599971 0.244949 0.244943 0.08 0 0 0.504862 -0.210804 -0.100862
313 -32427.6 -46236 13808.4 0.06 0.0600134 0.244949 0.244976 0.08 0 0 0.503769 -0.209896 -0.101316
314 -32447.2 -46236 13788.8 0.06 0.0599976 0.244949 0.244944 0.08 0 0 0.503822 -0.208583 -0.0987993
315 -32435.7 -46236 13800.2 0.06 0.0599914 0.244949 0.244931 0.08 0 0 0.503755 -0.209948 -0.0983288
316 -32448.3 -46236 13787.7 0.06 0.0599998 0.244949 0.244949 0.08 0 0 0.50524 -0.208248 -0.0965854
317 -32441.6 -46236 13794.4 0.06 0.0599976 0.244949 0.244944 0.08 0 0 0.506889 -0.207408 -0.0971552
318 -32394.1 -46236 13841.9 0.06 0.0600129 0.244949 0.244975 0.08 0 0 0.506929 -0.209055 -0.096983
319 -32489.2 -46236 13746.8 0.06 0.0599944 0.244949 0.244938 0.08 0 0 0.509975 -0.209355 -0.0989615
320 -32603.4 -46236 13632.6 0.06 0.0599719 0.244949 0.244892 0.08 0 0 0.510291 -0.212411 -0.10069
321 -32486.2 -46236 13749.8 0.06 0.0600171 0.244949 0.244984 0.08 0 0 0.508225 -0.2117 -0.101297
322 -32468.9 -46236 13767.1 0.06 0.0599982 0.244949 0.244945 0.08 0 0 0.510402 -0.21268 -0.101598
323 -32414.6 -46236 13821.4 0.06 0.0599987 0.244949 0.244946 0.08 0 0 0.509847 -0.209339 -0.10437
324 -32337.2 -46236 13898.8 0.06 0.0600028 0.244949 0.244955 0.08 0 0 0.508798 -0.210269 -0.105722
325 -32295.5 -46236 13940.5 0.06 0.0599908 0.244949 0.24493 0.08 0 0 0.507723 -0.211228 -0.104547
326 -32385.7 -46236 13850.3 0.06 0.0600099 0.244949 0.244969 0.08 0 0 0.510093 -0.213463 -0.105294
327 -32340.9 -46236 13895.1 0.06 0.0600058 0.244949 0.244961 0.08 0 0 0.511475 -0.216372 -0.105696
328 -32298.7 -46236 13937.3 0.06 0.0599922 0.244949 0.244933 0.08 0 0 0.513743 -0.213657 -0.107846
329 -32327.3 -46236 13908.6 0.06 0.0600096 0.244949 0.244969 0.08 0 0 0.514903 -0.21157 -0.105775
330 -32373.3 -46236 13862.7 0.06 0.0599991 0.244949 0.244947 0.08 0 0 0.516121 -0.211131 -0.108359
331 -32390.8 -46236 13845.2 0.06 0.0600002 0.244949 0.244949 0.08 0 0 0.519942 -0.212327 -0.109245
332 -32520.8 -46236 13715.2 0.06 0.0600039 0.244949 0.244957 0.08 0 0 0.521348 -0.216187 -0.107568
333 -32476.7 -46236 13759.3 0.06 0.0599896 0.244949 0.244928 0.08 0 0 0.521589 -0.215469 -0.108798
334 -32434.4 -46236 13801.5 0.06 0.0599877 0.244949 0.244924 0.08 0 0 0.520857 -0.214112 -0.108519
335 -32366.9 -46236 13869.1 0.06 0.0599949 0.244949 0.244939 0.08 0 0 0.521465 -0.214 -0.106697
336 -32490.7 -46236 13745.3 0.06 0.0600155 0.244949 0.244981 0.08 0 0 0.522983 -0.212908 -0.107836
337 -32444.3 -46236 13791.7 0.06 0.0600001 0.244949 0.244949 0.08 0 0 0.522651 -0.212106 -0.104551
338 -32350.6 -46236 13885.4 0.06 0.0599927 0.244949 0.244934 0.08 0 0 0.524892 -0.210098 -0.108254
339 -32400.2 -46236 13835.7 0.06 0.0599967 0.244949 0.244942 0.08 0 0 0.526663 -0.20985 -0.108786
340 -32305.9 -46236 13930.1 0.06 0.0599927 0.244949 0.244934 0.08 0 0 0.524946 -0.212479 -0.108146
341 -32328.6 -46236 13907.4 0.06 0.0599933 0.244949 0.244935 0.08 0 0 0.525073 -0.213872 -0.110958
342 -32436.7 -46236 13799.3 0.06 0.0599992 0.244949 0.244947 0.08 0 0 0.524741 -0.214973 -0.114153
343 -32519.4 -46236 13716.6 0.06 0.0599883 0.244949 0.244925 0.08 0 0 0.525511 -0.216969 -0.115094
344 -32432 -46236 13804 0.06 0.0600176 0.244949 0.244985 0.08 0 0 0.525891 -0.21524 -0.117036
345 -32506.9 -46236 13729.1 0.06 0.060011 0.244949 0.244971 0.08 0 0 0.528126 -0.216405 -0.117014
346 -32490.2 -46236 13745.8 0.06 0.0600033 0.244949 0.244956 0.08 0 0 0.529889 -0.216436 -0.117201
347 -32527 -46236 13708.9 0.06 0.0600047 0.244949 0.244959 0.08 0 0 0.53037 -0.215517 -0.117932
348 -32642.9 -46236 13593.1 0.06 0.0599971 0.244949 0.244943 0.08 0 0 0.532212 -0.212093 -0.118239
349 -32647.2 -46236 13588.7 0.06 0.0599986 0.244949 0.244946 0.08 0 0 0.53413 -0.212642 -0.114963
350 -32617.8 -46236 13618.2 0.06 0.0599997 0.244949 0.244948 0.08 0 0 0.531832 -0.211843 -0.114923
351 -32587.4 -46236 13648.6 0.06 0.060009 0.244949 0.244967 0.08 0 0 0.53462 -0.211541 -0.110844
352 -32591 -46236 13645 0.06 0.0599958 0.244949 0.24494 0.08 0 0 0.534954 -0.211558 -0.111428
353 -32650.8 -46236 13585.2 0.06 0.059997 0.244949 0.244943 0.08 0 0 0.535315 -0.210476 -0.114173
354 -32628.3 -46236 13607.6 0.06 0.0599845 0.244949 0.244917 0.08 0 0 0.537991 -0.211854 -0.115073
355 -32626 -46236 13609.9 0.06 0.0599825 0.244949 0.244913 0.08 0 0 0.539753 -0.213714 -0.114539
356 -32720.6 -46236 13515.4 0.06 0.0600081 0.244949 0.244965 0.08 0 0 0.54136 -0.2147 -0.114583
357 -32683.4 -46236 13552.6 0.06 0.0600067 0.244949 0.244963 0.08 0 0 0.543489 -0.212184 -0.112591
358 -32675.3 -46236 13560.7 0.06 0.0599884 0.244949 0.244925 0.08 0 0 0.545421 -0.212657 -0.113114
359 -32626 -46236 13610 0.06 0.0599928 0.244949 0.244934 0.08 0 0 0.546504 -0.212855 -0.112896
360 -32671.6 -46236 13564.4 0.06 0.0600058 0.244949 0.244961 0.08 0 0 0.545881 -0.213346 -0.11453
361 -32589.6 -46236 13646.4 0.06 0.0599875 0.244949 0.244923 0.08 0 0 0.545917 -0.213858 -0.113853
362 -32456.4 -46236 13779.6 0.06 0.0600202 0.244949 0.24499 0.08 0 0 0.543874 -0.214064 -0.113383
363 -32524.5 -46236 13711.5 0.06 0.0600125 0.244949 0.244975 0.08 0 0 0.545819 -0.213958 -0.11394
364 -32559 -46236 13677 0.06 0.059979 0.244949 0.244906 0.08 0 0 0.545754 -0.21571 -0.112858
365 -32595.3 -46236 13640.7 0.06 0.0599982 0.244949 0.244945 0.08 0 0 0.546628 -0.213906 -0.111789
366 -32517.8 -46236 13718.2 0.06 0.059995 0.244949 0.244939 0.08 0 0 0.548135 -0.209673 -0.113015
367 -32528.7 -46236 13707.2 0.06 0.0600024 0.244949 0.244954 0.08 0 0 0.549095 -0.208197 -0.112985
368 -32519.8 -46236 13716.1 0.06 0.0599978 0.244949 0.244944 0.08 0 0 0.549038 -0.20718 -0.113215
369 -32548.2 -46236 13687.8 0.06 0.0600111 0.244949 0.244972 0.08 0 0 0.551701 -0.206305 -0.110959
370 -32630.1 -46236 13605.9 0.06 0.0600051 0.244949 0.244959 0.08 0 0 0.554515 -0.205791 -0.109339
371 -32688.7 -46236 13547.3 0.06 0.0600001 0.244949 0.244949 0.08 0 0 0.553426 -0.20933 -0.109024
372 -32687.4 -46236 13548.6 0.06 0.0599952 0.244949 0.244939 0.08 0 0 0.552934 -0.209087 -0.110604
373 -32677.8 -46236 13558.2 0.06 0.0600109 0.244949 0.244971 0.08 0 0 0.552564 -0.207366 -0.111516
374 -32697.6 -46236 13538.3 0.06 0.0600083 0.244949 0.244966 0.08 0 0 0.554381 -0.208805 -0.111675
375 -32788.2 -46236 13447.8 0.06 0.0600118 0.244949 0.244973 0.08 0 0 0.554517 -0.206089 -0.109596
376 -32776 -46236 13459.9 0.06 0.0599969 0.244949 0.244943 0.08 0 0 0.555536 -0.204496 -0.107778
377 -32810.5 -46236 13425.5 0.06 0.0599995 0.244949 0.244948 0.08 0 0 0.558054 -0.204737 -0.108082
378 -32835.1 -46236 13400.9 0.06 0.0600047 0.244949 0.244959 0.08 0 0 0.558994 -0.205371 -0.105969
379 -32818.1 -46236 13417.9 0.06 0.0600204 0.244949 0.244991 0.08 0 0 0.561468 -0.199568 -0.105764
380 -32737.7 -46236 13498.3 0.06 0.0600097 0.244949 0.244969 0.08 0 0 0.56054 -0.198433 -0.104996
381 -32707 -46236 13529 0.06 0.0600102 0.244949 0.24497 0.08 0 0 0.55891 -0.198554 -0.102793
382 -32687.7 -46236 13548.3 0.06 0.05999 0.244949 0.244929 0.08 0 0 0.558896 -0.202332 -0.0979163
383 -32766.4 -46236 13469.6 0.06 0.0600125 0.244949 0.244975 0.08 0 0 0.559501 -0.201692 -0.0962413
384 -32741.1 -46236 13494.9 0.06 0.0599887 0.244949 0.244926 0.08 0 0 0.56116 -0.201107 -0.095209
385 -32781.5 -46236 13454.5 0.06 0.0600127 0.244949 0.244975 0.08 0 0 0.562313 -0.20187 -0.0958189
386 -32761.8 -46236 13474.2 0.06 0.0599959 0.244949 0.244941 0.08 0 0 0.560546 -0.203284 -0.0969436
387 -32755.3 -46236 13480.7 0.06 0.0599841 0.244949 0.244916 0.08 0 0 0.562671 -0.203318 -0.096341
388 -32712.5 -46236 13523.4 0.06 0.0600062 0.244949 0.244962 0.08 0 0 0.564057 -0.202003 -0.0969097
389 -32588.4 -46236 13647.6 0.06 0.0600213 0.244949 0.244992 0.08 0 0 0.563391 -0.203554 -0.0968357
390 -32695 -46236 13541 0.06 0.0599989 0.244949 0.244947 0.08 0 0 0.565817 -0.204205 -0.0993677
391 -32720.2 -46236 13515.7 0.06 0.0600051 0.244949 0.244959 0.08 0 0 0.566016 -0.205272 -0.100024
392 -32706 -46236 13530 0.06 0.0600046 0.244949 0.244958 0.08 0 0 0.566308 -0.207516 -0.0991165
393 -32749.1 -46236 13486.8 0.06 0.0599885 0.244949 0.244926 0.08 0 0 0.567619 -0.204986 -0.0989488
394 -32722.1 -46236 13513.9 0.06 0.0600008 0.244949 0.244951 0.08 0 0 0.569307 -0.206107 -0.0992711
395 -32735.3 -46236 13500.6 0.06 0.0599972 0.244949 0.244943 0.08 0 0 0.570611 -0.204926 -0.0969627
396 -32843.5 -46236 13392.5 0.06 0.0600079 0.244949 0.244965 0.08 0 0 0.571349 -0.205404 -0.0977091
397 -32868 -46236 13368 0.06 0.0600142 0.244949 0.244978 0.08 0 0 0.571989 -0.203848 -0.0985079
398 -32945.9 -46236 13290.1 0.06 0.0599823 0.244949 0.244913 0.08 0 0 0.574324 -0.202591 -0.101686
399 -32956.8 -46236 13279.2 0.06 0.0599981 0.244949 0.244945 0.08 0 0 0.577792 -0.202434 -0.0990123
400 -32971.3 -46236 13264.7 0.06 0.0600017 0.244949 0.244952 0.08 0 0 0.579135 -0.201807 -0.101856
401 -33004.4 -46236 13231.6 0.06 0.0600035 0.244949 0.244956 0.08 0 0 0.579989 -0.204946 -0.103052
402 -33025.4 -46236 13210.6 0.06 0.0599932 0.244949 0.244935 0.08 0 0 0.583138 -0.204571 -0.103219
403 -32936.2 -46236 13299.8 0.06 0.0600145 0.244949 0.244979 0.08 0 0 0.582634 -0.205382 -0.102181
404 -32955.9 -46236 13280 0.06 0.0600198 0.244949 0.244989 0.08 0 0 0.584085 -0.20616 -0.098952
405 -32990.1 -46236 13245.9 0.06 0.0600191 0.244949 0.244988 0.08 0 0 0.583785 -0.205757 -0.0994209
406 -32922 -46236 13314 0.06 0.0600053 0.244949 0.24496 0.08 0 0 0.583709 -0.205352 -0.0995016
407 -32950.2 -46236 13285.8 0.06 0.0600021 0.244949 0.244953 0.08 0 0 0.584253 -0.205469 -0.103414
408 -32922.6 -46236 13313.4 0.06 0.0599978 0.244949 0.244944 0.08 0 0 0.583274 -0.204886 -0.104147
409 -32861.8 -46236 13374.2 0.06 0.0599909 0.244949 0.24493 0.08 0 0 0.580764 -0.207359 -0.105171
410 -32940.3 -46236 13295.7 0.06 0.0599883 0.244949 0.244925 0.08 0 0 0.581869 -0.208649 -0.103995
411 -32952.8 -46236 13283.1 0.06 0.0599923 0.244949 0.244933 0.08 0 0 0.58154 -0.210165 -0.106046
412 -32876.3 -46236 13359.7 0.06 0.0599973 0.244949 0.244943 0.08 0 0 0.584541 -0.20802 -0.105344
413 -32901.7 -46236 13334.3 0.06 0.0599946 0.244949 0.244938 0.08 0 0 0.587751 -0.20767 -0.104605
414 -32899.9 -46236 13336.1 0.06 0.0600046 0.244949 0.244958 0.08 0 0 0.589184 -0.207904 -0.104022
415 -32931.7 -46236 13304.3 0.06 0.0600009 0.244949 0.244951 0.08 0 0 0.591458 -0.206545 -0.103115
416 -33000.1 -46236 13235.9 0.06 0.059998 0.244949 0.244945 0.08 0 0 0.59563 -0.206667 -0.100509
417 -33049.2 -46236 13186.8 0.06 0.0600161 0.244949 0.244982 0.08 0 0 0.595955 -0.205937 -0.103285
418 -33179.5 -46236 13056.4 0.06 0.0599876 0.244949 0.244924 0.08 0 0 0.597168 -0.208959 -0.106011
419 -33177.6 -46236 13058.4 0.06 0.0600102 0.244949 0.24497 0.08 0 0 0.596765 -0.206408 -0.106216
420 -33098.8 -46236 13137.2 0.06 0.0599919 0.244949 0.244932 0.08 0 0 0.596743 -0.207399 -0.105967
421 -33252.9 -46236 12983.1 0.06 0.0599866 0.244949 0.244922 0.08 0 0 0.597529 -0.206144 -0.107453
422 -33359.3 -46236 12876.7 0.06 0.0600052 0.244949 0.24496 0.08 0 0 0.597462 -0.20667 -0.109012
423 -33276 -46236 12959.9 0.06 0.0599914 0.244949 0.244931 0.08 0 0 0.598009 -0.208475 -0.107241
424 -33104.2 -46236 13131.8 0.06 0.0599941 0.244949 0.244937 0.08 0 0 0.594645 -0.209554 -0.108413
425 -33203.5 -46236 13032.4 0.06 0.0599991 0.244949 0.244947 0.08 0 0 0.595296 -0.210695 -0.108169
426 -33267.3 -46236 12968.7 0.06 0.0600063 0.244949 0.244962 0.08 0 0 0.594743 -0.209906 -0.110405
427 -33310.8 -46236 12925.2 0.06 0.0599854 0.244949 0.244919 0.08 0 0 0.59509 -0.209219 -0.109529
428 -33354.2 -46236 12881.8 0.06 0.0599866 0.244949 0.244922 0.08 0 0 0.595291 -0.209328 -0.110371
429 -33370.9 -46236 12865.1 0.06 0.0600056 0.244949 0.24496 0.08 0 0 0.597172 -0.211199 -0.10963
430 -33353.1 -46236 12882.8 0.06 0.0600169 0.244949 0.244983 0.08 0 0 0.59874 -0.211204 -0.10856
431 -33341.9 -46236 12894 0.06 0.059982 0.244949 0.244912 0.08 0 0 0.598691 -0.213361 -0.109227
432 -33238.3 -46236 12997.7 0.06 0.0599895 0.244949 0.244928 0.08 0 0 0.598807 -0.211456 -0.109213
433 -33307.1 -46236 12928.9 0.06 0.0599926 0.244949 0.244934 0.08 0 0 0.600592 -0.209313 -0.111415
434 -33291.9 -46236 12944.1 0.06 0.0599999 0.244949 0.244949 0.08 0 0 0.601445 -0.209046 -0.112989
435 -33286.2 -46236 12949.7 0.06 0.0599893 0.244949 0.244927 0.08 0 0 0.603126 -0.209313 -0.114419
436 -33310.6 -46236 12925.4 0.06 0.0600004 0.244949 0.24495 0.08 0 0 0.604275 -0.207991 -0.114369
437 -33411.7 -46236 12824.3 0.06 0.0599977 0.244949 0.244944 0.08 0 0 0.60648 -0.208986 -0.117283
438 -33468.5 -46236 12767.5 0.06 0.0600093 0.244949 0.244968 0.08 0 0 0.608025 -0.21009 -0.116886
439 -33483.2 -46236 12752.7 0.06 0.0600052 0.244949 0.24496 0.08 0 0 0.608402 -0.210293 -0.119503
440 -33364.7 -46236 12871.3 0.06 0.060026 0.244949 0.245002 0.08 0 0 0.60628 -0.210792 -0.120228
441 -33419.8 -46236 12816.2 0.06 0.0600037 0.244949 0.244956 0.08 0 0 0.608244 -0.210118 -0.121493
442 -33485.1 -46236 12750.9 0.06 0.0599935 0.244949 0.244936 0.08 0 0 0.609345 -0.20986 -0.121408
443 -33482.8 -46236 12753.2 0.06 0.0599972 0.244949 0.244943 0.08 0 0 0.608676 -0.20928 -0.119799
444 -33432.7 -46236 12803.3 0.06 0.0600017 0.244949 0.244952 0.08 0 0 0.607616 -0.209778 -0.121329
445 -33362.9 -46236 12873 0.06 0.0599936 0.244949 0.244936 0.08 0 0 0.607265 -0.211605 -0.122608
446 -33445.5 -46236 12790.5 0.06 0.0600067 0.244949 0.244963 0.08 0 0 0.60952 -0.210152 -0.12277
447 -33473.4 -46236 12762.5 0.06 0.0599934 0.244949 0.244935 0.08 0 0 0.612394 -0.209675 -0.124354
448 -33488.9 -46236 12747.1 0.06 0.0600084 0.244949 0.244966 0.08 0 0 0.614405 -0.210888 -0.125324
449 -33411.1 -46236 12824.9 0.06 0.0599986 0.244949 0.244946 0.08 0 0 0.61446 -0.21276 -0.124199
450 -33345.3 -46236 12890.7 0.06 0.0599736 0.244949 0.244895 0.08 0 0 0.614808 -0.212437 -0.123367
451 -33297.2 -46236 12938.8 0.06 0.0600059 0.244949 0.244961 0.08 0 0 0.613098 -0.210556 -0.121629
452 -33330.4 -46236 12905.6 0.06 0.0600052 0.244949 0.24496 0.08 0 0 0.614799 -0.212649 -0.119515
453 -33359.9 -46236 12876 0.06 0.0600098 0.244949 0.244969 0.08 0 0 0.615019 -0.213599 -0.117458
454 -33319.4 -46236 12916.6 0.06 0.0600015 0.244949 0.244952 0.08 0 0 0.615308 -0.212312 -0.117769
455 -33300.7 -46236 12935.3 0.06 0.0599973 0.244949 0.244943 0.08 0 0 0.616211 -0.212734 -0.119273
456 -33357.6 -46236 12878.4 0.06 0.0599897 0.244949 0.244928 0.08 0 0 0.613696 -0.216328 -0.119066
457 -33321.1 -46236 12914.8 0.06 0.0599908 0.244949 0.24493 0.08 0 0 0.613686 -0.216381 -0.120537
458 -33274.6 -46236 12961.4 0.06 0.0600176 0.244949 0.244985 0.08 0 0 0.613412 -0.218512 -0.120549
459 -33163.2 -46236 13072.8 0.06 0.0599985 0.244949 0.244946 0.08 0 0 0.613685 -0.215355 -0.120524
460 -33236.6 -46236 12999.4 0.06 0.0600012 0.244949 0.244952 0.08 0 0 0.613617 -0.21429 -0.121181
461 -33230.3 -46236 13005.6 0.06 0.0599866 0.244949 0.244922 0.08 0 0 0.61499 -0.214285 -0.119975
462 -33256 -46236 12980 0.06 0.0599964 0.244949 0.244942 0.08 0 0 0.616714 -0.211338 -0.121035
463 -33310.7 -46236 12925.3 0.06 0.0600071 0.244949 0.244963 0.08 0 0 0.618668 -0.210539 -0.119495
464 -33248.4 -46236 12987.6 0.06 0.0599936 0.244949 0.244936 0.08 0 0 0.618133 -0.207235 -0.121094
465 -33247.6 -46236 12988.4 0.06 0.0599966 0.244949 0.244942 0.08 0 0 0.618723 -0.204063 -0.121542
466 -33262.7 -46236 12973.3 0.06 0.0600026 0.244949 0.244954 0.08 0 0 0.618998 -0.203441 -0.122063
467 -33207.3 -46236 13028.7 0.06 0.0599882 0.244949 0.244925 0.08 0 0 0.618927 -0.201029 -0.120156
468 -33209.8 -46236 13026.2 0.06 0.0600253 0.244949 0.245001 0.08 0 0 0.619783 -0.198637 -0.122486
469 -33116.2 -46236 13119.8 0.06 0.0599905 0.244949 0.24493 0.08 0 0 0.621498 -0.196796 -0.121312
470 -33176.5 -46236 13059.5 0.06 0.0599963 0.244949 0.244941 0.08 0 0 0.62305 -0.195007 -0.120455
471 -33191.3 -46236 13044.6 0.06 0.0600124 0.244949 0.244974 0.08 0 0 0.62516 -0.19379 -0.122222
472 -33158.4 -46236 13077.6 0.06 0.059995 0.244949 0.244939 0.08 0 0 0.627674 -0.192129 -0.120802
473 -33241.5 -46236 12994.5 0.06 0.0600118 0.244949 0.244973 0.08 0 0 0.628298 -0.194116 -0.118751
474 -33231.4 -46236 13004.6 0.06 0.0600086 0.244949 0.244967 0.08 0 0 0.630565 -0.190763 -0.117187
475 -33242.3 -46236 12993.7 0.06 0.0600069 0.244949 0.244963 0.08 0 0 0.630267 -0.189367 -0.116225
476 -33174.4 -46236 13061.6 0.06 0.0599934 0.244949 0.244936 0.08 0 0 0.630084 -0.188149 -0.119076
477 -33090.2 -46236 13145.8 0.06 0.059998 0.244949 0.244945 0.08 0 0 0.629069 -0.185671 -0.123008
478 -32918.8 -46236 13317.2 0.06 0.060019 0.244949 0.244988 0.08 0 0 0.628944 -0.186665 -0.121825
479 -32949.6 -46236 13286.4 0.06 0.0600029 0.244949 0.244955 0.08 0 0 0.628875 -0.186996 -0.118688
480 -33029.3 -46236 13206.7 0.06 0.0600051 0.244949 0.244959 0.08 0 0 0.629263 -0.185141 -0.12074
481 -33015.5 -46236 13220.4 0.06 0.0600085 0.244949 0.244966 0.08 0 0 0.630015 -0.184667 -0.120617
482 -33110.6 -46236 13125.4 0.06 0.0600073 0.244949 0.244964 0.08 0 0 0.632409 -0.1865 -0.120318
483 -33217.9 -46236 13018.1 0.06 0.0599943 0.244949 0.244937 0.08 0 0 0.633678 -0.186636 -0.118864
484 -33152.8 -46236 13083.2 0.06 0.0600027 0.244949 0.244954 0.08 0 0 0.630411 -0.19004 -0.121146
485 -33091.2 -46236 13144.8 0.06 0.0600003 0.244949 0.24495 0.08 0 0 0.629757 -0.190923 -0.11957
486 -33133.5 -46236 13102.4 0.06 0.0599945 0.244949 0.244938 0.08 0 0 0.631698 -0.190453 -0.124853
487 -33201.2 -46236 13034.8 0.06 0.0599933 0.244949 0.244935 0.08 0 0 0.633455 -0.190941 -0.124096
488 -33260.5 -46236 12975.5 0.06 0.0599951 0.244949 0.244939 0.08 0 0 0.635407 -0.191059 -0.12543
489 -33201.9 -46236 13034 0.06 0.0600043 0.244949 0.244958 0.08 0 0 0.635168 -0.19171 -0.125531
490 -33345 -46236 12890.9 0.06 0.0600071 0.244949 0.244963 0.08 0 0 0.637953 -0.190478 -0.124736
491 -33294.8 -46236 12941.2 0.06 0.0600208 0.244949 0.244992 0.08 0 0 0.638455 -0.188799 -0.124603
492 -33300.3 -46236 12935.7 0.06 0.0600039 0.244949 0.244957 0.08 0 0 0.638821 -0.186936 -0.125407
493 -33285.6 -46236 12950.4 0.06 0.0600089 0.244949 0.244967 0.08 0 0 0.639552 -0.187228 -0.124934
494 -33214 -46236 13022 0.06 0.0600279 0.244949 0.245006 0.08 0 0 0.638911 -0.185666 -0.126204
495 -33251.2 -46236 12984.8 0.06 0.0599945 0.244949 0.244938 0.08 0 0 0.641335 -0.186672 -0.123745
496 -33258.4 -46236 12977.6 0.06 0.0600157 0.244949 0.244981 0.08 0 0 0.64218 -0.185534 -0.123813
497 -33248 -46236 12988 0.06 0.0599938 0.244949 0.244936 0.08 0 0 0.641851 -0.18236 -0.12357
498 -33319.3 -46236 12916.6 0.06 0.059984 0.244949 0.244916 0.08 0 0 0.644944 -0.182018 -0.122554
499 -33253.6 -46236 12982.4 0.06 0.0599927 0.244949 0.244934 0.08 0 0 0.643287 -0.178695 -0.123504
500 -33232.1 -46236 13003.9 0.06 0.060014 0.244949 0.244978 0.08 0 0 0.643672 -0.178182 -0.124546
501 -33331.5 -46236 12904.5 0.06 0.0600026 0.244949 0.244954 0.08 0 0 0.645028 -0.176692 -0.123733
502 -33319.2 -46236 12916.8 0.06 0.0599911 0.244949 0.244931 0.08 0 0 0.645416 -0.180262 -0.122328
503 -33463.7 -46236 12772.3 0.06 0.0599886 0.244949 0.244926 0.08 0 0 0.646364 -0.182842 -0.122378
504 -33537 -46236 12698.9 0.06 0.0599938 0.244949 0.244936 0.08 0 0 0.647935 -0.184077 -0.123737
505 -33503.5 -46236 12732.5 0.06 0.0600231 0.244949 0.244996 0.08 0 0 0.648366 -0.182168 -0.123201
506 -33451.1 -46236 12784.9 0.06 0.0600053 0.244949 0.24496 0.08 0 0 0.649605 -0.179481 -0.122269
507 -33440.9 -46236 12795.1 0.06 0.0600003 0.244949 0.24495 0.08 0 0 0.64932 -0.178628 -0.119114
508 -33403.1 -46236 12832.9 0.06 0.0600017 0.244949 0.244952 0.08 0 0 0.650179 -0.178175 -0.11785
509 -33503.9 -46236 12732.1 0.06 0.0600076 0.244949 0.244964 0.08 0 0 0.651117 -0.17757 -0.12001
510 -33487.3 -46236 12748.7 0.06 0.0600097 0.244949 0.244969 0.08 0 0 0.649338 -0.17829 -0.121834
511 -33563.9 -46236 12672.1 0.06 0.0600099 0.244949 0.244969 0.08 0 0 0.650694 -0.178027 -0.122852
512 -33551.3 -46236 12684.6 0.06 0.0599712 0.244949 0.24489 0.08 0 0 0.6499 -0.174991 -0.123084
513 -33503.2 -46236 12732.7 0.06 0.0599861 0.244949 0.244921 0.08 0 0 0.649313 -0.17528 -0.125049
514 -33486.6 -46236 12749.4 0.06 0.0599845 0.244949 0.244917 0.08 0 0 0.650544 -0.171257 -0.124605
515 -33430.6 -46236 12805.4 0.06 0.0599967 0.244949 0.244942 0.08 0 0 0.649251 -0.171717 -0.125157
516 -33349.2 -46236 12886.8 0.06 0.0599848 0.244949 0.244918 0.08 0 0 0.648022 -0.173011 -0.120882
517 -33502.7 -46236 12733.3 0.06 0.0600103 0.244949 0.24497 0.08 0 0 0.651514 -0.171681 -0.118997
518 -33470.2 -46236 12765.7 0.06 0.0600111 0.244949 0.244972 0.08 0 0 0.652924 -0.171411 -0.118808
519 -33482.3 -46236 12753.6 0.06 0.0599871 0.244949 0.244923 0.08 0 0 0.651954 -0.172828 -0.120741
520 -33426.7 -46236 12809.2 0.06 0.0599835 0.244949 0.244915 0.08 0 0 0.651634 -0.174627 -0.119969
521 -33408.9 -46236 12827 0.06 0.0599881 0.244949 0.244925 0.08 0 0 0.648934 -0.174192 -0.123348
522 -33445.4 -46236 12790.5 0.06 0.0599979 0.244949 0.244945 0.08 0 0 0.647503 -0.176698 -0.124428
523 -33436.5 -46236 12799.5 0.06 0.0599982 0.244949 0.244945 0.08 0 0 0.647942 -0.174354 -0.125111
524 -33384 -46236 12852 0.06 0.0600281 0.244949 0.245006 0.08 0 0 0.647357 -0.172157 -0.125801
525 -33495.8 -46236 12740.2 0.06 0.0599918 0.244949 0.244932 0.08 0 0 0.649424 -0.172601 -0.12545
526 -33527.8 -46236 12708.2 0.06 0.0599844 0.244949 0.244917 0.08 0 0 0.651258 -0.172011 -0.124945
527 -33541.1 -46236 12694.9 0.06 0.0599738 0.244949 0.244896 0.08 0 0 0.65211 -0.174057 -0.125137
528 -33530.1 -46236 12705.9 0.06 0.059986 0.244949 0.24492 0.08 0 0 0.652981 -0.178007 -0.124765
529 -33490.2 -46236 12745.8 0.06 0.0600111 0.244949 0.244972 0.08 0 0 0.653719 -0.179014 -0.125665
530 -33486.7 -46236 12749.2 0.06 0.0600169 0.244949 0.244983 0.08 0 0 0.65302 -0.17835 -0.124233
531 -33394.6 -46236 12841.4 0.06 0.0600124 0.244949 0.244974 0.08 0 0 0.651924 -0.178954 -0.124113
532 -33404.7 -46236 12831.3 0.06 0.0600211 0.244949 0.244992 0.08 0 0 0.65416 -0.178136 -0.125455
533 -33469.3 -46236 12766.6 0.06 0.0599873 0.244949 0.244923 0.08 0 0 0.655492 -0.177209 -0.126909
534 -33391.2 -46236 12844.8 0.06 0.0599921 0.244949 0.244933 0.08 0 0 0.652959 -0.176742 -0.128921
535 -33391 -46236 12845 0.06 0.0599966 0.244949 0.244942 0.08 0 0 0.653399 -0.176027 -0.125358
536 -33358.2 -46236 12877.8 0.06 0.0600036 0.244949 0.244956 0.08 0 0 0.652563 -0.175326 -0.127306
537 -33392.7 -46236 12843.3 0.06 0.0599833 0.244949 0.244915 0.08 0 0 0.654703 -0.175859 -0.125114
538 -33410.5 -46236 12825.5 0.06 0.059993 0.244949 0.244935 0.08 0 0 0.656618 -0.176598 -0.123886
539 -33324.2 -46236 12911.8 0.06 0.0600218 0.244949 0.244994 0.08 0 0 0.654379 -0.177685 -0.123677
540 -33354.8 -46236 12881.2 0.06 0.0600043 0.244949 0.244958 0.08 0 0 0.656227 -0.179152 -0.12248
541 -33400.6 -46236 12835.4 0.06 0.0600222 0.244949 0.244994 0.08 0 0 0.658741 -0.178499 -0.121302
542 -33437.3 -46236 12798.7 0.06 0.0599825 0.244949 0.244913 0.08 0 0 0.660558 -0.179203 -0.120639
543 -33465.9 -46236 12770.1 0.06 0.0599922 0.244949 0.244933 0.08 0 0 0.659982 -0.181123 -0.120008
544 -33435.6 -46236 12800.4 0.06 0.0599914 0.244949 0.244931 0.08 0 0 0.658537 -0.181716 -0.118528
545 -33489.3 -46236 12746.7 0.06 0.0600145 0.244949 0.244979 0.08 0 0 0.660036 -0.185352 -0.120151
546 -33417.7 -46236 12818.3 0.06 0.0599858 0.244949 0.24492 0.08 0 0 0.661437 -0.18506 -0.115646
547 -33493.1 -46236 12742.9 0.06 0.0600179 0.244949 0.244985 0.08 0 0 0.663289 -0.184719 -0.112086
548 -33533.6 -46236 12702.4 0.06 0.0600125 0.244949 0.244974 0.08 0 0 0.664658 -0.186771 -0.112638
549 -33514.2 -46236 12721.8 0.06 0.0600049 0.244949 0.244959 0.08 0 0 0.663717 -0.189799 -0.112775
550 -33532.1 -46236 12703.9 0.06 0.0600005 0.244949 0.24495 0.08 0 0 0.665122 -0.187394 -0.112744
551 -33592.2 -46236 12643.7 0.06 0.0599659 0.244949 0.244879 0.08 0 0 0.666391 -0.183958 -0.112536
552 -33554.3 -46236 12681.6 0.06 0.0599955 0.244949 0.24494 0.08 0 0 0.665847 -0.180269 -0.109212
553 -33526.3 -46236 12709.6 0.06 0.0599968 0.244949 0.244943 0.08 0 0 0.666125 -0.179656 -0.109292
554 -33487.5 -46236 12748.5 0.06 0.0600002 0.244949 0.244949 0.08 0 0 0.666006 -0.180434 -0.106587
555 -33487.4 -46236 12748.6 0.06 0.0599984 0.244949 0.244946 0.08 0 0 0.666905 -0.179969 -0.107149
556 -33704.5 -46236 12531.5 0.06 0.0599964 0.244949 0.244942 0.08 0 0 0.669607 -0.177818 -0.107129
557 -33655.5 -46236 12580.4 0.06 0.0599941 0.244949 0.244937 0.08 0 0 0.671343 -0.178029 -0.107719
558 -33664.2 -46236 12571.7 0.06 0.0599997 0.244949 0.244948 0.08 0 0 0.672263 -0.179426 -0.106559
559 -33641.8 -46236 12594.2 0.06 0.0600067 0.244949 0.244963 0.08 0 0 0.672401 -0.178672 -0.105765
560 -33650.6 -46236 12585.4 0.06 0.0600177 0.244949 0.244985 0.08 0 0 0.675165 -0.175013 -0.103126
561 -33714.4 -46236 12521.6 0.06 0.0599973 0.244949 0.244943 0.08 0 0 0.677135 -0.172117 -0.10104
562 -33655.6 -46236 12580.4 0.06 0.0600225 0.244949 0.244995 0.08 0 0 0.675462 -0.175662 -0.101378
563 -33598.4 -46236 12637.6 0.06 0.0600004 0.244949 0.24495 0.08 0 0 0.675295 -0.17458 -0.103359
564 -33603.5 -46236 12632.5 0.06 0.0600014 0.244949 0.244952 0.08 0 0 0.674281 -0.171647 -0.103967
565 -33567.2 -46236 12668.8 0.06 0.0600137 0.244949 0.244977 0.08 0 0 0.675472 -0.171103 -0.102737
566 -33699.2 -46236 12536.7 0.06 0.0599883 0.244949 0.244925 0.08 0 0 0.6795 -0.166422 -0.103454
567 -33749.5 -46236 12486.4 0.06 0.0599943 0.244949 0.244937 0.08 0 0 0.681005 -0.166169 -0.102068
568 -33723.7 -46236 12512.2 0.06 0.0599952 0.244949 0.244939 0.08 0 0 0.68149 -0.16606 -0.100488
569 -33766.9 -46236 12469.1 0.06 0.0600075 0.244949 0.244964 0.08 0 0 0.681005 -0.166607 -0.10352
570 -33749.8 -46236 12486.2 0.06 0.0600108 0.244949 0.244971 0.08 0 0 0.680563 -0.168552 -0.103902
571 -33604.9 -46236 12631.1 0.06 0.0600192 0.244949 0.244988 0.08 0 0 0.681107 -0.166179 -0.10592
572 -33611.1 -46236 12624.8 0.06 0.0600122 0.244949 0.244974 0.08 0 0 0.679531 -0.167196 -0.107896
573 -33684.5 -46236 12551.5 0.06 0.0600064 0.244949 0.244962 0.08 0 0 0.680599 -0.167092 -0.108625
574 -33607.1 -46236 12628.9 0.06 0.0599963 0.244949 0.244941 0.08 0 0 0.680867 -0.168052 -0.109949
575 -33585 -46236 12651 0.06 0.0599966 0.244949 0.244942 0.08 0 0 0.681058 -0.170777 -0.110249
576 -33602.3 -46236 12633.6 0.06 0.0600035 0.244949 0.244956 0.08 0 0 0.680725 -0.172821 -0.111401
577 -33637.8 -46236 12598.2 0.06 0.0599945 0.244949 0.244938 0.08 0 0 0.681883 -0.171345 -0.110939
578 -33665.5 -46236 12570.5 0.06 0.0599816 0.244949 0.244911 0.08 0 0 0.683936 -0.169598 -0.11169
579 -33747.7 -46236 12488.3 0.06 0.0600095 0.244949 0.244968 0.08 0 0 0.685997 -0.166393 -0.112261
580 -33631.4 -46236 12604.6 0.06 0.0599981 0.244949 0.244945 0.08 0 0 0.685598 -0.164863 -0.10966
581 -33546.9 -46236 12689.1 0.06 0.0599897 0.244949 0.244928 0.08 0 0 0.683925 -0.165375 -0.110851
582 -33515.4 -46236 12720.5 0.06 0.0600028 0.244949 0.244955 0.08 0 0 0.683959 -0.165482 -0.10762
583 -33469.5 -46236 12766.5 0.06 0.0599997 0.244949 0.244948 0.08 0 0 0.6828 -0.167582 -0.109163
584 -33471.3 -46236 12764.7 0.06 0.0599821 0.244949 0.244912 0.08 0 0 0.682675 -0.167797 -0.110785
585 -33567.7 -46236 12668.3 0.06 0.0600056 0.244949 0.24496 0.08 0 0 0.681358 -0.169022 -0.108043
586 -33413.3 -46236 12822.7 0.06 0.060003 0.244949 0.244955 0.08 0 0 0.679782 -0.171059 -0.10327
587 -33463.4 -46236 12772.6 0.06 0.059995 0.244949 0.244939 0.08 0 0 0.680212 -0.171633 -0.10342
588 -33529.1 -46236 12706.8 0.06 0.059994 0.244949 0.244937 0.08 0 0 0.680481 -0.171724 -0.104936
589 -33485.9 -46236 12750 0.06 0.0599882 0.244949 0.244925 0.08 0 0 0.681212 -0.171432 -0.10732
590 -33561.2 -46236 12674.7 0.06 0.060004 0.244949 0.244957 0.08 0 0 0.682296 -0.171964 -0.107132
591 -33509 -46236 12727 0.06 0.0600163 0.244949 0.244982 0.08 0 0 0.682458 -0.171889 -0.105698
592 -33483.9 -46236 12752.1 0.06 0.0600102 0.244949 0.24497 0.08 0 0 0.682972 -0.173648 -0.103098
593 -33574.7 -46236 12661.3 0.06 0.0599944 0.244949 0.244938 0.08 0 0 0.685807 -0.171728 -0.0975959
594 -33525.2 -46236 12710.7 0.06 0.0600059 0.244949 0.244961 0.08 0 0 0.684971 -0.173021 -0.0984207
595 -33578.2 -46236 12657.8 0.06 0.0600047 0.244949 0.244959 0.08 0 0 0.687055 -0.173866 -0.0963568
596 -33464.2 -46236 12771.8 0.06 0.0600101 0.244949 0.24497 0.08 0 0 0.685269 -0.175361 -0.0951152
597 -33444.1 -46236 12791.9 0.06 0.0599962 0.244949 0.244941 0.08 0 0 0.6852 -0.175601 -0.0979366
598 -33541.3 -46236 12694.7 0.06 0.0600085 0.244949 0.244966 0.08 0 0 0.687568 -0.175221 -0.0977202
599 -33644.3 -46236 12591.7 0.06 0.0599954 0.244949 0.24494 0.08 0 0 0.687702 -0.173989 -0.0998386
600 -33554 -46236 12681.9 0.06 0.0599922 0.244949 0.244933 0.08 0 0 0.685264 -0.174679 -0.101002
601 -33700.1 -46236 12535.8 0.06 0.0600047 0.244949 0.244959 0.08 0 0 0.686645 -0.175333 -0.0975984
602 -33691.6 -46236 12544.4 0.06 0.0599745 0.244949 0.244897 0.08 0 0 0.68576 -0.174626 -0.101454
603 -33665.8 -46236 12570.2 0.06 0.0600059 0.244949 0.244961 0.08 0 0 0.683665 -0.17612 -0.0999924
604 -33718.1 -46236 12517.9 0.06 0.0599847 0.244949 0.244918 0.08 0 0 0.685656 -0.176645 -0.0968126
605 -33667.9 -46236 12568.1 0.06 0.059998 0.244949 0.244945 0.08 0 0 0.68608 -0.176738 -0.0972909
606 -33706.2 -46236 12529.8 0.06 0.0599898 0.244949 0.244928 0.08 0 0 0.687994 -0.175873 -0.0990256
607 -33784.4 -46236 12451.6 0.06 0.0599874 0.244949 0.244923 0.08 0 0 0.68965 -0.176603 -0.0970801
608 -33839.7 -46236 12396.3 0.06 0.0600087 0.244949 0.244967 0.08 0 0 0.690241 -0.176056 -0.0974579
609 -33792.5 -46236 12443.5 0.06 0.0599921 0.244949 0.244933 0.08 0 0 0.690536 -0.173791 -0.0979641
610 -33784.8 -46236 12451.2 0.06 0.0599954 0.244949 0.24494 0.08 0 0 0.688912 -0.172961 -0.0961068
611 -33675.7 -46236 12560.3 0.06 0.0599981 0.244949 0.244945 0.08 0 0 0.688425 -0.173744 -0.0948697
612 -33672 -46236 12564 0.06 0.0600111 0.244949 0.244972 0.08 0 0 0.689655 -0.174896 -0.0923193
613 -33633.5 -46236 12602.5 0.06 0.0600015 0.244949 0.244952 0.08 0 0 0.690833 -0.172596 -0.091148
614 -33662.1 -46236 12573.8 0.06 0.060012 0.244949 0.244973 0.08 0 0 0.689564 -0.171194 -0.0926794
615 -33600.8 -46236 12635.2 0.06 0.0599982 0.244949 0.244945 0.08 0 0 0.689639 -0.172822 -0.0936438
616 -33566.3 -46236 12669.7 0.06 0.0599848 0.244949 0.244918 0.08 0 0 0.690513 -0.172092 -0.0921599
617 -33575.7 -46236 12660.3 0.06 0.0599831 0.244949 0.244914 0.08 0 0 0.690155 -0.170238 -0.0923241
618 -33762.3 -46236 12473.6 0.06 0.0599866 0.244949 0.244922 0.08 0 0 0.692676 -0.173072 -0.0945516
619 -33832.2 -46236 12403.8 0.06 0.05998 0.244949 0.244908 0.08 0 0 0.692147 -0.17505 -0.0953757
620 -33787 -46236 12448.9 0.06 0.0599793 0.244949 0.244907 0.08 0 0 0.692373 -0.176206 -0.0943004
621 -33714.3 -46236 12521.7 0.06 0.0600074 0.244949 0.244964 0.08 0 0 0.692406 -0.175029 -0.0935105
622 -33734.5 -46236 12501.4 0.06 0.0599956 0.244949 0.24494 0.08 0 0 0.692956 -0.176468 -0.0891884
623 -33688.4 -46236 12547.6 0.06 0.0599936 0.244949 0.244936 0.08 0 0 0.691745 -0.177006 -0.0885356
624 -33686.5 -46236 12549.5 0.06 0.0600121 0.244949 0.244974 0.08 0 0 0.691475 -0.176655 -0.0889768
625 -33677.9 -46236 12558 0.06 0.0600006 0.244949 0.24495 0.08 0 0 0.692347 -0.176303 -0.090086
626 -33610.9 -46236 12625.1 0.06 0.0599982 0.244949 0.244945 0.08 0 0 0.693398 -0.176149 -0.0900998
627 -33518 -46236 12718 0.06 0.0599923 0.244949 0.244933 0.08 0 0 0.693808 -0.173517 -0.0894679
628 -33515.6 -46236 12720.4 0.06 0.0599846 0.244949 0.244918 0.08 0 0 0.695009 -0.171926 -0.0881105
629 -33472 -46236 12764 0.06 0.0600331 0.244949 0.245017 0.08 0 0 0.69586 -0.170359 -0.0862238
630 -33510.1 -46236 12725.9 0.06 0.0600046 0.244949 0.244958 0.08 0 0 0.697757 -0.172879 -0.0852841
631 -33600.4 -46236 12635.6 0.06 0.0599996 0.244949 0.244948 0.08 0 0 0.698488 -0.172196 -0.0856168
632 -33635 -46236 12601 0.06 0.0599911 0.244949 0.244931 0.08 0 0 0.698617 -0.172072 -0.0833241
633 -33702.1 -46236 12533.9 0.06 0.059992 0.244949 0.244933 0.08 0 0 0.699446 -0.172504 -0.0826258
634 -33716.6 -46236 12519.3 0.06 0.0600117 0.244949 0.244973 0.08 0 0 0.700673 -0.172517 -0.0823395
635 -33681.6 -46236 12554.4 0.06 0.0600151 0.244949 0.24498 0.08 0 0 0.701341 -0.173409 -0.081666
636 -33788.8 -46236 12447.2 0.06 0.0599964 0.244949 0.244942 0.08 0 0 0.703226 -0.175124 -0.0815096
637 -33854.2 -46236 12381.8 0.06 0.06 0.244949 0.244949 0.08 0 0 0.704213 -0.172955 -0.0808296
638 -33802.9 -46236 12433.1 0.06 0.0600022 0.244949 0.244953 0.08 0 0 0.704327 -0.174324 -0.0753314
639 -33766 -46236 12470 0.06 0.060006 0.244949 0.244961 0.08 0 0 0.70467 -0.175366 -0.0739841
640 -33751.8 -46236 12484.2 0.06 0.0599779 0.244949 0.244904 0.08 0 0 0.706082 -0.172686 -0.0759056
641 -33648.7 -46236 12587.3 0.06 0.0599874 0.244949 0.244923 0.08 0 0 0.704971 -0.171456 -0.0761054
642 -33622.4 -46236 12613.6 0.06 0.0600042 0.244949 0.244957 0.08 0 0 0.704913 -0.173175 -0.0753842
643 -33753 -46236 12483 0.06 0.0600091 0.244949 0.244968 0.08 0 0 0.705285 -0.174277 -0.0779148
644 -33835 -46236 12400.9 0.06 0.0600037 0.244949 0.244957 0.08 0 0 0.707822 -0.173993 -0.0784466
645 -33849 -46236 12387 0.06 0.059998 0.244949 0.244945 0.08 0 0 0.708825 -0.173086 -0.0775537
646 -33832.2 -46236 12403.8 0.06 0.0599908 0.244949 0.24493 0.08 0 0 0.70938 -0.174328 -0.0799347
647 -33793.1 -46236 12442.9 0.06 0.059988 0.244949 0.244924 0.08 0 0 0.70904 -0.17511 -0.0795697
648 -33750.9 -46236 12485.1 0.06 0.0599902 0.244949 0.244929 0.08 0 0 0.709522 -0.1718 -0.0811348
649 -33665.6 -46236 12570.4 0.06 0.0599995 0.244949 0.244948 0.08 0 0 0.70522 -0.171234 -0.0826048
650 -33674.9 -46236 12561 0.06 0.059998 0.244949 0.244945 0.08 0 0 0.705691 -0.170164 -0.0813297
651 -33721 -46236 12515 0.06 0.0600003 0.244949 0.24495 0.08 0 0 0.704894 -0.171416 -0.0789525
652 -33737.7 -46236 12498.3 0.06 0.0600082 0.244949 0.244966 0.08 0 0 0.706306 -0.171838 -0.0785749
653 -33818.3 -46236 12417.7 0.06 0.0599698 0.244949 0.244887 0.08 0 0 0.70545 -0.171872 -0.0789859
654 -33771.8 -46236 12464.2 0.06 0.0600167 0.244949 0.244983 0.08 0 0 0.703562 -0.171824 -0.0791741
655 -33700.2 -46236 12535.8 0.06 0.0599976 0.244949 0.244944 0.08 0 0 0.70531 -0.171311 -0.0763308
656 -33793.6 -46236 12442.4 0.06 0.0599785 0.244949 0.244905 0.08 0 0 0.706774 -0.171212 -0.0767984
657 -33792.9 -46236 12443.1 0.06 0.0599923 0.244949 0.244933 0.08 0 0 0.706567 -0.170014 -0.0749988
658 -33651.8 -46236 12584.2 0.06 0.0600039 0.244949 0.244957 0.08 0 0 0.705633 -0.170908 -0.0744907
659 -33537.4 -46236 12698.6 0.06 0.0600269 0.244949 0.245004 0.08 0 0 0.702994 -0.170444 -0.0777998
660 -33497.9 -46236 12738.1 0.06 0.0600151 0.244949 0.24498 0.08 0 0 0.702728 -0.171129 -0.0777277
661 -33457.8 -46236 12778.2 0.06 0.0600041 0.244949 0.244957 0.08 0 0 0.702703 -0.1699 -0.0752369
662 -33460.7 -46236 12775.3 0.06 0.0600041 0.244949 0.244957 0.08 0 0 0.705318 -0.168724 -0.0717459
663 -33426.6 -46236 12809.4 0.06 0.059996 0.244949 0.244941 0.08 0 0 0.705114 -0.167418 -0.0713836
664 -33630.5 -46236 12605.5 0.06 0.0599968 0.244949 0.244942 0.08 0 0 0.708917 -0.163011 -0.0683314
665 -33640.5 -46236 12595.4 0.06 0.0599992 0.244949 0.244947 0.08 0 0 0.70999 -0.16228 -0.0694555
666 -33685.2 -46236 12550.8 0.06 0.0599962 0.244949 0.244941 0.08 0 0 0.712792 -0.162645 -0.0665253
667 -33698 -46236 12538 0.06 0.0599995 0.244949 0.244948 0.08 0 0 0.712794 -0.161219 -0.0662243
668 -33746.4 -46236 12489.6 0.06 0.0600063 0.244949 0.244962 0.08 0 0 0.715153 -0.15866 -0.0677882
669 -33735.9 -46236 12500 0.06 0.0599769 0.244949 0.244902 0.08 0 0 0.71537 -0.15795 -0.0683795
670 -33644.8 -46236 12591.2 0.06 0.0599839 0.244949 0.244916 0.08 0 0 0.715222 -0.159517 -0.0672055
671 -33783.3 -46236 12452.6 0.06 0.059995 0.244949 0.244939 0.08 0 0 0.716709 -0.159393 -0.0657327
672 -33749.6 -46236 12486.4 0.06 0.0600027 0.244949 0.244954 0.08 0 0 0.715471 -0.160546 -0.0659702
673 -33701.6 -46236 12534.4 0.06 0.0599927 0.244949 0.244934 0.08 0 0 0.716053 -0.159222 -0.0664849
674 -33741.9 -46236 12494.1 0.06 0.0599972 0.244949 0.244943 0.08 0 0 0.716049 -0.160124 -0.0677261
675 -33634.6 -46236 12601.3 0.06 0.0599958 0.244949 0.24494 0.08 0 0 0.714954 -0.158388 -0.0667538
676 -33454.7 -46236 12781.3 0.06 0.0600062 0.244949 0.244962 0.08 0 0 0.712182 -0.157313 -0.0673956
677 -33538.2 -46236 12697.8 0.06 0.0599873 0.244949 0.244923 0.08 0 0 0.710807 -0.15672 -0.0688018
678 -33601.4 -46236 12634.6 0.06 0.0600221 0.244949 0.244994 0.08 0 0 0.711962 -0.156717 -0.0701394
679 -33557 -46236 12679 0.06 0.0599907 0.244949 0.24493 0.08 0 0 0.712093 -0.155108 -0.0687197
680 -33504 -46236 12732 0.06 0.0600055 0.244949 0.24496 0.08 0 0 0.712826 -0.152071 -0.0650354
681 -33510.8 -46236 12725.2 0.06 0.0599881 0.244949 0.244925 0.08 0 0 0.713646 -0.150323 -0.0646046
682 -33352 -46236 12884 0.06 0.0599891 0.244949 0.244927 0.08 0 0 0.711831 -0.150059 -0.0645705
683 -33446.4 -46236 12789.6 0.06 0.0599852 0.244949 0.244919 0.08 0 0 0.713102 -0.150703 -0.0670133
684 -33499 -46236 12737 0.06 0.0599874 0.244949 0.244923 0.08 0 0 0.713494 -0.152017 -0.0645607
685 -33438.6 -46236 12797.4 0.06 0.0600192 0.244949 0.244988 0.08 0 0 0.713102 -0.154179 -0.0647979
686 -33494.3 -46236 12741.7 0.06 0.0599921 0.244949 0.244933 0.08 0 0 0.713533 -0.154348 -0.063665
687 -33430.9 -46236 12805.1 0.06 0.0599824 0.244949 0.244913 0.08 0 0 0.713347 -0.154449 -0.0642803
688 -33425 -46236 12811 0.06 0.0600081 0.244949 0.244965 0.08 0 0 0.71431 -0.152525 -0.0648502
689 -33427.3 -46236 12808.7 0.06 0.0599931 0.244949 0.244935 0.08 0 0 0.715362 -0.15349 -0.0632454
690 -33518.4 -46236 12717.6 0.06 0.059996 0.244949 0.244941 0.08 0 0 0.71725 -0.150743 -0.0638011
691 -33570 -46236 12666 0.06 0.0599964 0.244949 0.244942 0.08 0 0 0.717573 -0.152681 -0.0653638
692 -33577.1 -46236 12658.9 0.06 0.0599898 0.244949 0.244928 0.08 0 0 0.718074 -0.153597 -0.0665456
693 -33647.2 -46236 12588.8 0.06 0.0599761 0.244949 0.2449 0.08 0 0 0.720019 -0.153516 -0.0643121
694 -33589.6 -46236 12646.4 0.06 0.0599913 0.244949 0.244931 0.08 0 0 0.719347 -0.153424 -0.0622816
695 -33687.2 -46236 12548.8 0.06 0.0600001 0.244949 0.244949 0.08 0 0 0.721109 -0.153025 -0.0615122
696 -33635.2 -46236 12600.7 0.06 0.0600104 0.244949 0.24497 0.08 0 0 0.721184 -0.15105 -0.0592579
697 -33656.3 -46236 12579.6 0.06 0.0600129 0.244949 0.244975 0.08 0 0 0.722688 -0.151624 -0.0608043
698 -33584 -46236 12652 0.06 0.0599952 0.244949 0.244939 0.08 0 0 0.722576 -0.151996 -0.0590551
699 -33607.9 -46236 12628.1 0.06 0.0599933 0.244949 0.244935 0.08 0 0 0.723353 -0.152969 -0.0596507
700 -33554.6 -46236 12681.4 0.06 0.0599982 0.244949 0.244945 0.08 0 0 0.723031 -0.154887 -0.0587612
701 -33545.9 -46236 12690.1 0.06 0.0600053 0.244949 0.24496 0.08 0 0 0.722417 -0.156716 -0.059171
702 -33503.4 -46236 12732.6 0.06 0.0600151 0.244949 0.24498 0.08 0 0 0.721494 -0.157528 -0.0602115
703 -33626.5 -46236 12609.5 0.06 0.0599917 0.244949 0.244932 0.08 0 0 0.720567 -0.156395 -0.0604949
704 -33617 -46236 12619 0.06 0.0600016 0.244949 0.244952 0.08 0 0 0.719895 -0.15559 -0.0621521
705 -33543.1 -46236 12692.8 0.06 0.0599928 0.244949 0.244934 0.08 0 0 0.717833 -0.155897 -0.0623312
706 -33437.9 -46236 12798.1 0.06 0.0600068 0.244949 0.244963 0.08 0 0 0.715298 -0.154937 -0.064616
707 -33458.8 -46236 12777.2 0.06 0.0600047 0.244949 0.244959 0.08 0 0 0.715706 -0.156365 -0.0641612
708 -33548.1 -46236 12687.8 0.06 0.0600081 0.244949 0.244966 0.08 0 0 0.718225 -0.154441 -0.0625291
709 -33642.7 -46236 12593.3 0.06 0.0600037 0.244949 0.244957 0.08 0 0 0.718251 -0.155643 -0.0631404
710 -33740.4 -46236 12495.6 0.06 0.0599924 0.244949 0.244933 0.08 0 0 0.718745 -0.157817 -0.0640899
711 -33703.1 -46236 12532.9 0.06 0.0600026 0.244949 0.244954 0.08 0 0 0.717015 -0.157429 -0.0676156
712 -33711 -46236 12525 0.06 0.0600067 0.244949 0.244963 0.08 0 0 0.71666 -0.158584 -0.0691731
713 -33710.3 -46236 12525.7 0.06 0.0600081 0.244949 0.244966 0.08 0 0 0.717312 -0.157397 -0.0686626
714 -33674.8 -46236 12561.2 0.06 0.060011 0.244949 0.244971 0.08 0 0 0.71715 -0.155131 -0.06953
715 -33771.1 -46236 12464.9 0.06 0.0599908 0.244949 0.24493 0.08 0 0 0.718199 -0.155171 -0.0697212
716 -33880.7 -46236 12355.3 0.06 0.0599983 0.244949 0.244946 0.08 0 0 0.721604 -0.154733 -0.0706814
717 -33848.8 -46236 12387.1 0.06 0.0599896 0.244949 0.244928 0.08 0 0 0.721058 -0.151925 -0.072565
718 -33814.2 -46236 12421.8 0.06 0.0599906 0.244949 0.24493 0.08 0 0 0.720211 -0.150157 -0.0735289
719 -33804.4 -46236 12431.6 0.06 0.060007 0.244949 0.244963 0.08 0 0 0.721337 -0.146905 -0.0714366
720 -33726.3 -46236 12509.6 0.06 0.0600201 0.244949 0.24499 0.08 0 0 0.720783 -0.148942 -0.0690611
721 -33896.9 -46236 12339.1 0.06 0.060021 0.244949 0.244992 0.08 0 0 0.724016 -0.152165 -0.0676892
722 -33751.5 -46236 12484.5 0.06 0.0600158 0.244949 0.244981 0.08 0 0 0.721894 -0.152853 -0.0667133
723 -33759.6 -46236 12476.4 0.06 0.0600027 0.244949 0.244955 0.08 0 0 0.720845 -0.154085 -0.0701861
724 -33752 -46236 12484 0.06 0.0600169 0.244949 0.244983 0.08 0 0 0.720755 -0.152866 -0.0705248
725 -33586.2 -46236 12649.8 0.06 0.059998 0.244949 0.244945 0.08 0 0 0.718546 -0.153022 -0.072036
726 -33627.1 -46236 12608.9 0.06 0.0600199 0.244949 0.24499 0.08 0 0 0.71864 -0.155335 -0.0728248
727 -33570.7 -46236 12665.3 0.06 0.060002 0.244949 0.244953 0.08 0 0 0.716646 -0.154438 -0.0723356
728 -33612 -46236 12624 0.06 0.0599954 0.244949 0.24494 0.08 0 0 0.717647 -0.154906 -0.0705474
729 -33634.8 -46236 12601.2 0.06 0.0600201 0.244949 0.24499 0.08 0 0 0.718442 -0.15513 -0.0717081
730 -33492.2 -46236 12743.8 0.06 0.0600064 0.244949 0.244962 0.08 0 0 0.716682 -0.155867 -0.0698663
731 -33410.6 -46236 12825.4 0.06 0.0599952 0.244949 0.244939 0.08 0 0 0.715301 -0.155775 -0.0706522
732 -33472.4 -46236 12763.5 0.06 0.0600132 0.244949 0.244976 0.08 0 0 0.71637 -0.156023 -0.0735356
733 -33457.2 -46236 12778.8 0.06 0.0599814 0.244949 0.244911 0.08 0 0 0.715695 -0.155476 -0.0755149
734 -33524.1 -46236 12711.9 0.06 0.0600113 0.244949 0.244972 0.08 0 0 0.717166 -0.157303 -0.073937
735 -33518.6 -46236 12717.4 0.06 0.0599931 0.244949 0.244935 0.08 0 0 0.719001 -0.156267 -0.0724772
736 -33526.8 -46236 12709.2 0.06 0.0599864 0.244949 0.244921 0.08 0 0 0.717693 -0.156882 -0.0719416
737 -33547.9 -46236 12688.1 0.06 0.0599974 0.244949 0.244944 0.08 0 0 0.717619 -0.153629 -0.0725229
738 -33492.9 -46236 12743.1 0.06 0.0600212 0.244949 0.244992 0.08 0 0 0.71706 -0.156981 -0.0694608
739 -33579.7 -46236 12656.3 0.06 0.0599912 0.244949 0.244931 0.08 0 0 0.719146 -0.155622 -0.0681096
740 -33590.9 -46236 12645.1 0.06 0.0600142 0.244949 0.244978 0.08 0 0 0.719768 -0.154523 -0.0705872
741 -33676.3 -46236 12559.7 0.06 0.0599998 0.244949 0.244949 0.08 0 0 0.721128 -0.152926 -0.0707338
742 -33548.5 -46236 12687.5 0.06 0.0599894 0.244949 0.244927 0.08 0 0 0.720316 -0.14966 -0.0688069
743 -33665.7 -46236 12570.3 0.06 0.060004 0.244949 0.244957 0.08 0 0 0.721548 -0.151853 -0.0721349
744 -33768.3 -46236 12467.7 0.06 0.0600053 0.244949 0.24496 0.08 0 0 0.724216 -0.149656 -0.0683658
745 -33751.7 -46236 12484.3 0.06 0.0599904 0.244949 0.244929 0.08 0 0 0.723915 -0.146926 -0.06835
746 -33799 -46236 12437 0.06 0.0600242 0.244949 0.244998 0.08 0 0 0.722854 -0.146711 -0.0681672
747 -33750.3 -46236 12485.6 0.06 0.0599984 0.244949 0.244946 0.08 0 0 0.722645 -0.144948 -0.0720213
748 -33563.2 -46236 12672.7 0.06 0.0599962 0.244949 0.244941 0.08 0 0 0.721166 -0.144973 -0.0721704
749 -33659.3 -46236 12576.7 0.06 0.0600046 0.244949 0.244958 0.08 0 0 0.72298 -0.145137 -0.0741531
750 -33714.8 -46236 12521.2 0.06 0.0600104 0.244949 0.24497 0.08 0 0 0.723388 -0.144238 -0.0741185
751 -33651.7 -46236 12584.3 0.06 0.0599929 0.244949 0.244934 0.08 0 0 0.723174 -0.143681 -0.0732165
752 -33456.2 -46236 12779.8 0.06 0.0600121 0.244949 0.244974 0.08 0 0 0.7206 -0.143523 -0.0752983
753 -33430.2 -46236 12805.8 0.06 0.0599884 0.244949 0.244925 0.08 0 0 0.720769 -0.143163 -0.077192
754 -33411.9 -46236 12824.1 0.06 0.0600168 0.244949 0.244983 0.08 0 0 0.719809 -0.144702 -0.0767219
755 -33414.7 -46236 12821.3 0.06 0.0600094 0.244949 0.244968 0.08 0 0 0.721245 -0.144475 -0.0790998
756 -33514.4 -46236 12721.6 0.06 0.0600056 0.244949 0.24496 0.08 0 0 0.724468 -0.143508 -0.0761552
757 -33524.5 -46236 12711.4 0.06 0.0599929 0.244949 0.244934 0.08 0 0 0.725415 -0.140388 -0.0768578
758 -33585.8 -46236 12650.1 0.06 0.059987 0.244949 0.244922 0.08 0 0 0.726429 -0.141654 -0.076258
759 -33637.2 -46236 12598.8 0.06 0.0600126 0.244949 0.244975 0.08 0 0 0.726792 -0.142081 -0.0760328
760 -33649.1 -46236 12586.9 0.06 0.0600085 0.244949 0.244966 0.08 0 0 0.726733 -0.141524 -0.078214
761 -33599.1 -46236 12636.9 0.06 0.0599888 0.244949 0.244926 0.08 0 0 0.726264 -0.141954 -0.0794111
762 -33614.2 -46236 12621.8 0.06 0.0600033 0.244949 0.244956 0.08 0 0 0.726383 -0.142899 -0.0826343
763 -33551.2 -46236 12684.8 0.06 0.0599855 0.244949 0.244919 0.08 0 0 0.725944 -0.145809 -0.0827922
764 -33453.7 -46236 12782.3 0.06 0.0600169 0.244949 0.244984 0.08 0 0 0.725406 -0.142337 -0.0821833
765 -33557.6 -46236 12678.4 0.06 0.0600006 0.244949 0.24495 0.08 0 0 0.727785 -0.142687 -0.0788455
766 -33565.4 -46236 12670.6 0.06 0.0599893 0.244949 0.244927 0.08 0 0 0.727324 -0.140804 -0.0761931
767 -33523.3 -46236 12712.7 0.06 0.0600054 0.244949 0.24496 0.08 0 0 0.726173 -0.141006 -0.0790092
768 -33639.7 -46236 12596.3 0.06 0.0599997 0.244949 0.244948 0.08 0 0 0.728459 -0.142173 -0.0799064
769 -33685.2 -46236 12550.8 0.06 0.0599929 0.244949 0.244934 0.08 0 0 0.729264 -0.13901 -0.0832114
770 -33690.6 -46236 12545.4 0.06 0.0599803 0.244949 0.244909 0.08 0 0 0.729986 -0.136806 -0.0841876
771 -33647.5 -46236 12588.5 0.06 0.0599699 0.244949 0.244888 0.08 0 0 0.729609 -0.137942 -0.0836238
772 -33775 -46236 12461 0.06 0.0599888 0.244949 0.244926 0.08 0 0 0.731539 -0.137473 -0.0827654
773 -33712.7 -46236 12523.3 0.06 0.0599851 0.244949 0.244918 0.08 0 0 0.729513 -0.135127 -0.0780725
774 -33813.5 -46236 12422.4 0.06 0.0599797 0.244949 0.244908 0.08 0 0 0.730455 -0.137689 -0.0786632
775 -33734.2 -46236 12501.8 0.06 0.0600106 0.244949 0.244971 0.08 0 0 0.728344 -0.139365 -0.0796509
776 -33647.3 -46236 12588.7 0.06 0.0600013 0.244949 0.244952 0.08 0 0 0.726497 -0.140572 -0.078889
777 -33783 -46236 12452.9 0.06 0.059984 0.244949 0.244916 0.08 0 0 0.729862 -0.139508 -0.0785788
778 -33729.6 -46236 12506.4 0.06 0.0600168 0.244949 0.244983 0.08 0 0 0.72983 -0.139602 -0.0769961
779 -33729.1 -46236 12506.9 0.06 0.0599822 0.244949 0.244913 0.08 0 0 0.73042 -0.138703 -0.0768944
780 -33710.2 -46236 12525.7 0.06 0.060005 0.244949 0.244959 0.08 0 0 0.731071 -0.136675 -0.0765338
781 -33709.8 -46236 12526.2 0.06 0.0600082 0.244949 0.244966 0.08 0 0 0.731242 -0.137067 -0.0746244
782 -33746.1 -46236 12489.9 0.06 0.0600124 0.244949 0.244974 0.08 0 0 0.732694 -0.132148 -0.0750587
783 -33842.4 -46236 12393.6 0.06 0.0599862 0.244949 0.244921 0.08 0 0 0.735237 -0.133303 -0.0749082
784 -33891 -46236 12344.9 0.06 0.0600245 0.244949 0.244999 0.08 0 0 0.736013 -0.135506 -0.07457
785 -33881.6 -46236 12354.3 0.06 0.0599872 0.244949 0.244923 0.08 0 0 0.736637 -0.131876 -0.0775192
786 -33833.1 -46236 12402.9 0.06 0.0600031 0.244949 0.244955 0.08 0 0 0.73662 -0.131086 -0.0771831
787 -33833.2 -46236 12402.7 0.06 0.0599954 0.244949 0.24494 0.08 0 0 0.737123 -0.132201 -0.0788284
788 -33818.2 -46236 12417.8 0.06 0.0599921 0.244949 0.244933 0.08 0 0 0.737578 -0.12972 -0.0783757
789 -33738.9 -46236 12497.1 0.06 0.0600083 0.244949 0.244966 0.08 0 0 0.737098 -0.132896 -0.0773892
790 -33682.6 -46236 12553.4 0.06 0.0600005 0.244949 0.24495 0.08 0 0 0.737084 -0.134325 -0.0747716
791 -33659.5 -46236 12576.5 0.06 0.059999 0.244949 0.244947 0.08 0 0 0.737683 -0.131906 -0.075472
792 -33805.4 -46236 12430.6 0.06 0.0599912 0.244949 0.244931 0.08 0 0 0.739114 -0.129934 -0.0750508
793 -33764.4 -46236 12471.6 0.06 0.0600028 0.244949 0.244955 0.08 0 0 0.739676 -0.12829 -0.0757841
794 -33908.1 -46236 12327.9 0.06 0.0599904 0.244949 0.244929 0.08 0 0 0.741853 -0.129206 -0.0726659
795 -33898.6 -46236 12337.4 0.06 0.0599959 0.244949 0.244941 0.08 0 0 0.741307 -0.129011 -0.0729682
796 -33910.6 -46236 12325.4 0.06 0.0600069 0.244949 0.244963 0.08 0 0 0.740584 -0.129895 -0.0733798
797 -33948.6 -46236 12287.4 0.06 0.0599979 0.244949 0.244945 0.08 0 0 0.743078 -0.132523 -0.0750154
798 -33802.7 -46236 12433.3 0.06 0.0599897 0.244949 0.244928 0.08 0 0 0.741726 -0.133485 -0.0736195
799 -33818.2 -46236 12417.8 0.06 0.0600093 0.244949 0.244968 0.08 0 0 0.742114 -0.131872 -0.0745387
800 -33739 -46236 12496.9 0.06 0.06002 0.244949 0.24499 0.08 0 0 0.740702 -0.130495 -0.0759365
801 -33739.1 -46236 12496.9 0.06 0.0599893 0.244949 0.244927 0.08 0 0 0.740557 -0.131537 -0.0770169
802 -33755.9 -46236 12480 0.06 0.0600116 0.244949 0.244973 0.08 0 0 0.74207 -0.130976 -0.0717032
803 -33805 -46236 12430.9 0.06 0.0600117 0.244949 0.244973 0.08 0 0 0.743674 -0.131112 -0.0691355
804 -33815.1 -46236 12420.9 0.06 0.0600035 0.244949 0.244956 0.08 0 0 0.742999 -0.130778 -0.0699867
805 -33806 -46236 12430 0.06 0.0600134 0.244949 0.244976 0.08 0 0 0.74372 -0.129215 -0.0666714
806 -33913.1 -46236 12322.9 0.06 0.0600067 0.244949 0.244963 0.08 0 0 0.74461 -0.127916 -0.0671116
807 -33817.7 -46236 12418.3 0.06 0.0599851 0.244949 0.244919 0.08 0 0 0.741742 -0.128843 -0.0677862
808 -33881 -46236 12355 0.06 0.0600078 0.244949 0.244965 0.08 0 0 0.74318 -0.129172 -0.0685124
809 -33863.2 -46236 12372.8 0.06 0.0600018 0.244949 0.244953 0.08 0 0 0.743209 -0.130251 -0.066257
810 -33808 -46236 12428 0.06 0.0599928 0.244949 0.244934 0.08 0 0 0.741417 -0.128867 -0.0692372
811 -33821.6 -46236 12414.3 0.06 0.0599876 0.244949 0.244924 0.08 0 0 0.741318 -0.130724 -0.0674412
812 -33757.7 -46236 12478.3 0.06 0.0600162 0.244949 0.244982 0.08 0 0 0.739947 -0.131815 -0.0697586
813 -33724.7 -46236 12511.2 0.06 0.0600003 0.244949 0.24495 0.08 0 0 0.740192 -0.132482 -0.0690072
814 -33797.4 -46236 12438.6 0.06 0.0600285 0.244949 0.245007 0.08 0 0 0.740168 -0.1327 -0.0691772
815 -33780 -46236 12455.9 0.06 0.0600007 0.244949 0.24495 0.08 0 0 0.740285 -0.132366 -0.0687718
816 -33754.2 -46236 12481.8 0.06 0.0600077 0.244949 0.244965 0.08 0 0 0.740324 -0.133356 -0.0685428
817 -33761.9 -46236 12474.1 0.06 0.0599799 0.244949 0.244908 0.08 0 0 0.740993 -0.131173 -0.0687677
818 -33746.2 -46236 12489.8 0.06 0.0599892 0.244949 0.244927 0.08 0 0 0.740989 -0.130504 -0.070393
819 -33825.1 -46236 12410.8 0.06 0.0599889 0.244949 0.244926 0.08 0 0 0.740803 -0.129675 -0.07047
820 -33767.8 -46236 12468.2 0.06 0.0600154 0.244949 0.24498 0.08 0 0 0.739787 -0.130079 -0.0741164
821 -33639.8 -46236 12596.2 0.06 0.0599779 0.244949 0.244904 0.08 0 0 0.73924 -0.129157 -0.0720932
822 -33599.3 -46236 12636.7 0.06 0.0600089 0.244949 0.244967 0.08 0 0 0.73893 -0.129051 -0.069766
823 -33604.4 -46236 12631.6 0.06 0.0599943 0.244949 0.244937 0.08 0 0 0.739319 -0.127362 -0.0687573
824 -33487.2 -46236 12748.8 0.06 0.0600054 0.244949 0.24496 0.08 0 0 0.739026 -0.125332 -0.0678253
825 -33443.6 -46236 12792.4 0.06 0.0600134 0.244949 0.244976 0.08 0 0 0.738676 -0.125332 -0.0682171
826 -33481.4 -46236 12754.5 0.06 0.0599964 0.244949 0.244942 0.08 0 0 0.739739 -0.124752 -0.0703985
827 -33485.3 -46236 12750.7 0.06 0.0600097 0.244949 0.244969 0.08 0 0 0.739185 -0.126355 -0.0717404
828 -33681.4 -46236 12554.6 0.06 0.059988 0.244949 0.244924 0.08 0 0 0.741006 -0.127345 -0.0767561
829 -33657.8 -46236 12578.2 0.06 0.0599876 0.244949 0.244924 0.08 0 0 0.740432 -0.127426 -0.0755165
830 -33686 -46236 12550 0.06 0.0599968 0.244949 0.244942 0.08 0 0 0.739831 -0.127189 -0.0776123
831 -33622.8 -46236 12613.2 0.06 0.0599741 0.244949 0.244896 0.08 0 0 0.738216 -0.126028 -0.0817084
832 -33696 -46236 12540 0.06 0.0600021 0.244949 0.244953 0.08 0 0 0.740014 -0.127719 -0.0849719
833 -33727.9 -46236 12508.1 0.06 0.0600035 0.244949 0.244956 0.08 0 0 0.739184 -0.126674 -0.0832781
834 -33738.7 -46236 12497.3 0.06 0.0599977 0.244949 0.244944 0.08 0 0 0.739188 -0.127439 -0.0839785
835 -33772.8 -46236 12463.2 0.06 0.0600046 0.244949 0.244958 0.08 0 0 0.739464 -0.126554 -0.0842329
836 -33873.7 -46236 12362.3 0.06 0.0600133 0.244949 0.244976 0.08 0 0 0.739983 -0.125984 -0.0867616
837 -33802.7 -46236 12433.3 0.06 0.0600188 0.244949 0.244987 0.08 0 0 0.738896 -0.129415 -0.0852768
838 -33745.2 -46236 12490.8 0.06 0.0599876 0.244949 0.244924 0.08 0 0 0.738544 -0.128074 -0.0887075
839 -33736 -46236 12500 0.06 0.0600068 0.244949 0.244963 0.08 0 0 0.738113 -0.128465 -0.0891998
840 -33670.1 -46236 12565.9 0.06 0.0600058 0.244949 0.244961 0.08 0 0 0.735484 -0.126177 -0.0922618
841 -33750 -46236 12486 0.06 0.059997 0.244949 0.244943 0.08 0 0 0.737032 -0.122789 -0.0938013
842 -33732.2 -46236 12503.8 0.06 0.0599879 0.244949 0.244924 0.08 0 0 0.738057 -0.120642 -0.0903486
843 -33672.8 -46236 12563.2 0.06 0.0599838 0.244949 0.244916 0.08 0 0 0.736965 -0.118787 -0.0900264
844 -33692.3 -46236 12543.7 0.06 0.0600088 0.244949 0.244967 0.08 0 0 0.737376 -0.118217 -0.0907632
845 -33789.8 -46236 12446.2 0.06 0.0600181 0.244949 0.244986 0.08 0 0 0.739751 -0.117516 -0.0892376
846 -33742.8 -46236 12493.1 0.06 0.0600004 0.244949 0.24495 0.08 0 0 0.739587 -0.116981 -0.0871529
847 -33728.6 -46236 12507.4 0.06 0.060017 0.244949 0.244984 0.08 0 0 0.740693 -0.117593 -0.0861096
848 -33652.2 -46236 12583.8 0.06 0.0600145 0.244949 0.244979 0.08 0 0 0.739152 -0.115935 -0.0862936
849 -33659.6 -46236 12576.4 0.06 0.060003 0.244949 0.244955 0.08 0 0 0.739224 -0.113186 -0.0860947
850 -33665.2 -46236 12570.8 0.06 0.0599859 0.244949 0.24492 0.08 0 0 0.740457 -0.110858 -0.0839343
851 -33685 -46236 12551 0.06 0.0599984 0.244949 0.244946 0.08 0 0 0.741433 -0.107369 -0.0817579
852 -33661.1 -46236 12574.9 0.06 0.0599875 0.244949 0.244923 0.08 0 0 0.742209 -0.10924 -0.0792042
853 -33714.1 -46236 12521.8 0.06 0.059977 0.244949 0.244902 0.08 0 0 0.743896 -0.108865 -0.0813089
854 -33829.1 -46236 12406.8 0.06 0.060005 0.244949 0.244959 0.08 0 0 0.744677 -0.108073 -0.0809162
855 -33846.2 -46236 12389.8 0.06 0.0599937 0.244949 0.244936 0.08 0 0 0.746836 -0.109029 -0.0818002
856 -33835 -46236 12401 0.06 0.0599922 0.244949 0.244933 0.08 0 0 0.747195 -0.108417 -0.0801791
857 -33716.5 -46236 12519.5 0.06 0.0599879 0.244949 0.244924 0.08 0 0 0.747385 -0.107484 -0.0817095
858 -33717 -46236 12519 0.06 0.0599979 0.244949 0.244945 0.08 0 0 0.74836 -0.106997 -0.0813536
859 -33700.4 -46236 12535.6 0.06 0.0599805 0.244949 0.244909 0.08 0 0 0.749474 -0.10602 -0.0805061
860 -33755.1 -46236 12480.9 0.06 0.0600012 0.244949 0.244951 0.08 0 0 0.75126 -0.105918 -0.0791181
861 -33732.8 -46236 12503.2 0.06 0.0599888 0.244949 0.244926 0.08 0 0 0.74992 -0.107561 -0.0808893
862 -33664.6 -46236 12571.4 0.06 0.0599912 0.244949 0.244931 0.08 0 0 0.749418 -0.109263 -0.0788583
863 -33755.2 -46236 12480.7 0.06 0.0600102 0.244949 0.24497 0.08 0 0 0.748914 -0.111577 -0.0837303
864 -33823.8 -46236 12412.2 0.06 0.0599892 0.244949 0.244927 0.08 0 0 0.750143 -0.110063 -0.083566
865 -33781.4 -46236 12454.6 0.06 0.0599903 0.244949 0.244929 0.08 0 0 0.749659 -0.109203 -0.0817855
866 -33681.9 -46236 12554.1 0.06 0.059989 0.244949 0.244926 0.08 0 0 0.749168 -0.105844 -0.0794567
867 -33702.2 -46236 12533.8 0.06 0.0600096 0.244949 0.244968 0.08 0 0 0.748917 -0.105773 -0.0774304
868 -33620.4 -46236 12615.6 0.06 0.0599929 0.244949 0.244935 0.08 0 0 0.748601 -0.106467 -0.0783237
869 -33730.2 -46236 12505.8 0.06 0.0599962 0.244949 0.244941 0.08 0 0 0.750011 -0.105453 -0.0810736
870 -33638.7 -46236 12597.3 0.06 0.0600119 0.244949 0.244973 0.08 0 0 0.74943 -0.101261 -0.0811056
871 -33704.1 -46236 12531.9 0.06 0.0599963 0.244949 0.244942 0.08 0 0 0.749636 -0.100596 -0.0855535
872 -33755.2 -46236 12480.7 0.06 0.0599953 0.244949 0.244939 0.08 0 0 0.750794 -0.102284 -0.0845701
873 -33707.7 -46236 12528.3 0.06 0.0600009 0.244949 0.244951 0.08 0 0 0.749419 -0.102174 -0.0846345
874 -33807.8 -46236 12428.2 0.06 0.0599954 0.244949 0.24494 0.08 0 0 0.750049 -0.103224 -0.0847646
875 -33751.4 -46236 12484.5 0.06 0.0599919 0.244949 0.244932 0.08 0 0 0.748264 -0.103233 -0.0858089
876 -33792.3 -46236 12443.6 0.06 0.0599769 0.244949 0.244902 0.08 0 0 0.749319 -0.10246 -0.0861557
877 -33821 -46236 12415 0.06 0.0600146 0.244949 0.244979 0.08 0 0 0.749577 -0.0984126 -0.0833835
878 -33821.6 -46236 12414.4 0.06 0.0600102 0.244949 0.24497 0.08 0 0 0.750408 -0.0982179 -0.0809645
879 -33890.4 -46236 12345.6 0.06 0.0599831 0.244949 0.244914 0.08 0 0 0.752076 -0.0971257 -0.0761431
880 -33822 -46236 12413.9 0.06 0.0600223 0.244949 0.244995 0.08 0 0 0.749557 -0.0981607 -0.074254
881 -33940.5 -46236 12295.5 0.06 0.0600151 0.244949 0.24498 0.08 0 0 0.751467 -0.0997153 -0.0746801
882 -34008.8 -46236 12227.2 0.06 0.0599905 0.244949 0.24493 0.08 0 0 0.753543 -0.101028 -0.0750555
883 -33949.5 -46236 12286.5 0.06 0.0599875 0.244949 0.244923 0.08 0 0 0.752341 -0.10257 -0.0773091
884 -33963.6 -46236 12272.4 0.06 0.0600018 0.244949 0.244953 0.08 0 0 0.752711 -0.0992744 -0.0784721
885 -33860.9 -46236 12375.1 0.06 0.060012 0.244949 0.244973 0.08 0 0 0.751385 -0.101505 -0.0783649
886 -33772.5 -46236 12463.5 0.06 0.0599848 0.244949 0.244918 0.08 0 0 0.750485 -0.103696 -0.0771419
887 -33872.2 -46236 12363.7 0.06 0.0599927 0.244949 0.244934 0.08 0 0 0.751998 -0.10568 -0.077118
888 -33855.5 -46236 12380.5 0.06 0.0599905 0.244949 0.24493 0.08 0 0 0.749531 -0.106741 -0.0763159
889 -33844.3 -46236 12391.7 0.06 0.0599866 0.244949 0.244922 0.08 0 0 0.74889 -0.105061 -0.0785517
890 -33870.7 -46236 12365.2 0.06 0.0600009 0.244949 0.244951 0.08 0 0 0.750012 -0.104137 -0.080401
891 -33822.1 -46236 12413.9 0.06 0.0600095 0.244949 0.244968 0.08 0 0 0.749561 -0.106744 -0.0835162
892 -33828.6 -46236 12407.4 0.06 0.0600015 0.244949 0.244952 0.08 0 0 0.750182 -0.10683 -0.0819866
893 -33845.4 -46236 12390.6 0.06 0.0600017 0.244949 0.244952 0.08 0 0 0.750241 -0.10736 -0.0815418
894 -33991.2 -46236 12244.8 0.06 0.0600225 0.244949 0.244995 0.08 0 0 0.751556 -0.10689 -0.0822938
895 -33975.4 -46236 12260.6 0.06 0.060004 0.244949 0.244957 0.08 0 0 0.75265 -0.105934 -0.0820394
896 -33907.5 -46236 12328.5 0.06 0.0599977 0.244949 0.244944 0.08 0 0 0.752245 -0.102711 -0.082699
897 -33933.2 -46236 12302.8 0.06 0.0600156 0.244949 0.244981 0.08 0 0 0.752305 -0.100524 -0.0811813
898 -33826 -46236 12410 0.06 0.0600068 0.244949 0.244963 0.08 0 0 0.750974 -0.101343 -0.0815407
899 -33907.8 -46236 12328.2 0.06 0.0599981 0.244949 0.244945 0.08 0 0 0.750857 -0.100276 -0.0830906
900 -33802.2 -46236 12433.8 0.06 0.059995 0.244949 0.244939 0.08 0 0 0.749657 -0.0998036 -0.0838734
901 -33754.9 -46236 12481.1 0.06 0.0600223 0.244949 0.244995 0.08 0 0 0.748314 -0.100636 -0.0842882
902 -33725.5 -46236 12510.5 0.06 0.0600124 0.244949 0.244974 0.08 0 0 0.748582 -0.100357 -0.0834983
903 -33674.7 -46236 12561.3 0.06 0.0600069 0.244949 0.244963 0.08 0 0 0.747575 -0.0974651 -0.0830069
904 -33706 -46236 12529.9 0.06 0.0599801 0.244949 0.244908 0.08 0 0 0.749031 -0.0948235 -0.0820193
905 -33754.7 -46236 12481.3 0.06 0.0600035 0.244949 0.244956 0.08 0 0 0.750859 -0.0975022 -0.0805282
906 -33716.8 -46236 12519.2 0.06 0.0599844 0.244949 0.244917 0.08 0 0 0.751563 -0.0960872 -0.0798489
907 -33767.1 -46236 12468.9 0.06 0.0600042 0.244949 0.244958 0.08 0 0 0.751709 -0.0985137 -0.0839829
908 -33745.6 -46236 12490.4 0.06 0.0600006 0.244949 0.24495 0.08 0 0 0.751344 -0.100532 -0.0865996
909 -33731.2 -46236 12504.8 0.06 0.059991 0.244949 0.244931 0.08 0 0 0.750715 -0.102597 -0.0824095
910 -33919.9 -46236 12316 0.06 0.060008 0.244949 0.244965 0.08 0 0 0.753463 -0.100594 -0.0854056
911 -33869.5 -46236 12366.4 0.06 0.0599952 0.244949 0.244939 0.08 0 0 0.753415 -0.101226 -0.0870223
912 -33814.8 -46236 12421.2 0.06 0.0599961 0.244949 0.244941 0.08 0 0 0.752548 -0.100561 -0.08587
913 -33742.2 -46236 12493.8 0.06 0.0600201 0.244949 0.24499 0.08 0 0 0.750279 -0.103321 -0.0852727
914 -33717.2 -46236 12518.7 0.06 0.0599931 0.244949 0.244935 0.08 0 0 0.749864 -0.105187 -0.0836907
915 -33771.1 -46236 12464.9 0.06 0.0600237 0.244949 0.244997 0.08 0 0 0.751113 -0.103826 -0.084244
916 -33862.4 -46236 12373.6 0.06 0.0599808 0.244949 0.24491 0.08 0 0 0.753303 -0.0996509 -0.0827093
917 -33862.4 -46236 12373.5 0.06 0.059999 0.244949 0.244947 0.08 0 0 0.752043 -0.0987024 -0.084113
918 -33853 -46236 12383 0.06 0.060002 0.244949 0.244953 0.08 0 0 0.752361 -0.09706 -0.0831969
919 -33657.5 -46236 12578.5 0.06 0.0599823 0.244949 0.244913 0.08 0 0 0.751049 -0.0983994 -0.0807215
920 -33651.6 -46236 12584.4 0.06 0.0599881 0.244949 0.244925 0.08 0 0 0.751395 -0.0942773 -0.08304
921 -33562.2 -46236 12673.8 0.06 0.0600188 0.244949 0.244987 0.08 0 0 0.751924 -0.092819 -0.0821692
922 -33575.5 -46236 12660.5 0.06 0.0599925 0.244949 0.244934 0.08 0 0 0.753202 -0.0950846 -0.0841775
923 -33611.2 -46236 12624.7 0.06 0.0599905 0.244949 0.24493 0.08 0 0 0.752201 -0.09776 -0.0843335
924 -33676.2 -46236 12559.8 0.06 0.0600023 0.244949 0.244954 0.08 0 0 0.75269 -0.0969412 -0.0832768
925 -33643 -46236 12593 0.06 0.0599983 0.244949 0.244946 0.08 0 0 0.752201 -0.0948743 -0.082711
926 -33611.4 -46236 12624.6 0.06 0.0599942 0.244949 0.244937 0.08 0 0 0.752122 -0.0935619 -0.0826971
927 -33573.9 -46236 12662.1 0.06 0.0599776 0.244949 0.244903 0.08 0 0 0.75326 -0.092905 -0.0813375
928 -33669 -46236 12567 0.06 0.0600089 0.244949 0.244967 0.08 0 0 0.755385 -0.0919519 -0.0810955
929 -33770.2 -46236 12465.8 0.06 0.0600029 0.244949 0.244955 0.08 0 0 0.756405 -0.0917532 -0.0843054
930 -33771 -46236 12465 0.06 0.060001 0.244949 0.244951 0.08 0 0 0.757697 -0.0905892 -0.0822921
931 -33832.2 -46236 12403.8 0.06 0.0600092 0.244949 0.244968 0.08 0 0 0.758698 -0.0916889 -0.0833603
932 -33895.2 -46236 12340.8 0.06 0.0599953 0.244949 0.244939 0.08 0 0 0.758524 -0.0915665 -0.0846187
933 -33867.6 -46236 12368.4 0.06 0.0600027 0.244949 0.244955 0.08 0 0 0.75936 -0.0881766 -0.0835179
934 -33883.5 -46236 12352.5 0.06 0.0599953 0.244949 0.244939 0.08 0 0 0.757796 -0.0852647 -0.0862831
935 -33933.6 -46236 12302.4 0.06 0.0600005 0.244949 0.24495 0.08 0 0 0.758566 -0.0882122 -0.0853064
936 -33944.3 -46236 12291.7 0.06 0.0599823 0.244949 0.244913 0.08 0 0 0.760693 -0.0875732 -0.0835041
937 -33890 -46236 12346 0.06 0.0600118 0.244949 0.244973 0.08 0 0 0.759524 -0.090804 -0.0851343
938 -33826.3 -46236 12409.6 0.06 0.0599796 0.244949 0.244907 0.08 0 0 0.758735 -0.092433 -0.0844184
939 -33835.9 -46236 12400.1 0.06 0.0599986 0.244949 0.244946 0.08 0 0 0.758047 -0.0966985 -0.0855786
940 -33818.8 -46236 12417.2 0.06 0.0600212 0.244949 0.244992 0.08 0 0 0.757609 -0.0980126 -0.0825805
941 -33735 -46236 12501 0.06 0.0599982 0.244949 0.244945 0.08 0 0 0.756108 -0.0963102 -0.0821818
942 -33854.6 -46236 12381.4 0.06 0.0600002 0.244949 0.244949 0.08 0 0 0.757831 -0.0932153 -0.0821586
943 -33823.8 -46236 12412.1 0.06 0.0600191 0.244949 0.244988 0.08 0 0 0.757009 -0.0926266 -0.0834668
944 -33821 -46236 12415 0.06 0.0599917 0.244949 0.244932 0.08 0 0 0.756535 -0.0927093 -0.0854836
945 -33837.1 -46236 12398.9 0.06 0.0599939 0.244949 0.244936 0.08 0 0 0.757576 -0.0925579 -0.086971
946 -33753 -46236 12482.9 0.06 0.0599929 0.244949 0.244934 0.08 0 0 0.755825 -0.0950906 -0.0889606
947 -33859 -46236 12377 0.06 0.0600012 0.244949 0.244951 0.08 0 0 0.755824 -0.0977679 -0.0890846
948 -33843.7 -46236 12392.2 0.06 0.0599904 0.244949 0.244929 0.08 0 0 0.75451 -0.0971051 -0.09183
949 -33855.2 -46236 12380.7 0.06 0.0599653 0.244949 0.244878 0.08 0 0 0.755869 -0.099473 -0.0932688
950 -33817.6 -46236 12418.3 0.06 0.0600074 0.244949 0.244964 0.08 0 0 0.754549 -0.100558 -0.0922631
951 -33808.1 -46236 12427.9 0.06 0.0600052 0.244949 0.24496 0.08 0 0 0.753914 -0.101235 -0.0910766
952 -33708.1 -46236 12527.9 0.06 0.0600168 0.244949 0.244983 0.08 0 0 0.752801 -0.101756 -0.0904035
953 -33650.2 -46236 12585.8 0.06 0.0599993 0.244949 0.244948 0.08 0 0 0.752095 -0.102103 -0.0905182
954 -33692.5 -46236 12543.5 0.06 0.0600135 0.244949 0.244976 0.08 0 0 0.753041 -0.100229 -0.0914172
955 -33663.4 -46236 12572.6 0.06 0.0600096 0.244949 0.244969 0.08 0 0 0.753098 -0.101612 -0.0886781
956 -33633.6 -46236 12602.4 0.06 0.0600004 0.244949 0.24495 0.08 0 0 0.753183 -0.100567 -0.0888541
957 -33596.6 -46236 12639.4 0.06 0.0600118 0.244949 0.244973 0.08 0 0 0.752774 -0.101192 -0.0913443
958 -33680.1 -46236 12555.9 0.06 0.0599885 0.244949 0.244925 0.08 0 0 0.753312 -0.102513 -0.0943456
959 -33733.8 -46236 12502.1 0.06 0.0600139 0.244949 0.244977 0.08 0 0 0.754527 -0.0997289 -0.0945138
960 -33750.7 -46236 12485.2 0.06 0.0600077 0.244949 0.244965 0.08 0 0 0.75505 -0.100935 -0.091753
961 -33672.9 -46236 12563.1 0.06 0.0600109 0.244949 0.244971 0.08 0 0 0.753597 -0.102242 -0.0895604
962 -33613.1 -46236 12622.8 0.06 0.0599945 0.244949 0.244938 0.08 0 0 0.752115 -0.0998521 -0.0914929
963 -33572.2 -46236 12663.8 0.06 0.0600029 0.244949 0.244955 0.08 0 0 0.751822 -0.101582 -0.0914158
964 -33587.3 -46236 12648.7 0.06 0.0600061 0.244949 0.244961 0.08 0 0 0.752921 -0.099286 -0.0894662
965 -33618.1 -46236 12617.9 0.06 0.0600042 0.244949 0.244957 0.08 0 0 0.753405 -0.0982291 -0.0883507
966 -33693.5 -46236 12542.5 0.06 0.0599719 0.244949 0.244892 0.08 0 0 0.753709 -0.0973092 -0.0835742
967 -33692.6 -46236 12543.4 0.06 0.0599811 0.244949 0.24491 0.08 0 0 0.753372 -0.0974383 -0.0832044
968 -33626.7 -46236 12609.3 0.06 0.0600006 0.244949 0.24495 0.08 0 0 0.753374 -0.0962307 -0.0831439
969 -33683.6 -46236 12552.4 0.06 0.0600124 0.244949 0.244974 0.08 0 0 0.754734 -0.0969283 -0.0841261
970 -33676 -46236 12560 0.06 0.0599955 0.244949 0.24494 0.08 0 0 0.756674 -0.0951051 -0.0867722
971 -33657.1 -46236 12578.9 0.06 0.060001 0.244949 0.244951 0.08 0 0 0.755592 -0.0973139 -0.0861417
972 -33549.8 -46236 12686.2 0.06 0.0599888 0.244949 0.244926 0.08 0 0 0.753662 -0.0969228 -0.0855644
973 -33560.5 -46236 12675.4 0.06 0.0600015 0.244949 0.244952 0.08 0 0 0.7551 -0.0963024 -0.0851769
974 -33603.9 -46236 12632.1 0.06 0.0599979 0.244949 0.244945 0.08 0 0 0.755834 -0.093056 -0.0835104
975 -33634.2 -46236 12601.8 0.06 0.0599902 0.244949 0.244929 0.08 0 0 0.755459 -0.0948605 -0.0809561
976 -33617 -46236 12619 0.06 0.0599899 0.244949 0.244928 0.08 0 0 0.754992 -0.0951285 -0.0839201
977 -33669.1 -46236 12566.9 0.06 0.0599904 0.244949 0.244929 0.08 0 0 0.755889 -0.0951719 -0.0855358
978 -33670.4 -46236 12565.6 0.06 0.060005 0.244949 0.244959 0.08 0 0 0.755183 -0.0935217 -0.0864122
979 -33573.7 -46236 12662.3 0.06 0.0599947 0.244949 0.244938 0.08 0 0 0.754657 -0.0926616 -0.0883559
980 -33693.7 -46236 12542.3 0.06 0.0599993 0.244949 0.244947 0.08 0 0 0.758054 -0.0922698 -0.0869305
981 -33684.7 -46236 12551.3 0.06 0.0599872 0.244949 0.244923 0.08 0 0 0.757551 -0.0917054 -0.0887096
982 -33750.2 -46236 12485.8 0.06 0.0599933 0.244949 0.244935 0.08 0 0 0.758235 -0.0909369 -0.0857179
983 -33754.7 -46236 12481.3 0.06 0.0599982 0.244949 0.244945 0.08 0 0 0.759376 -0.093078 -0.0867065
984 -33728.1 -46236 12507.9 0.06 0.0600046 0.244949 0.244958 0.08 0 0 0.758947 -0.0925317 -0.0864695
985 -33884.8 -46236 12351.2 0.06 0.0600098 0.244949 0.244969 0.08 0 0 0.763029 -0.0907805 -0.085945
986 -33874.7 -46236 12361.2 0.06 0.059997 0.244949 0.244943 0.08 0 0 0.763082 -0.0893912 -0.0818045
987 -33882.5 -46236 12353.5 0.06 0.0599878 0.244949 0.244924 0.08 0 0 0.762506 -0.09099 -0.0789669
988 -33943.7 -46236 12292.3 0.06 0.0600139 0.244949 0.244977 0.08 0 0 0.762114 -0.0907889 -0.0789964
989 -33900.9 -46236 12335 0.06 0.0600056 0.244949 0.24496 0.08 0 0 0.761808 -0.0918489 -0.0826307
990 -33794.8 -46236 12441.2 0.06 0.0600093 0.244949 0.244968 0.08 0 0 0.760727 -0.0888602 -0.0824176
991 -33770.9 -46236 12465 0.06 0.0600037 0.244949 0.244956 0.08 0 0 0.760157 -0.0861811 -0.0847419
992 -33840.8 -46236 12395.2 0.06 0.0600392 0.244949 0.245029 0.08 0 0 0.760406 -0.0867711 -0.0843021
993 -33723.2 -46236 12512.8 0.06 0.0600079 0.244949 0.244965 0.08 0 0 0.758844 -0.0873054 -0.0840195
994 -33635.4 -46236 12600.5 0.06 0.0599936 0.244949 0.244936 0.08 0 0 0.757711 -0.0854053 -0.0864662
995 -33676.1 -46236 12559.9 0.06 0.0600217 0.244949 0.244993 0.08 0 0 0.758592 -0.0823575 -0.081861
996 -33721.8 -46236 12514.2 0.06 0.0600174 0.244949 0.244984 0.08 0 0 0.759683 -0.0797393 -0.0822162
997 -33731.6 -46236 12504.4 0.06 0.059994 0.244949 0.244937 0.08 0 0 0.76014 -0.0810493 -0.0828368
998 -33784.5 -46236 12451.5 0.06 0.0600032 0.244949 0.244955 0.08 0 0 0.759406 -0.0818586 -0.0833143
999 -33764.1 -46236 12471.9 0.06 0.059993 0.244949 0.244935 0.08 0 0 0.758624 -0.0830614 -0.082266
1000 -33587.6 -46236 12648.4 0.06 0.0599973 0.244949 0.244944 0.08 0 0 0.75526 -0.0836818 -0.0816926
