# Iteration Energy MinEnergy Delta temp realtemp dtheta realdtheta MagneticFieldX Y Z MagnetizationX Y Z
1 -1546.18 -46161.9 44615.8 0.01 0.0099951 0.1 0.0999755 0.07 0 0 0.00423087 -0.0103133 -0.000570353
2 -2806.2 -46161.9 43355.7 0.01 0.0100033 0.1 0.100016 0.07 0 0 0.00623939 -0.0110381 -0.00144356
3 -3955.99 -46161.9 42205.9 0.01 0.00999586 0.1 0.0999793 0.07 0 0 0.00701685 -0.0117098 -0.00153746
4 -5038.05 -46161.9 41123.9 0.01 0.00999776 0.1 0.0999888 0.07 0 0 0.00818738 -0.011074 -0.00106988
5 -6050.14 -46161.9 40111.8 0.01 0.0100008 0.1 0.100004 0.07 0 0 0.00967369 -0.0119647 -0.00152503
6 -7043.85 -46161.9 39118.1 0.01 0.00999818 0.1 0.0999909 0.07 0 0 0.0122026 -0.0119891 -0.00282443
7 -7999.5 -46161.9 38162.4 0.01 0.0100025 0.1 0.100012 0.07 0 0 0.0146461 -0.0125209 -0.00283254
8 -8937.43 -46161.9 37224.5 0.01 0.0100116 0.1 0.100058 0.07 0 0 0.0164636 -0.0142238 -0.00365144
9 -9902.51 -46161.9 36259.4 0.01 0.00999719 0.1 0.099986 0.07 0 0 0.0175679 -0.0152715 -0.00394667
10 -10838 -46161.9 35323.9 0.01 0.00999753 0.1 0.0999876 0.07 0 0 0.0195055 -0.0164561 -0.00397935
11 -11783.2 -46161.9 34378.8 0.01 0.00999962 0.1 0.0999981 0.07 0 0 0.0215479 -0.0169417 -0.0042509
12 -12717.6 -46161.9 33444.3 0.01 0.0100069 0.1 0.100035 0.07 0 0 0.0231666 -0.0177631 -0.00436649
13 -13672.7 -46161.9 32489.2 0.01 0.00999669 0.1 0.0999835 0.07 0 0 0.0253452 -0.0183182 -0.00421838
14 -14617.1 -46161.9 31544.9 0.01 0.00999455 0.1 0.0999728 0.07 0 0 0.0279463 -0.01943 -0.00509968
15 -15533.8 -46161.9 30628.1 0.01 0.0099949 0.1 0.0999745 0.07 0 0 0.0299965 -0.0200066 -0.00469261
16 -16456.6 -46161.9 29705.3 0.01 0.0100033 0.1 0.100017 0.07 0 0 0.0322274 -0.0199931 -0.00508091
17 -17365.1 -46161.9 28796.8 0.01 0.0100016 0.1 0.100008 0.07 0 0 0.0341021 -0.0210697 -0.00525967
18 -18286.3 -46161.9 27875.6 0.01 0.0100014 0.1 0.100007 0.07 0 0 0.0372146 -0.0226311 -0.00535487
19 -19167.5 -46161.9 26994.4 0.01 0.0100031 0.1 0.100015 0.07 0 0 0.0403141 -0.0245138 -0.00502373
20 -20020.9 -46161.9 26141.1 0.01 0.0100015 0.1 0.100007 0.07 0 0 0.0429566 -0.0264739 -0.00617452
21 -20847.8 -46161.9 25314.2 0.01 0.00999723 0.1 0.0999861 0.07 0 0 0.0452262 -0.0275164 -0.00709152
22 -21658.3 -46161.9 24503.6 0.01 0.00999898 0.1 0.0999949 0.07 0 0 0.0479446 -0.0276481 -0.00775159
23 -22450.2 -46161.9 23711.8 0.01 0.0100031 0.1 0.100015 0.07 0 0 0.0512982 -0.0291716 -0.00695208
24 -23205.4 -46161.9 22956.5 0.01 0.0100008 0.1 0.100004 0.07 0 0 0.053417 -0.030114 -0.00841832
25 -23967.9 -46161.9 22194.1 0.01 0.0100009 0.1 0.100005 0.07 0 0 0.0562421 -0.0311207 -0.00870891
26 -24693.6 -46161.9 21468.3 0.01 0.00999697 0.1 0.0999848 0.07 0 0 0.0593769 -0.0319789 -0.0100627
27 -25377.1 -46161.9 20784.9 0.01 0.00999535 0.1 0.0999768 0.07 0 0 0.0620114 -0.0328596 -0.0118574
28 -26037.2 -46161.9 20124.7 0.01 0.0099985 0.1 0.0999925 0.07 0 0 0.0644929 -0.0341073 -0.0118365
29 -26679.8 -46161.9 19482.1 0.01 0.009994 0.1 0.09997 0.07 0 0 0.0666402 -0.0349424 -0.0115199
30 -27282 -46161.9 18879.9 0.01 0.00999913 0.1 0.0999957 0.07 0 0 0.0700405 -0.0354865 -0.0125802
31 -27816.7 -46161.9 18345.2 0.01 0.00999454 0.1 0.0999727 0.07 0 0 0.0723656 -0.0366548 -0.0132525
32 -28342.7 -46161.9 17819.2 0.01 0.00999797 0.1 0.0999898 0.07 0 0 0.0748524 -0.0371224 -0.0138338
33 -28843.9 -46161.9 17318.1 0.01 0.0100001 0.1 0.1 0.07 0 0 0.0780621 -0.0371673 -0.0147983
34 -29294.5 -46161.9 16867.4 0.01 0.00999377 0.1 0.0999688 0.07 0 0 0.0807987 -0.0363951 -0.014519
35 -29709.6 -46161.9 16452.3 0.01 0.00999672 0.1 0.0999836 0.07 0 0 0.0822751 -0.0356956 -0.015691
36 -30118.9 -46161.9 16043 0.01 0.00999778 0.1 0.0999889 0.07 0 0 0.0840813 -0.0362862 -0.0163069
37 -30497 -46161.9 15664.9 0.01 0.0100007 0.1 0.100003 0.07 0 0 0.0861867 -0.0384781 -0.0162165
38 -30867.7 -46161.9 15294.2 0.01 0.0100027 0.1 0.100014 0.07 0 0 0.0880952 -0.0406378 -0.0159091
39 -31234.6 -46161.9 14927.3 0.01 0.00999832 0.1 0.0999916 0.07 0 0 0.0904942 -0.0428038 -0.0167964
40 -31562.7 -46161.9 14599.2 0.01 0.00999637 0.1 0.0999819 0.07 0 0 0.093433 -0.0439595 -0.0179349
41 -31913.4 -46161.9 14248.6 0.01 0.00999993 0.1 0.0999997 0.07 0 0 0.0958424 -0.0451015 -0.0176479
42 -32233.8 -46161.9 13928.2 0.01 0.00999842 0.1 0.0999921 0.07 0 0 0.097747 -0.0444685 -0.0195991
43 -32540.9 -46161.9 13621 0.01 0.0100017 0.1 0.100009 0.07 0 0 0.101275 -0.0451658 -0.020642
44 -32818.2 -46161.9 13343.7 0.01 0.00999907 0.1 0.0999953 0.07 0 0 0.103001 -0.0459547 -0.0205562
45 -33097.3 -46161.9 13064.6 0.01 0.00999922 0.1 0.0999961 0.07 0 0 0.105925 -0.0458409 -0.0207935
46 -33362.5 -46161.9 12799.5 0.01 0.0100029 0.1 0.100014 0.07 0 0 0.107232 -0.0468515 -0.021612
47 -33606.6 -46161.9 12555.3 0.01 0.00999684 0.1 0.0999842 0.07 0 0 0.109665 -0.047272 -0.0224736
48 -33837.3 -46161.9 12324.7 0.01 0.0100026 0.1 0.100013 0.07 0 0 0.111057 -0.0486417 -0.0227631
49 -34040.5 -46161.9 12121.4 0.01 0.0100042 0.1 0.100021 0.07 0 0 0.112478 -0.0496198 -0.0234145
50 -34244.9 -46161.9 11917 0.01 0.00999366 0.1 0.0999683 0.07 0 0 0.114706 -0.0506539 -0.0234397
51 -34462.6 -46161.9 11699.3 0.01 0.00999519 0.1 0.0999759 0.07 0 0 0.116486 -0.051208 -0.0236725
52 -34658.2 -46161.9 11503.8 0.01 0.0100114 0.1 0.100057 0.07 0 0 0.119252 -0.0521865 -0.0236187
53 -34824.5 -46161.9 11337.5 0.01 0.0100041 0.1 0.10002 0.07 0 0 0.120614 -0.0522403 -0.0235495
54 -34982.5 -46161.9 11179.4 0.01 0.0100023 0.1 0.100012 0.07 0 0 0.122853 -0.0522769 -0.0248049
55 -35147.4 -46161.9 11014.5 0.01 0.0100044 0.1 0.100022 0.07 0 0 0.124434 -0.0531954 -0.0244871
56 -35307.3 -46161.9 10854.6 0.01 0.0100091 0.1 0.100045 0.07 0 0 0.126695 -0.0532769 -0.0240866
57 -35466.6 -46161.9 10695.3 0.01 0.00999189 0.1 0.0999595 0.07 0 0 0.128246 -0.0545034 -0.0241877
58 -35612.8 -46161.9 10549.1 0.01 0.0100034 0.1 0.100017 0.07 0 0 0.129359 -0.0548299 -0.02439
59 -35748.9 -46161.9 10413 0.01 0.0100011 0.1 0.100006 0.07 0 0 0.131104 -0.056178 -0.0259035
60 -35896.9 -46161.9 10265 0.01 0.0100021 0.1 0.100011 0.07 0 0 0.132876 -0.0581453 -0.0261736
61 -36012.5 -46161.9 10149.4 0.01 0.00999924 0.1 0.0999962 0.07 0 0 0.135679 -0.0583554 -0.0272453
62 -36135.5 -46161.9 10026.4 0.01 0.0099985 0.1 0.0999925 0.07 0 0 0.138417 -0.0596061 -0.0290154
63 -36232.8 -46161.9 9929.16 0.01 0.0100011 0.1 0.100006 0.07 0 0 0.138718 -0.060052 -0.0289421
64 -36349.5 -46161.9 9812.46 0.01 0.00999762 0.1 0.0999881 0.07 0 0 0.139777 -0.0602806 -0.029316
65 -36459.2 -46161.9 9702.7 0.01 0.00999952 0.1 0.0999976 0.07 0 0 0.139728 -0.0604349 -0.030209
66 -36554.1 -46161.9 9607.82 0.01 0.0100091 0.1 0.100045 0.07 0 0 0.141872 -0.0607571 -0.0308237
67 -36675.5 -46161.9 9486.47 0.01 0.00999382 0.1 0.0999691 0.07 0 0 0.144301 -0.0625197 -0.0310838
68 -36776.7 -46161.9 9385.19 0.01 0.00999509 0.1 0.0999754 0.07 0 0 0.146656 -0.0636234 -0.0321341
69 -36870.6 -46161.9 9291.31 0.01 0.0100024 0.1 0.100012 0.07 0 0 0.150029 -0.0639447 -0.0327348
70 -36969.1 -46161.9 9192.85 0.01 0.00999765 0.1 0.0999883 0.07 0 0 0.151771 -0.0645488 -0.0333828
71 -37046.2 -46161.9 9115.77 0.01 0.0100048 0.1 0.100024 0.07 0 0 0.154462 -0.0649263 -0.034733
72 -37125.3 -46161.9 9036.62 0.01 0.0100012 0.1 0.100006 0.07 0 0 0.157503 -0.0648262 -0.0341817
73 -37220.5 -46161.9 8941.43 0.01 0.010005 0.1 0.100025 0.07 0 0 0.159006 -0.065562 -0.0346469
74 -37291.8 -46161.9 8870.18 0.01 0.0100067 0.1 0.100033 0.07 0 0 0.160941 -0.0658854 -0.0344011
75 -37367.9 -46161.9 8794.05 0.01 0.0100012 0.1 0.100006 0.07 0 0 0.162174 -0.0665818 -0.0357777
76 -37436.8 -46161.9 8725.17 0.01 0.0100018 0.1 0.100009 0.07 0 0 0.164078 -0.0666906 -0.0369366
77 -37537.2 -46161.9 8624.73 0.01 0.00999752 0.1 0.0999876 0.07 0 0 0.166353 -0.0680026 -0.0377546
78 -37619.6 -46161.9 8542.29 0.01 0.0099949 0.1 0.0999745 0.07 0 0 0.168509 -0.0693407 -0.0385547
79 -37703.5 -46161.9 8458.39 0.01 0.0100018 0.1 0.100009 0.07 0 0 0.170298 -0.069312 -0.038923
80 -37796.7 -46161.9 8365.19 0.01 0.00999081 0.1 0.0999541 0.07 0 0 0.172766 -0.0690064 -0.0399824
81 -37877.1 -46161.9 8284.87 0.01 0.00999985 0.1 0.0999993 0.07 0 0 0.17413 -0.0700585 -0.0396642
82 -37947.6 -46161.9 8214.34 0.01 0.00999747 0.1 0.0999874 0.07 0 0 0.176058 -0.0718596 -0.040466
83 -38016.5 -46161.9 8145.39 0.01 0.0100011 0.1 0.100005 0.07 0 0 0.178713 -0.0735032 -0.0410734
84 -38099.1 -46161.9 8062.87 0.01 0.00999903 0.1 0.0999951 0.07 0 0 0.181205 -0.0757404 -0.0425868
85 -38161.6 -46161.9 8000.31 0.01 0.0100051 0.1 0.100025 0.07 0 0 0.18178 -0.0759502 -0.0427666
86 -38241.9 -46161.9 7920.06 0.01 0.00999929 0.1 0.0999965 0.07 0 0 0.18298 -0.0758635 -0.0437169
87 -38297.1 -46161.9 7864.87 0.01 0.0100048 0.1 0.100024 0.07 0 0 0.185129 -0.0764693 -0.0444081
88 -38357.3 -46161.9 7804.64 0.01 0.0100043 0.1 0.100022 0.07 0 0 0.186086 -0.0771549 -0.0444995
89 -38431.1 -46161.9 7730.82 0.01 0.0100065 0.1 0.100033 0.07 0 0 0.187615 -0.0781736 -0.0446303
90 -38487.5 -46161.9 7674.48 0.01 0.0100033 0.1 0.100017 0.07 0 0 0.190297 -0.0785476 -0.045086
91 -38543.7 -46161.9 7618.2 0.01 0.00999817 0.1 0.0999908 0.07 0 0 0.191666 -0.080076 -0.0451874
92 -38609.1 -46161.9 7552.79 0.01 0.0100021 0.1 0.10001 0.07 0 0 0.192534 -0.0797284 -0.0445777
93 -38664 -46161.9 7497.92 0.01 0.00999573 0.1 0.0999787 0.07 0 0 0.193584 -0.0809812 -0.0439558
94 -38711.5 -46161.9 7450.42 0.01 0.00999965 0.1 0.0999982 0.07 0 0 0.194956 -0.0811401 -0.0426705
95 -38756.8 -46161.9 7405.11 0.01 0.0100004 0.1 0.100002 0.07 0 0 0.196863 -0.082328 -0.0422655
96 -38812.3 -46161.9 7349.62 0.01 0.0100039 0.1 0.10002 0.07 0 0 0.199448 -0.0823844 -0.0424522
97 -38848.9 -46161.9 7313.02 0.01 0.00999765 0.1 0.0999883 0.07 0 0 0.201131 -0.0830072 -0.0422227
98 -38899.7 -46161.9 7262.19 0.01 0.00999876 0.1 0.0999938 0.07 0 0 0.202512 -0.0831828 -0.0417023
99 -38950.8 -46161.9 7211.11 0.01 0.0100103 0.1 0.100051 0.07 0 0 0.203384 -0.0854207 -0.0413755
100 -38990.5 -46161.9 7171.39 0.01 0.0100014 0.1 0.100007 0.07 0 0 0.204983 -0.0855274 -0.0413917
101 -39025.9 -46161.9 7135.99 0.01 0.00999466 0.1 0.0999733 0.07 0 0 0.206915 -0.0842432 -0.0436184
102 -39068.3 -46161.9 7093.6 0.01 0.0100007 0.1 0.100003 0.07 0 0 0.209003 -0.0851234 -0.0445162
103 -39131.1 -46161.9 7030.81 0.01 0.00999423 0.1 0.0999712 0.07 0 0 0.210691 -0.0860438 -0.0446274
104 -39169.6 -46161.9 6992.32 0.01 0.0099961 0.1 0.0999805 0.07 0 0 0.21259 -0.0870163 -0.0454951
105 -39213.3 -46161.9 6948.66 0.01 0.00999518 0.1 0.0999759 0.07 0 0 0.21419 -0.0878923 -0.0460674
106 -39274.9 -46161.9 6887 0.01 0.00999462 0.1 0.0999731 0.07 0 0 0.216102 -0.0892788 -0.0461495
107 -39324.5 -46161.9 6837.43 0.01 0.0100027 0.1 0.100014 0.07 0 0 0.217637 -0.0894573 -0.0465265
108 -39384.7 -46161.9 6777.27 0.01 0.00999331 0.1 0.0999665 0.07 0 0 0.218575 -0.0897732 -0.0458991
109 -39421.6 -46161.9 6740.29 0.01 0.0100041 0.1 0.100021 0.07 0 0 0.219863 -0.0905218 -0.045815
110 -39469.9 -46161.9 6692.02 0.01 0.00999065 0.1 0.0999532 0.07 0 0 0.221082 -0.091308 -0.0460643
111 -39502.5 -46161.9 6659.42 0.01 0.00999246 0.1 0.0999623 0.07 0 0 0.222431 -0.092484 -0.0462467
112 -39539.3 -46161.9 6622.64 0.01 0.00999939 0.1 0.099997 0.07 0 0 0.224596 -0.0932937 -0.0461006
113 -39602.3 -46161.9 6559.64 0.01 0.0100017 0.1 0.100009 0.07 0 0 0.22529 -0.0947852 -0.0466375
114 -39632.1 -46161.9 6529.83 0.01 0.0099961 0.1 0.0999805 0.07 0 0 0.226612 -0.095681 -0.0469463
115 -39666.5 -46161.9 6495.42 0.01 0.00999937 0.1 0.0999969 0.07 0 0 0.228403 -0.0961288 -0.0471942
116 -39688.7 -46161.9 6473.28 0.01 0.00999711 0.1 0.0999856 0.07 0 0 0.230517 -0.0972399 -0.0471549
117 -39729.2 -46161.9 6432.72 0.01 0.00999773 0.1 0.0999886 0.07 0 0 0.232248 -0.097548 -0.0471698
118 -39762.8 -46161.9 6399.12 0.01 0.0100006 0.1 0.100003 0.07 0 0 0.232818 -0.0980295 -0.0475653
119 -39802.7 -46161.9 6359.28 0.01 0.0100067 0.1 0.100033 0.07 0 0 0.234681 -0.0988752 -0.0475516
120 -39846 -46161.9 6315.92 0.01 0.00999558 0.1 0.0999779 0.07 0 0 0.236623 -0.0987618 -0.0472951
121 -39892.4 -46161.9 6269.5 0.01 0.00999995 0.1 0.0999997 0.07 0 0 0.238637 -0.099737 -0.0473716
122 -39923.7 -46161.9 6238.24 0.01 0.0100029 0.1 0.100015 0.07 0 0 0.240521 -0.101639 -0.0469055
123 -39957.7 -46161.9 6204.19 0.01 0.00999831 0.1 0.0999916 0.07 0 0 0.241924 -0.101558 -0.0481943
124 -39991.2 -46161.9 6170.77 0.01 0.0099978 0.1 0.099989 0.07 0 0 0.244009 -0.102108 -0.0491293
125 -40029 -46161.9 6132.96 0.01 0.0100006 0.1 0.100003 0.07 0 0 0.245755 -0.103232 -0.0488954
126 -40086.4 -46161.9 6075.57 0.01 0.00999719 0.1 0.0999859 0.07 0 0 0.24729 -0.104178 -0.0506986
127 -40101.1 -46161.9 6060.8 0.01 0.0099972 0.1 0.099986 0.07 0 0 0.248081 -0.104807 -0.0525415
128 -40130.6 -46161.9 6031.29 0.01 0.00999951 0.1 0.0999975 0.07 0 0 0.249194 -0.106103 -0.0541924
129 -40169.6 -46161.9 5992.32 0.01 0.00999481 0.1 0.0999741 0.07 0 0 0.251526 -0.106826 -0.0545535
130 -40190.6 -46161.9 5971.31 0.01 0.010004 0.1 0.10002 0.07 0 0 0.252788 -0.106284 -0.0544319
131 -40206.4 -46161.9 5955.52 0.01 0.00999864 0.1 0.0999932 0.07 0 0 0.253699 -0.106653 -0.0556774
132 -40235.2 -46161.9 5926.72 0.01 0.0100051 0.1 0.100025 0.07 0 0 0.25546 -0.107974 -0.0561789
133 -40264.5 -46161.9 5897.39 0.01 0.00999919 0.1 0.099996 0.07 0 0 0.256427 -0.108429 -0.0561834
134 -40277.4 -46161.9 5884.56 0.01 0.010002 0.1 0.10001 0.07 0 0 0.258361 -0.109664 -0.0559961
135 -40312.1 -46161.9 5849.84 0.01 0.00999646 0.1 0.0999823 0.07 0 0 0.260708 -0.110659 -0.0565761
136 -40339.9 -46161.9 5822.01 0.01 0.0100024 0.1 0.100012 0.07 0 0 0.262342 -0.111601 -0.0574611
137 -40368.4 -46161.9 5793.55 0.01 0.00999532 0.1 0.0999766 0.07 0 0 0.263885 -0.112398 -0.0574553
138 -40394.8 -46161.9 5767.18 0.01 0.0100027 0.1 0.100014 0.07 0 0 0.265042 -0.113294 -0.0577873
139 -40431.9 -46161.9 5730 0.01 0.00999601 0.1 0.09998 0.07 0 0 0.265774 -0.113302 -0.0586442
140 -40464.8 -46161.9 5697.11 0.01 0.0100009 0.1 0.100005 0.07 0 0 0.266751 -0.114686 -0.0598051
141 -40524.8 -46161.9 5637.16 0.01 0.0099933 0.1 0.0999665 0.07 0 0 0.268941 -0.116245 -0.0592653
142 -40551.5 -46161.9 5610.46 0.01 0.00998942 0.1 0.0999471 0.07 0 0 0.269855 -0.116597 -0.0589863
143 -40606.4 -46161.9 5555.53 0.01 0.0100035 0.1 0.100018 0.07 0 0 0.2717 -0.117995 -0.059322
144 -40620.8 -46161.9 5541.17 0.01 0.010001 0.1 0.100005 0.07 0 0 0.273081 -0.118671 -0.0592083
145 -40646.1 -46161.9 5515.81 0.01 0.0100007 0.1 0.100004 0.07 0 0 0.275358 -0.119185 -0.0592303
146 -40652.9 -46161.9 5509.07 0.01 0.00999725 0.1 0.0999862 0.07 0 0 0.276473 -0.120919 -0.0593902
147 -40669.9 -46161.9 5492.01 0.01 0.00999755 0.1 0.0999877 0.07 0 0 0.277712 -0.121319 -0.0585148
148 -40683.2 -46161.9 5478.73 0.01 0.00999593 0.1 0.0999796 0.07 0 0 0.279314 -0.122595 -0.0581692
149 -40716.6 -46161.9 5445.33 0.01 0.0100021 0.1 0.100011 0.07 0 0 0.281314 -0.123671 -0.0573794
150 -40734.5 -46161.9 5427.47 0.01 0.0099969 0.1 0.0999845 0.07 0 0 0.28323 -0.125033 -0.0581948
151 -40764.2 -46161.9 5397.78 0.01 0.00999613 0.1 0.0999807 0.07 0 0 0.284199 -0.125727 -0.0580751
152 -40773.6 -46161.9 5388.36 0.01 0.00999702 0.1 0.0999851 0.07 0 0 0.286559 -0.126275 -0.0595974
153 -40826.1 -46161.9 5335.82 0.01 0.00999499 0.1 0.099975 0.07 0 0 0.28773 -0.126909 -0.0597952
154 -40850.9 -46161.9 5311.05 0.01 0.0100006 0.1 0.100003 0.07 0 0 0.288664 -0.126979 -0.0607902
155 -40888.2 -46161.9 5273.77 0.01 0.0100088 0.1 0.100044 0.07 0 0 0.290748 -0.127506 -0.0604708
156 -40897.5 -46161.9 5264.43 0.01 0.0100036 0.1 0.100018 0.07 0 0 0.292792 -0.12904 -0.061399
157 -40919.7 -46161.9 5242.22 0.01 0.0100002 0.1 0.100001 0.07 0 0 0.294288 -0.130093 -0.0618078
158 -40919.3 -46161.9 5242.68 0.01 0.0100045 0.1 0.100022 0.07 0 0 0.295242 -0.131009 -0.0619427
159 -40947.1 -46161.9 5214.8 0.01 0.0100043 0.1 0.100022 0.07 0 0 0.297106 -0.131601 -0.0628464
160 -40954.2 -46161.9 5207.72 0.01 0.0100001 0.1 0.100001 0.07 0 0 0.298296 -0.132456 -0.063317
161 -40954 -46161.9 5207.94 0.01 0.0100031 0.1 0.100015 0.07 0 0 0.300278 -0.132946 -0.0640586
162 -40973.3 -46161.9 5188.67 0.01 0.00999588 0.1 0.0999794 0.07 0 0 0.303164 -0.133954 -0.0629787
163 -41009.8 -46161.9 5152.13 0.01 0.010003 0.1 0.100015 0.07 0 0 0.303754 -0.133459 -0.0641379
164 -41035.3 -46161.9 5126.61 0.01 0.00999576 0.1 0.0999788 0.07 0 0 0.306444 -0.134185 -0.063718
165 -41063.3 -46161.9 5098.59 0.01 0.0100048 0.1 0.100024 0.07 0 0 0.307974 -0.134398 -0.0646327
166 -41100.4 -46161.9 5061.49 0.01 0.0099952 0.1 0.099976 0.07 0 0 0.309729 -0.135463 -0.0640164
167 -41108.9 -46161.9 5053.04 0.01 0.0100065 0.1 0.100033 0.07 0 0 0.311226 -0.136763 -0.0638486
168 -41136.5 -46161.9 5025.42 0.01 0.00999899 0.1 0.099995 0.07 0 0 0.313393 -0.137603 -0.0636774
169 -41180.8 -46161.9 4981.18 0.01 0.0100021 0.1 0.10001 0.07 0 0 0.315657 -0.138463 -0.0637325
170 -41201.7 -46161.9 4960.26 0.01 0.0100004 0.1 0.100002 0.07 0 0 0.316639 -0.138995 -0.0630503
171 -41197.5 -46161.9 4964.42 0.01 0.00999431 0.1 0.0999715 0.07 0 0 0.317388 -0.140137 -0.0639198
172 -41217.1 -46161.9 4944.79 0.01 0.00999484 0.1 0.0999742 0.07 0 0 0.319191 -0.140649 -0.0638194
173 -41243.9 -46161.9 4918.08 0.01 0.0099988 0.1 0.099994 0.07 0 0 0.319446 -0.140828 -0.0648108
174 -41257.6 -46161.9 4904.37 0.01 0.0099997 0.1 0.0999985 0.07 0 0 0.320518 -0.140094 -0.0648514
175 -41274.2 -46161.9 4887.75 0.01 0.00999526 0.1 0.0999763 0.07 0 0 0.322614 -0.141049 -0.066612
176 -41300.1 -46161.9 4861.87 0.01 0.010003 0.1 0.100015 0.07 0 0 0.323324 -0.141791 -0.0669891
177 -41340.6 -46161.9 4821.34 0.01 0.00999934 0.1 0.0999967 0.07 0 0 0.325281 -0.141773 -0.0673181
178 -41343.2 -46161.9 4818.71 0.01 0.00999812 0.1 0.0999906 0.07 0 0 0.326763 -0.142581 -0.0690971
179 -41348.4 -46161.9 4813.52 0.01 0.00999113 0.1 0.0999556 0.07 0 0 0.328441 -0.143562 -0.0693196
180 -41371.7 -46161.9 4790.23 0.01 0.00999934 0.1 0.0999967 0.07 0 0 0.329864 -0.1441 -0.0699615
181 -41378.7 -46161.9 4783.23 0.01 0.0100008 0.1 0.100004 0.07 0 0 0.331517 -0.144167 -0.0705691
182 -41392.7 -46161.9 4769.23 0.01 0.010002 0.1 0.10001 0.07 0 0 0.331842 -0.144441 -0.0716674
183 -41391 -46161.9 4770.96 0.01 0.0100071 0.1 0.100035 0.07 0 0 0.333188 -0.145857 -0.0716957
184 -41417 -46161.9 4744.96 0.01 0.0100035 0.1 0.100018 0.07 0 0 0.334481 -0.147489 -0.0721007
185 -41450.7 -46161.9 4711.23 0.01 0.00999871 0.1 0.0999936 0.07 0 0 0.336768 -0.148191 -0.0720934
186 -41465.8 -46161.9 4696.14 0.01 0.0100091 0.1 0.100045 0.07 0 0 0.337224 -0.149757 -0.0716202
187 -41469.4 -46161.9 4692.57 0.01 0.0100001 0.1 0.100001 0.07 0 0 0.338851 -0.150375 -0.0709954
188 -41479.3 -46161.9 4682.68 0.01 0.00999749 0.1 0.0999874 0.07 0 0 0.340113 -0.150359 -0.0701925
189 -41514.2 -46161.9 4647.71 0.01 0.0100005 0.1 0.100003 0.07 0 0 0.342135 -0.149581 -0.0700628
190 -41530.2 -46161.9 4631.78 0.01 0.00999843 0.1 0.0999921 0.07 0 0 0.343962 -0.150886 -0.0707622
191 -41558.3 -46161.9 4603.64 0.01 0.00999929 0.1 0.0999965 0.07 0 0 0.344462 -0.151653 -0.0711398
192 -41567 -46161.9 4594.97 0.01 0.00999793 0.1 0.0999897 0.07 0 0 0.345796 -0.152384 -0.0717355
193 -41604.1 -46161.9 4557.84 0.01 0.0100093 0.1 0.100047 0.07 0 0 0.347483 -0.1531 -0.0717734
194 -41625.1 -46161.9 4536.84 0.01 0.010008 0.1 0.10004 0.07 0 0 0.348154 -0.153968 -0.0728385
195 -41612.2 -46161.9 4549.75 0.01 0.00999311 0.1 0.0999655 0.07 0 0 0.350352 -0.153267 -0.0724097
196 -41631 -46161.9 4530.91 0.01 0.01 0.1 0.1 0.07 0 0 0.351497 -0.153004 -0.0731877
197 -41657.5 -46161.9 4504.47 0.01 0.00999438 0.1 0.0999719 0.07 0 0 0.352947 -0.152965 -0.0731193
198 -41667.1 -46161.9 4494.85 0.01 0.00999337 0.1 0.0999668 0.07 0 0 0.354264 -0.153708 -0.0737773
199 -41686.6 -46161.9 4475.37 0.01 0.00999248 0.1 0.0999624 0.07 0 0 0.356357 -0.154602 -0.0731454
200 -41706.6 -46161.9 4455.33 0.01 0.0100034 0.1 0.100017 0.07 0 0 0.357545 -0.155321 -0.0727814
201 -41722.3 -46161.9 4439.67 0.01 0.00999247 0.1 0.0999624 0.07 0 0 0.358799 -0.156528 -0.0718109
202 -41731.5 -46161.9 4430.4 0.01 0.0100001 0.1 0.100001 0.07 0 0 0.361422 -0.157668 -0.0707705
203 -41710.6 -46161.9 4451.3 0.01 0.0100003 0.1 0.100001 0.07 0 0 0.361817 -0.158515 -0.0708976
204 -41743.3 -46161.9 4418.64 0.01 0.00999714 0.1 0.0999857 0.07 0 0 0.363664 -0.15969 -0.0708342
205 -41722.7 -46161.9 4439.22 0.01 0.00999664 0.1 0.0999832 0.07 0 0 0.364803 -0.159989 -0.0707565
206 -41738.6 -46161.9 4423.33 0.01 0.0100008 0.1 0.100004 0.07 0 0 0.366821 -0.160304 -0.0706679
207 -41768.4 -46161.9 4393.49 0.01 0.00999704 0.1 0.0999852 0.07 0 0 0.369082 -0.161164 -0.0711468
208 -41805.7 -46161.9 4356.27 0.01 0.0099976 0.1 0.099988 0.07 0 0 0.370968 -0.162028 -0.070949
209 -41828.4 -46161.9 4333.51 0.01 0.00999284 0.1 0.0999642 0.07 0 0 0.372363 -0.162878 -0.0713326
210 -41855.3 -46161.9 4306.6 0.01 0.00999446 0.1 0.0999723 0.07 0 0 0.373664 -0.162998 -0.0717193
211 -41886.6 -46161.9 4275.32 0.01 0.0100023 0.1 0.100011 0.07 0 0 0.373732 -0.163215 -0.0737225
212 -41915.2 -46161.9 4246.7 0.01 0.0100032 0.1 0.100016 0.07 0 0 0.375716 -0.163244 -0.0738651
213 -41915.5 -46161.9 4246.4 0.01 0.0100051 0.1 0.100025 0.07 0 0 0.377043 -0.163829 -0.0736742
214 -41913.9 -46161.9 4248.01 0.01 0.0100054 0.1 0.100027 0.07 0 0 0.378784 -0.16408 -0.0733402
215 -41929.7 -46161.9 4232.28 0.01 0.0100036 0.1 0.100018 0.07 0 0 0.37976 -0.165354 -0.0728695
216 -41960.7 -46161.9 4201.25 0.01 0.009992 0.1 0.09996 0.07 0 0 0.381143 -0.165675 -0.0726851
217 -41975.8 -46161.9 4186.16 0.01 0.00999694 0.1 0.0999847 0.07 0 0 0.382196 -0.166783 -0.073048
218 -41988.9 -46161.9 4173.05 0.01 0.009993 0.1 0.099965 0.07 0 0 0.383297 -0.167363 -0.0731961
219 -41975 -46161.9 4186.94 0.01 0.00999689 0.1 0.0999844 0.07 0 0 0.384386 -0.168448 -0.0740334
220 -41995.3 -46161.9 4166.66 0.01 0.0100048 0.1 0.100024 0.07 0 0 0.386189 -0.167759 -0.0751779
221 -42013.6 -46161.9 4148.31 0.01 0.0100042 0.1 0.100021 0.07 0 0 0.387969 -0.16793 -0.074598
222 -42030.5 -46161.9 4131.45 0.01 0.0099958 0.1 0.099979 0.07 0 0 0.389823 -0.168341 -0.0748533
223 -42049.9 -46161.9 4112.07 0.01 0.0100025 0.1 0.100013 0.07 0 0 0.39131 -0.169086 -0.0741294
224 -42068.8 -46161.9 4093.11 0.01 0.00999245 0.1 0.0999622 0.07 0 0 0.392288 -0.169869 -0.0747907
225 -42073.3 -46161.9 4088.6 0.01 0.010003 0.1 0.100015 0.07 0 0 0.393153 -0.170395 -0.0758665
226 -42086.7 -46161.9 4075.28 0.01 0.00999831 0.1 0.0999916 0.07 0 0 0.394897 -0.171315 -0.0760456
227 -42114.1 -46161.9 4047.79 0.01 0.00999796 0.1 0.0999898 0.07 0 0 0.396875 -0.172647 -0.0767944
228 -42111.8 -46161.9 4050.13 0.01 0.0100004 0.1 0.100002 0.07 0 0 0.397905 -0.173917 -0.0773199
229 -42108.3 -46161.9 4053.66 0.01 0.00999556 0.1 0.0999778 0.07 0 0 0.399075 -0.174841 -0.0777869
230 -42134.5 -46161.9 4027.47 0.01 0.0100009 0.1 0.100004 0.07 0 0 0.400147 -0.175514 -0.0784984
231 -42135.3 -46161.9 4026.62 0.01 0.00999308 0.1 0.0999654 0.07 0 0 0.402187 -0.17556 -0.077831
232 -42139 -46161.9 4022.89 0.01 0.0100023 0.1 0.100011 0.07 0 0 0.402866 -0.175568 -0.0776237
233 -42162.4 -46161.9 3999.48 0.01 0.00999156 0.1 0.0999578 0.07 0 0 0.404249 -0.175355 -0.0781339
234 -42162.4 -46161.9 3999.56 0.01 0.00999686 0.1 0.0999843 0.07 0 0 0.405541 -0.17644 -0.0781847
235 -42173.6 -46161.9 3988.33 0.01 0.00999676 0.1 0.0999838 0.07 0 0 0.406885 -0.178186 -0.0784211
236 -42197.2 -46161.9 3964.73 0.01 0.0100035 0.1 0.100017 0.07 0 0 0.408939 -0.178811 -0.0791461
237 -42216.6 -46161.9 3945.38 0.01 0.00999964 0.1 0.0999982 0.07 0 0 0.410011 -0.179221 -0.0793638
238 -42204.8 -46161.9 3957.09 0.01 0.0100079 0.1 0.100039 0.07 0 0 0.41166 -0.179353 -0.0790001
239 -42220.6 -46161.9 3941.38 0.01 0.00999628 0.1 0.0999814 0.07 0 0 0.412299 -0.180007 -0.0791974
240 -42235.6 -46161.9 3926.3 0.01 0.0100005 0.1 0.100002 0.07 0 0 0.413214 -0.18089 -0.0795047
241 -42242 -46161.9 3919.95 0.01 0.00999304 0.1 0.0999652 0.07 0 0 0.414163 -0.180306 -0.0794459
242 -42259 -46161.9 3902.97 0.01 0.00999887 0.1 0.0999944 0.07 0 0 0.414814 -0.18182 -0.0788154
243 -42282.4 -46161.9 3879.52 0.01 0.010007 0.1 0.100035 0.07 0 0 0.41651 -0.182706 -0.0790154
244 -42293.5 -46161.9 3868.46 0.01 0.00999242 0.1 0.0999621 0.07 0 0 0.416914 -0.183166 -0.079808
245 -42308.9 -46161.9 3853.07 0.01 0.0100011 0.1 0.100005 0.07 0 0 0.418328 -0.183384 -0.0799198
246 -42322.3 -46161.9 3839.66 0.01 0.00999851 0.1 0.0999926 0.07 0 0 0.419416 -0.185275 -0.0806566
247 -42342 -46161.9 3819.95 0.01 0.0100053 0.1 0.100027 0.07 0 0 0.419656 -0.186114 -0.0807761
248 -42349.3 -46161.9 3812.66 0.01 0.00999637 0.1 0.0999819 0.07 0 0 0.421355 -0.185565 -0.0810333
249 -42350.8 -46161.9 3811.11 0.01 0.01 0.1 0.1 0.07 0 0 0.423009 -0.185923 -0.0808456
250 -42365.6 -46161.9 3796.35 0.01 0.00999784 0.1 0.0999892 0.07 0 0 0.424039 -0.187714 -0.0806229
251 -42374 -46161.9 3787.93 0.01 0.0100032 0.1 0.100016 0.07 0 0 0.42532 -0.188053 -0.079739
252 -42384.3 -46161.9 3777.64 0.01 0.00999854 0.1 0.0999927 0.07 0 0 0.42647 -0.189248 -0.0793897
253 -42388.4 -46161.9 3773.54 0.01 0.0100013 0.1 0.100007 0.07 0 0 0.427471 -0.188422 -0.0803788
254 -42389.3 -46161.9 3772.64 0.01 0.0100063 0.1 0.100032 0.07 0 0 0.429743 -0.188379 -0.0800596
255 -42398 -46161.9 3763.96 0.01 0.00999348 0.1 0.0999674 0.07 0 0 0.430935 -0.189655 -0.0818681
256 -42399.2 -46161.9 3762.73 0.01 0.00999912 0.1 0.0999956 0.07 0 0 0.432742 -0.190933 -0.0815299
257 -42404.1 -46161.9 3757.79 0.01 0.009999 0.1 0.099995 0.07 0 0 0.433729 -0.191823 -0.0830748
258 -42435.5 -46161.9 3726.48 0.01 0.00999252 0.1 0.0999626 0.07 0 0 0.435239 -0.192738 -0.0824917
259 -42445.9 -46161.9 3716.08 0.01 0.0100049 0.1 0.100025 0.07 0 0 0.436784 -0.19351 -0.0826558
260 -42450.3 -46161.9 3711.68 0.01 0.0100026 0.1 0.100013 0.07 0 0 0.436343 -0.19475 -0.0820489
261 -42447 -46161.9 3714.96 0.01 0.00999827 0.1 0.0999913 0.07 0 0 0.436982 -0.194618 -0.0823182
262 -42460.9 -46161.9 3701.05 0.01 0.00999792 0.1 0.0999896 0.07 0 0 0.438271 -0.195146 -0.0819156
263 -42480.6 -46161.9 3681.32 0.01 0.0100065 0.1 0.100033 0.07 0 0 0.439607 -0.195513 -0.0821566
264 -42506.6 -46161.9 3655.3 0.01 0.00999622 0.1 0.0999811 0.07 0 0 0.441753 -0.196429 -0.0829884
265 -42514.2 -46161.9 3647.69 0.01 0.0100014 0.1 0.100007 0.07 0 0 0.443524 -0.196108 -0.0838236
266 -42535.3 -46161.9 3626.64 0.01 0.01 0.1 0.1 0.07 0 0 0.445092 -0.196853 -0.0852064
267 -42543.9 -46161.9 3618.05 0.01 0.00999892 0.1 0.0999946 0.07 0 0 0.446827 -0.197297 -0.0852525
268 -42556.6 -46161.9 3605.3 0.01 0.00999374 0.1 0.0999687 0.07 0 0 0.447917 -0.198231 -0.0853255
269 -42563.4 -46161.9 3598.49 0.01 0.0100004 0.1 0.100002 0.07 0 0 0.448063 -0.198142 -0.0858381
270 -42558.1 -46161.9 3603.79 0.01 0.00999683 0.1 0.0999842 0.07 0 0 0.448823 -0.199453 -0.0857971
271 -42563.7 -46161.9 3598.21 0.01 0.0099958 0.1 0.099979 0.07 0 0 0.451535 -0.199727 -0.0859899
272 -42567.7 -46161.9 3594.21 0.01 0.009998 0.1 0.09999 0.07 0 0 0.453741 -0.200531 -0.0849987
273 -42577.2 -46161.9 3584.72 0.01 0.00999969 0.1 0.0999984 0.07 0 0 0.454986 -0.201042 -0.0850897
274 -42589.3 -46161.9 3572.64 0.01 0.00999602 0.1 0.0999801 0.07 0 0 0.456032 -0.201321 -0.083859
275 -42598 -46161.9 3563.91 0.01 0.00999308 0.1 0.0999654 0.07 0 0 0.456824 -0.201813 -0.0832791
276 -42602.6 -46161.9 3559.33 0.01 0.0100041 0.1 0.100021 0.07 0 0 0.457087 -0.201939 -0.08263
277 -42628.1 -46161.9 3533.88 0.01 0.00999723 0.1 0.0999861 0.07 0 0 0.458944 -0.202321 -0.0829497
278 -42621.5 -46161.9 3540.48 0.01 0.0100023 0.1 0.100011 0.07 0 0 0.460735 -0.202517 -0.0827565
279 -42638.9 -46161.9 3523.05 0.01 0.0100002 0.1 0.100001 0.07 0 0 0.462579 -0.203112 -0.0832811
280 -42654.4 -46161.9 3507.52 0.01 0.00999601 0.1 0.0999801 0.07 0 0 0.464434 -0.202779 -0.0833399
281 -42666.4 -46161.9 3495.57 0.01 0.0100017 0.1 0.100009 0.07 0 0 0.464865 -0.202436 -0.0836443
282 -42674.5 -46161.9 3487.43 0.01 0.00999757 0.1 0.0999879 0.07 0 0 0.465781 -0.201406 -0.083953
283 -42654.1 -46161.9 3507.84 0.01 0.00999997 0.1 0.0999999 0.07 0 0 0.46642 -0.202288 -0.0846792
284 -42676.4 -46161.9 3485.48 0.01 0.0100062 0.1 0.100031 0.07 0 0 0.468693 -0.202673 -0.0851961
285 -42690.7 -46161.9 3471.2 0.01 0.0099974 0.1 0.099987 0.07 0 0 0.469952 -0.203631 -0.0859423
286 -42712.9 -46161.9 3449.05 0.01 0.0100074 0.1 0.100037 0.07 0 0 0.472075 -0.203038 -0.0851399
287 -42718.2 -46161.9 3443.76 0.01 0.0100076 0.1 0.100038 0.07 0 0 0.472327 -0.203817 -0.0865608
288 -42730.2 -46161.9 3431.76 0.01 0.0100028 0.1 0.100014 0.07 0 0 0.47328 -0.204179 -0.086798
289 -42718.8 -46161.9 3443.11 0.01 0.00999982 0.1 0.0999991 0.07 0 0 0.474879 -0.204222 -0.0870881
290 -42709 -46161.9 3452.97 0.01 0.0100081 0.1 0.10004 0.07 0 0 0.477066 -0.205761 -0.0871899
291 -42728.1 -46161.9 3433.88 0.01 0.00999229 0.1 0.0999615 0.07 0 0 0.478961 -0.205661 -0.0880014
292 -42744.5 -46161.9 3417.4 0.01 0.00999095 0.1 0.0999547 0.07 0 0 0.479679 -0.204542 -0.0889923
293 -42769.1 -46161.9 3392.88 0.01 0.0100109 0.1 0.100054 0.07 0 0 0.481042 -0.205261 -0.089128
294 -42766.6 -46161.9 3395.29 0.01 0.0100044 0.1 0.100022 0.07 0 0 0.482818 -0.205811 -0.0897869
295 -42792.1 -46161.9 3369.84 0.01 0.0100068 0.1 0.100034 0.07 0 0 0.484861 -0.206552 -0.0894328
296 -42823.6 -46161.9 3338.3 0.01 0.0100031 0.1 0.100015 0.07 0 0 0.485729 -0.206337 -0.0908615
297 -42820.5 -46161.9 3341.47 0.01 0.00999903 0.1 0.0999952 0.07 0 0 0.487466 -0.20637 -0.0907967
298 -42825.4 -46161.9 3336.5 0.01 0.0100043 0.1 0.100022 0.07 0 0 0.488361 -0.206565 -0.0922644
299 -42824.8 -46161.9 3337.18 0.01 0.0100011 0.1 0.100005 0.07 0 0 0.489913 -0.206878 -0.0917007
300 -42857.1 -46161.9 3304.79 0.01 0.0100026 0.1 0.100013 0.07 0 0 0.49132 -0.20772 -0.0930191
301 -42860.8 -46161.9 3301.14 0.01 0.00999282 0.1 0.0999641 0.07 0 0 0.492704 -0.208004 -0.0924913
302 -42849.1 -46161.9 3312.84 0.01 0.0100023 0.1 0.100011 0.07 0 0 0.493305 -0.207677 -0.092839
303 -42866.5 -46161.9 3295.42 0.01 0.00999957 0.1 0.0999978 0.07 0 0 0.494952 -0.207634 -0.0931557
304 -42857.9 -46161.9 3304.02 0.01 0.0100001 0.1 0.1 0.07 0 0 0.49532 -0.208381 -0.092842
305 -42877.6 -46161.9 3284.38 0.01 0.0100054 0.1 0.100027 0.07 0 0 0.497197 -0.208979 -0.093138
306 -42880.2 -46161.9 3281.74 0.01 0.00999525 0.1 0.0999762 0.07 0 0 0.497929 -0.208856 -0.0931323
307 -42895.9 -46161.9 3266.03 0.01 0.00999358 0.1 0.0999679 0.07 0 0 0.49831 -0.21014 -0.0935965
308 -42900.2 -46161.9 3261.74 0.01 0.0100019 0.1 0.10001 0.07 0 0 0.498939 -0.210567 -0.0933371
309 -42879.3 -46161.9 3282.62 0.01 0.0100041 0.1 0.100021 0.07 0 0 0.499987 -0.211252 -0.0936212
310 -42909.5 -46161.9 3252.4 0.01 0.00999282 0.1 0.0999641 0.07 0 0 0.501152 -0.211532 -0.0948058
311 -42915.9 -46161.9 3246 0.01 0.0100037 0.1 0.100019 0.07 0 0 0.502915 -0.21196 -0.094425
312 -42934 -46161.9 3227.95 0.01 0.0100027 0.1 0.100013 0.07 0 0 0.503675 -0.212467 -0.0930191
313 -42934.5 -46161.9 3227.39 0.01 0.0100001 0.1 0.100001 0.07 0 0 0.505537 -0.212601 -0.0935685
314 -42933.2 -46161.9 3228.69 0.01 0.0100029 0.1 0.100014 0.07 0 0 0.506289 -0.213564 -0.0948529
315 -42959.3 -46161.9 3202.59 0.01 0.00999583 0.1 0.0999791 0.07 0 0 0.508267 -0.214642 -0.0940237
316 -42964.1 -46161.9 3197.87 0.01 0.010005 0.1 0.100025 0.07 0 0 0.509512 -0.214678 -0.0925646
317 -42964.5 -46161.9 3197.4 0.01 0.0100036 0.1 0.100018 0.07 0 0 0.51168 -0.215238 -0.0917156
318 -42959.9 -46161.9 3202.03 0.01 0.00999555 0.1 0.0999777 0.07 0 0 0.512659 -0.215083 -0.0915927
319 -42939.8 -46161.9 3222.09 0.01 0.0100021 0.1 0.10001 0.07 0 0 0.513554 -0.215756 -0.0918246
320 -42974 -46161.9 3187.96 0.01 0.00999932 0.1 0.0999966 0.07 0 0 0.514553 -0.217328 -0.0926909
321 -42977.1 -46161.9 3184.79 0.01 0.0100019 0.1 0.10001 0.07 0 0 0.516278 -0.218411 -0.0933913
322 -42996.1 -46161.9 3165.82 0.01 0.00999773 0.1 0.0999887 0.07 0 0 0.518038 -0.218293 -0.0927957
323 -42997.4 -46161.9 3164.56 0.01 0.0100008 0.1 0.100004 0.07 0 0 0.518662 -0.218479 -0.0928248
324 -43028.7 -46161.9 3133.25 0.01 0.00999583 0.1 0.0999791 0.07 0 0 0.519548 -0.218509 -0.0933968
325 -43015.3 -46161.9 3146.65 0.01 0.0100103 0.1 0.100052 0.07 0 0 0.519433 -0.218963 -0.0941961
326 -43005.4 -46161.9 3156.54 0.01 0.0100016 0.1 0.100008 0.07 0 0 0.520555 -0.219922 -0.0954945
327 -42992.8 -46161.9 3169.11 0.01 0.00999368 0.1 0.0999684 0.07 0 0 0.52122 -0.221072 -0.0952654
328 -43017.7 -46161.9 3144.22 0.01 0.00999462 0.1 0.0999731 0.07 0 0 0.522945 -0.222815 -0.0950473
329 -43037.5 -46161.9 3124.48 0.01 0.0100061 0.1 0.100031 0.07 0 0 0.524616 -0.223397 -0.095252
330 -43039.2 -46161.9 3122.7 0.01 0.00999918 0.1 0.0999959 0.07 0 0 0.525615 -0.223888 -0.095519
331 -43045.3 -46161.9 3116.64 0.01 0.00999667 0.1 0.0999834 0.07 0 0 0.526571 -0.2246 -0.0965613
332 -43042.2 -46161.9 3119.73 0.01 0.00999978 0.1 0.0999989 0.07 0 0 0.527309 -0.224946 -0.0966022
333 -43053.2 -46161.9 3108.78 0.01 0.00999517 0.1 0.0999758 0.07 0 0 0.528848 -0.225897 -0.0968563
334 -43058.4 -46161.9 3103.48 0.01 0.0100032 0.1 0.100016 0.07 0 0 0.530649 -0.226389 -0.0971283
335 -43043.8 -46161.9 3118.09 0.01 0.0100061 0.1 0.10003 0.07 0 0 0.532182 -0.225814 -0.0964845
336 -43050.7 -46161.9 3111.28 0.01 0.00999674 0.1 0.0999837 0.07 0 0 0.533131 -0.225385 -0.0960072
337 -43056.5 -46161.9 3105.47 0.01 0.0100011 0.1 0.100005 0.07 0 0 0.534535 -0.225501 -0.0961536
338 -43066.6 -46161.9 3095.29 0.01 0.00999513 0.1 0.0999757 0.07 0 0 0.535072 -0.227116 -0.0958808
339 -43085.7 -46161.9 3076.22 0.01 0.00999534 0.1 0.0999767 0.07 0 0 0.536677 -0.228266 -0.0959134
340 -43074.3 -46161.9 3087.64 0.01 0.0100046 0.1 0.100023 0.07 0 0 0.537532 -0.228382 -0.0961957
341 -43106.8 -46161.9 3055.18 0.01 0.00999022 0.1 0.0999511 0.07 0 0 0.538855 -0.228722 -0.0959809
342 -43123.3 -46161.9 3038.64 0.01 0.0099948 0.1 0.099974 0.07 0 0 0.540138 -0.229647 -0.0958311
343 -43119.3 -46161.9 3042.61 0.01 0.0100013 0.1 0.100007 0.07 0 0 0.541443 -0.229527 -0.09622
344 -43095.9 -46161.9 3065.99 0.01 0.0099963 0.1 0.0999815 0.07 0 0 0.541515 -0.229919 -0.0969
345 -43101.1 -46161.9 3060.86 0.01 0.0100059 0.1 0.10003 0.07 0 0 0.542474 -0.230819 -0.0972907
346 -43117.3 -46161.9 3044.6 0.01 0.00999856 0.1 0.0999928 0.07 0 0 0.543457 -0.230842 -0.0967066
347 -43106 -46161.9 3055.93 0.01 0.0100009 0.1 0.100004 0.07 0 0 0.543858 -0.230564 -0.0957313
348 -43119.6 -46161.9 3042.33 0.01 0.00999619 0.1 0.099981 0.07 0 0 0.545231 -0.23019 -0.0950853
349 -43127.2 -46161.9 3034.77 0.01 0.0100112 0.1 0.100056 0.07 0 0 0.547226 -0.230614 -0.0953192
350 -43131.9 -46161.9 3030.02 0.01 0.00999525 0.1 0.0999762 0.07 0 0 0.547888 -0.231067 -0.0962079
351 -43155 -46161.9 3006.96 0.01 0.0099973 0.1 0.0999865 0.07 0 0 0.549857 -0.232071 -0.0961191
352 -43172.8 -46161.9 2989.18 0.01 0.00999805 0.1 0.0999902 0.07 0 0 0.550839 -0.233288 -0.0964001
353 -43180.1 -46161.9 2981.88 0.01 0.00999974 0.1 0.0999987 0.07 0 0 0.552525 -0.233541 -0.0964544
354 -43216.6 -46161.9 2945.33 0.01 0.00999408 0.1 0.0999704 0.07 0 0 0.553993 -0.234276 -0.096931
355 -43196.8 -46161.9 2965.18 0.01 0.00999986 0.1 0.0999993 0.07 0 0 0.554174 -0.234942 -0.0975477
356 -43202.6 -46161.9 2959.37 0.01 0.00999806 0.1 0.0999903 0.07 0 0 0.555153 -0.235138 -0.0991486
357 -43196.5 -46161.9 2965.41 0.01 0.0100025 0.1 0.100012 0.07 0 0 0.555792 -0.23504 -0.0989525
358 -43196.8 -46161.9 2965.12 0.01 0.00999941 0.1 0.0999971 0.07 0 0 0.55615 -0.235488 -0.0991173
359 -43178 -46161.9 2983.97 0.01 0.00999995 0.1 0.0999998 0.07 0 0 0.557055 -0.235545 -0.0988198
360 -43191.1 -46161.9 2970.82 0.01 0.0100047 0.1 0.100024 0.07 0 0 0.558366 -0.237477 -0.0987308
361 -43187.3 -46161.9 2974.68 0.01 0.0100032 0.1 0.100016 0.07 0 0 0.560086 -0.236036 -0.0989646
362 -43195.1 -46161.9 2966.79 0.01 0.00999583 0.1 0.0999792 0.07 0 0 0.560917 -0.236426 -0.0994189
363 -43192.6 -46161.9 2969.37 0.01 0.00999745 0.1 0.0999872 0.07 0 0 0.563133 -0.235969 -0.100051
364 -43196.9 -46161.9 2965.01 0.01 0.0100019 0.1 0.10001 0.07 0 0 0.564545 -0.235099 -0.0994273
365 -43222.1 -46161.9 2939.86 0.01 0.0100028 0.1 0.100014 0.07 0 0 0.565784 -0.235272 -0.10008
366 -43225.4 -46161.9 2936.49 0.01 0.0100042 0.1 0.100021 0.07 0 0 0.568082 -0.235604 -0.100826
367 -43224.7 -46161.9 2937.27 0.01 0.0100071 0.1 0.100035 0.07 0 0 0.569413 -0.235491 -0.101303
368 -43256 -46161.9 2905.9 0.01 0.00999845 0.1 0.0999922 0.07 0 0 0.570661 -0.236385 -0.102488
369 -43266.8 -46161.9 2895.15 0.01 0.0100034 0.1 0.100017 0.07 0 0 0.571171 -0.236887 -0.102363
370 -43274.6 -46161.9 2887.35 0.01 0.00999709 0.1 0.0999855 0.07 0 0 0.572415 -0.236129 -0.103005
371 -43295.1 -46161.9 2866.84 0.01 0.0100118 0.1 0.100059 0.07 0 0 0.573147 -0.236734 -0.101786
372 -43302.9 -46161.9 2858.99 0.01 0.00999284 0.1 0.0999642 0.07 0 0 0.574038 -0.237508 -0.100806
373 -43315.3 -46161.9 2846.64 0.01 0.00999584 0.1 0.0999792 0.07 0 0 0.57634 -0.239009 -0.100007
374 -43329.3 -46161.9 2832.68 0.01 0.00999791 0.1 0.0999896 0.07 0 0 0.576308 -0.239841 -0.101058
375 -43334.1 -46161.9 2827.79 0.01 0.0100016 0.1 0.100008 0.07 0 0 0.577332 -0.23977 -0.101594
376 -43333.3 -46161.9 2828.68 0.01 0.010004 0.1 0.10002 0.07 0 0 0.578646 -0.240326 -0.101446
377 -43331 -46161.9 2830.95 0.01 0.00999311 0.1 0.0999656 0.07 0 0 0.579941 -0.239668 -0.101982
378 -43320.2 -46161.9 2841.72 0.01 0.0100035 0.1 0.100017 0.07 0 0 0.581067 -0.239652 -0.101724
379 -43300.9 -46161.9 2861.07 0.01 0.00999813 0.1 0.0999906 0.07 0 0 0.58247 -0.238854 -0.101492
380 -43312.7 -46161.9 2849.26 0.01 0.00998951 0.1 0.0999476 0.07 0 0 0.584222 -0.239403 -0.102872
381 -43312.5 -46161.9 2849.39 0.01 0.0100015 0.1 0.100008 0.07 0 0 0.585423 -0.239905 -0.102896
382 -43322.3 -46161.9 2839.63 0.01 0.00999686 0.1 0.0999843 0.07 0 0 0.585899 -0.239583 -0.103482
383 -43324.5 -46161.9 2837.39 0.01 0.0100064 0.1 0.100032 0.07 0 0 0.58665 -0.239799 -0.1038
384 -43323 -46161.9 2838.9 0.01 0.00999621 0.1 0.0999811 0.07 0 0 0.588799 -0.239883 -0.104485
385 -43312.5 -46161.9 2849.44 0.01 0.0100012 0.1 0.100006 0.07 0 0 0.589723 -0.239597 -0.103928
386 -43334 -46161.9 2827.95 0.01 0.00999439 0.1 0.099972 0.07 0 0 0.591134 -0.239784 -0.103691
387 -43338.5 -46161.9 2823.41 0.01 0.00999361 0.1 0.0999681 0.07 0 0 0.592674 -0.239541 -0.103903
388 -43336.2 -46161.9 2825.73 0.01 0.00999823 0.1 0.0999911 0.07 0 0 0.593736 -0.240271 -0.103467
389 -43362.3 -46161.9 2799.66 0.01 0.0100009 0.1 0.100004 0.07 0 0 0.595497 -0.241325 -0.103252
390 -43369.9 -46161.9 2792.07 0.01 0.00999953 0.1 0.0999977 0.07 0 0 0.596395 -0.241748 -0.104012
391 -43391.5 -46161.9 2770.47 0.01 0.00999844 0.1 0.0999922 0.07 0 0 0.598489 -0.241981 -0.10378
392 -43398.4 -46161.9 2763.53 0.01 0.0099933 0.1 0.0999665 0.07 0 0 0.599633 -0.241965 -0.104298
393 -43407.2 -46161.9 2754.74 0.01 0.00999977 0.1 0.0999988 0.07 0 0 0.600331 -0.241922 -0.104357
394 -43402.5 -46161.9 2759.41 0.01 0.00999615 0.1 0.0999808 0.07 0 0 0.600548 -0.241958 -0.103683
395 -43425.1 -46161.9 2736.81 0.01 0.00999681 0.1 0.099984 0.07 0 0 0.602334 -0.243225 -0.103598
396 -43420.3 -46161.9 2741.63 0.01 0.0100114 0.1 0.100057 0.07 0 0 0.603497 -0.245498 -0.104013
397 -43399.5 -46161.9 2762.46 0.01 0.010006 0.1 0.10003 0.07 0 0 0.605121 -0.245844 -0.102602
398 -43425.7 -46161.9 2736.25 0.01 0.00999864 0.1 0.0999932 0.07 0 0 0.606429 -0.246421 -0.10333
399 -43443.2 -46161.9 2718.75 0.01 0.00999674 0.1 0.0999837 0.07 0 0 0.606989 -0.24683 -0.103874
400 -43413.5 -46161.9 2748.41 0.01 0.0100084 0.1 0.100042 0.07 0 0 0.607675 -0.246533 -0.10467
401 -43426.4 -46161.9 2735.5 0.01 0.00999679 0.1 0.099984 0.07 0 0 0.608819 -0.246217 -0.105459
402 -43425 -46161.9 2736.91 0.01 0.0100041 0.1 0.10002 0.07 0 0 0.609989 -0.245372 -0.105242
403 -43414.8 -46161.9 2747.1 0.01 0.0100029 0.1 0.100015 0.07 0 0 0.611349 -0.24666 -0.10484
404 -43418.8 -46161.9 2743.11 0.01 0.0100028 0.1 0.100014 0.07 0 0 0.612508 -0.248263 -0.104397
405 -43425.6 -46161.9 2736.34 0.01 0.0100045 0.1 0.100022 0.07 0 0 0.612929 -0.248283 -0.104855
406 -43432.8 -46161.9 2729.1 0.01 0.0100073 0.1 0.100036 0.07 0 0 0.614305 -0.248547 -0.104384
407 -43430.2 -46161.9 2731.73 0.01 0.00999793 0.1 0.0999896 0.07 0 0 0.615387 -0.24853 -0.103902
408 -43416.9 -46161.9 2744.98 0.01 0.0100021 0.1 0.10001 0.07 0 0 0.616173 -0.248299 -0.104019
409 -43418.2 -46161.9 2743.74 0.01 0.00999461 0.1 0.0999731 0.07 0 0 0.617139 -0.248488 -0.104537
410 -43425 -46161.9 2736.9 0.01 0.0100007 0.1 0.100003 0.07 0 0 0.618502 -0.249857 -0.104557
411 -43425.9 -46161.9 2736.06 0.01 0.00999887 0.1 0.0999943 0.07 0 0 0.618455 -0.250545 -0.105092
412 -43418.9 -46161.9 2743.01 0.01 0.0100041 0.1 0.10002 0.07 0 0 0.619099 -0.251537 -0.10585
413 -43423.5 -46161.9 2738.4 0.01 0.00999939 0.1 0.0999969 0.07 0 0 0.620016 -0.250515 -0.105359
414 -43439.9 -46161.9 2722.04 0.01 0.0100006 0.1 0.100003 0.07 0 0 0.621449 -0.250472 -0.106164
415 -43445.2 -46161.9 2716.71 0.01 0.00999685 0.1 0.0999843 0.07 0 0 0.622381 -0.250048 -0.106842
416 -43469.3 -46161.9 2692.64 0.01 0.0099915 0.1 0.0999575 0.07 0 0 0.623463 -0.249966 -0.105548
417 -43477.5 -46161.9 2684.44 0.01 0.00999625 0.1 0.0999812 0.07 0 0 0.625024 -0.250001 -0.105497
418 -43473.7 -46161.9 2688.27 0.01 0.0100067 0.1 0.100034 0.07 0 0 0.626567 -0.249736 -0.106521
419 -43476.6 -46161.9 2685.36 0.01 0.00998802 0.1 0.0999401 0.07 0 0 0.62756 -0.250726 -0.106698
420 -43486.8 -46161.9 2675.14 0.01 0.00999892 0.1 0.0999946 0.07 0 0 0.628404 -0.251036 -0.107353
421 -43512.4 -46161.9 2649.58 0.01 0.00999594 0.1 0.0999797 0.07 0 0 0.629217 -0.250564 -0.107936
422 -43527.9 -46161.9 2633.99 0.01 0.0100061 0.1 0.10003 0.07 0 0 0.630838 -0.250671 -0.107969
423 -43541.9 -46161.9 2620 0.01 0.00999967 0.1 0.0999984 0.07 0 0 0.632391 -0.25034 -0.107071
424 -43546.7 -46161.9 2615.24 0.01 0.0100032 0.1 0.100016 0.07 0 0 0.633675 -0.250201 -0.107268
425 -43560.4 -46161.9 2601.53 0.01 0.00999828 0.1 0.0999914 0.07 0 0 0.634467 -0.250671 -0.107035
426 -43552.5 -46161.9 2609.39 0.01 0.00999917 0.1 0.0999958 0.07 0 0 0.635457 -0.250377 -0.107831
427 -43548.8 -46161.9 2613.14 0.01 0.0100047 0.1 0.100024 0.07 0 0 0.635936 -0.249778 -0.107934
428 -43564.4 -46161.9 2597.5 0.01 0.0100008 0.1 0.100004 0.07 0 0 0.637538 -0.248763 -0.107767
429 -43557.7 -46161.9 2604.21 0.01 0.0100001 0.1 0.1 0.07 0 0 0.637802 -0.249406 -0.108584
430 -43536.2 -46161.9 2625.78 0.01 0.0100019 0.1 0.10001 0.07 0 0 0.638689 -0.248707 -0.108002
431 -43549 -46161.9 2612.93 0.01 0.0100036 0.1 0.100018 0.07 0 0 0.640345 -0.249146 -0.108026
432 -43536.3 -46161.9 2625.6 0.01 0.0100057 0.1 0.100029 0.07 0 0 0.641008 -0.249124 -0.108372
433 -43538.6 -46161.9 2623.36 0.01 0.010003 0.1 0.100015 0.07 0 0 0.641216 -0.250423 -0.109659
434 -43522.6 -46161.9 2639.34 0.01 0.00999947 0.1 0.0999973 0.07 0 0 0.641863 -0.249316 -0.109821
435 -43525.4 -46161.9 2636.51 0.01 0.0100027 0.1 0.100013 0.07 0 0 0.643078 -0.250016 -0.108886
436 -43533 -46161.9 2628.91 0.01 0.0100035 0.1 0.100018 0.07 0 0 0.644837 -0.250267 -0.109089
437 -43550 -46161.9 2611.98 0.01 0.0100012 0.1 0.100006 0.07 0 0 0.645777 -0.250834 -0.110325
438 -43548.6 -46161.9 2613.33 0.01 0.0100051 0.1 0.100026 0.07 0 0 0.646361 -0.250258 -0.108672
439 -43577.1 -46161.9 2584.87 0.01 0.0100022 0.1 0.100011 0.07 0 0 0.648026 -0.250592 -0.10783
440 -43574.8 -46161.9 2587.1 0.01 0.00999821 0.1 0.0999911 0.07 0 0 0.649043 -0.250682 -0.108204
441 -43555.5 -46161.9 2606.46 0.01 0.00999952 0.1 0.0999976 0.07 0 0 0.649004 -0.251901 -0.106722
442 -43554.8 -46161.9 2607.18 0.01 0.0099982 0.1 0.099991 0.07 0 0 0.649776 -0.252322 -0.105677
443 -43555.6 -46161.9 2606.33 0.01 0.00999692 0.1 0.0999846 0.07 0 0 0.650054 -0.253101 -0.106814
444 -43568.5 -46161.9 2593.4 0.01 0.0100018 0.1 0.100009 0.07 0 0 0.651147 -0.253875 -0.108579
445 -43574.5 -46161.9 2587.4 0.01 0.009997 0.1 0.099985 0.07 0 0 0.652742 -0.253724 -0.109078
446 -43580.9 -46161.9 2581.05 0.01 0.00999789 0.1 0.0999895 0.07 0 0 0.653512 -0.254145 -0.10831
447 -43580.7 -46161.9 2581.2 0.01 0.0100073 0.1 0.100037 0.07 0 0 0.655142 -0.25354 -0.110368
448 -43585.1 -46161.9 2576.79 0.01 0.0100036 0.1 0.100018 0.07 0 0 0.656639 -0.253672 -0.109511
449 -43580.4 -46161.9 2581.5 0.01 0.00999949 0.1 0.0999975 0.07 0 0 0.656365 -0.254108 -0.109061
450 -43578.8 -46161.9 2583.1 0.01 0.0100009 0.1 0.100004 0.07 0 0 0.657689 -0.254623 -0.109385
451 -43585.8 -46161.9 2576.09 0.01 0.00999244 0.1 0.0999622 0.07 0 0 0.658101 -0.255743 -0.10953
452 -43595.8 -46161.9 2566.13 0.01 0.0100012 0.1 0.100006 0.07 0 0 0.658764 -0.255441 -0.109151
453 -43600.3 -46161.9 2561.61 0.01 0.00999771 0.1 0.0999886 0.07 0 0 0.659982 -0.256176 -0.10861
454 -43605.7 -46161.9 2556.26 0.01 0.00999897 0.1 0.0999949 0.07 0 0 0.661137 -0.256356 -0.107906
455 -43606.6 -46161.9 2555.33 0.01 0.0100047 0.1 0.100023 0.07 0 0 0.662033 -0.257021 -0.109012
456 -43612.1 -46161.9 2549.8 0.01 0.0100033 0.1 0.100017 0.07 0 0 0.662795 -0.256412 -0.108926
457 -43621.7 -46161.9 2540.26 0.01 0.00999659 0.1 0.0999829 0.07 0 0 0.664279 -0.255936 -0.10948
458 -43609.1 -46161.9 2552.84 0.01 0.0100008 0.1 0.100004 0.07 0 0 0.665298 -0.255925 -0.109822
459 -43630.5 -46161.9 2531.39 0.01 0.0100056 0.1 0.100028 0.07 0 0 0.666871 -0.256181 -0.108741
460 -43650.6 -46161.9 2511.38 0.01 0.0100072 0.1 0.100036 0.07 0 0 0.669114 -0.255841 -0.109844
461 -43668.3 -46161.9 2493.59 0.01 0.0100011 0.1 0.100005 0.07 0 0 0.670963 -0.257596 -0.110265
462 -43667.9 -46161.9 2494.06 0.01 0.00999781 0.1 0.099989 0.07 0 0 0.671818 -0.259362 -0.11003
463 -43674.6 -46161.9 2487.36 0.01 0.00999551 0.1 0.0999775 0.07 0 0 0.672806 -0.259643 -0.10996
464 -43688.3 -46161.9 2473.59 0.01 0.00999917 0.1 0.0999958 0.07 0 0 0.673684 -0.259796 -0.109978
465 -43706.7 -46161.9 2455.28 0.01 0.00999954 0.1 0.0999977 0.07 0 0 0.675304 -0.259906 -0.11026
466 -43696.1 -46161.9 2465.86 0.01 0.0100057 0.1 0.100028 0.07 0 0 0.676203 -0.259544 -0.110252
467 -43681.2 -46161.9 2480.69 0.01 0.00999895 0.1 0.0999947 0.07 0 0 0.677685 -0.258693 -0.109242
468 -43682.2 -46161.9 2479.71 0.01 0.0100069 0.1 0.100034 0.07 0 0 0.678173 -0.258488 -0.109364
469 -43669.4 -46161.9 2492.54 0.01 0.0100054 0.1 0.100027 0.07 0 0 0.679171 -0.25936 -0.110151
470 -43695.2 -46161.9 2466.75 0.01 0.0100052 0.1 0.100026 0.07 0 0 0.68022 -0.258196 -0.110934
471 -43688.5 -46161.9 2473.46 0.01 0.0100004 0.1 0.100002 0.07 0 0 0.681313 -0.259164 -0.110973
472 -43687 -46161.9 2474.9 0.01 0.00999713 0.1 0.0999857 0.07 0 0 0.681893 -0.260032 -0.110332
473 -43683.2 -46161.9 2478.75 0.01 0.0100012 0.1 0.100006 0.07 0 0 0.681988 -0.259944 -0.110051
474 -43679.8 -46161.9 2482.13 0.01 0.0100019 0.1 0.10001 0.07 0 0 0.682457 -0.260567 -0.110952
475 -43700 -46161.9 2461.98 0.01 0.00999803 0.1 0.0999902 0.07 0 0 0.684055 -0.260736 -0.111117
476 -43692.6 -46161.9 2469.38 0.01 0.0100041 0.1 0.10002 0.07 0 0 0.684397 -0.260751 -0.112083
477 -43684.7 -46161.9 2477.21 0.01 0.00999452 0.1 0.0999726 0.07 0 0 0.685028 -0.260404 -0.112424
478 -43676.9 -46161.9 2484.99 0.01 0.0100042 0.1 0.100021 0.07 0 0 0.685968 -0.260671 -0.111252
479 -43697.3 -46161.9 2464.65 0.01 0.0100038 0.1 0.100019 0.07 0 0 0.686797 -0.261306 -0.112538
480 -43699.6 -46161.9 2462.3 0.01 0.0099975 0.1 0.0999875 0.07 0 0 0.687744 -0.261461 -0.112471
481 -43713.5 -46161.9 2448.44 0.01 0.0099964 0.1 0.099982 0.07 0 0 0.68814 -0.26188 -0.112189
482 -43723.9 -46161.9 2438.02 0.01 0.0100061 0.1 0.10003 0.07 0 0 0.689124 -0.264116 -0.11218
483 -43734.8 -46161.9 2427.18 0.01 0.010005 0.1 0.100025 0.07 0 0 0.689152 -0.264221 -0.112135
484 -43727.1 -46161.9 2434.87 0.01 0.00999601 0.1 0.0999801 0.07 0 0 0.690484 -0.264232 -0.110368
485 -43721.8 -46161.9 2440.16 0.01 0.0100054 0.1 0.100027 0.07 0 0 0.692348 -0.264228 -0.109256
486 -43732.2 -46161.9 2429.77 0.01 0.0100006 0.1 0.100003 0.07 0 0 0.692883 -0.265897 -0.109236
487 -43725.9 -46161.9 2436.06 0.01 0.0099961 0.1 0.0999805 0.07 0 0 0.694064 -0.266502 -0.109946
488 -43741.9 -46161.9 2419.98 0.01 0.00999421 0.1 0.099971 0.07 0 0 0.694948 -0.265783 -0.110333
489 -43732.5 -46161.9 2429.41 0.01 0.0100089 0.1 0.100044 0.07 0 0 0.696227 -0.266432 -0.109526
490 -43745.4 -46161.9 2416.49 0.01 0.00999526 0.1 0.0999763 0.07 0 0 0.69702 -0.267103 -0.109618
491 -43743.3 -46161.9 2418.65 0.01 0.0100003 0.1 0.100001 0.07 0 0 0.697181 -0.266556 -0.109568
492 -43733.1 -46161.9 2428.8 0.01 0.00999576 0.1 0.0999788 0.07 0 0 0.698094 -0.267256 -0.110131
493 -43728.3 -46161.9 2433.59 0.01 0.009993 0.1 0.099965 0.07 0 0 0.698519 -0.266799 -0.111175
494 -43738.7 -46161.9 2423.26 0.01 0.00999797 0.1 0.0999899 0.07 0 0 0.698887 -0.267599 -0.110947
495 -43766.9 -46161.9 2395.06 0.01 0.00999252 0.1 0.0999626 0.07 0 0 0.700696 -0.268668 -0.11178
496 -43773.4 -46161.9 2388.49 0.01 0.00999231 0.1 0.0999615 0.07 0 0 0.701096 -0.269357 -0.111264
497 -43766 -46161.9 2395.91 0.01 0.00999403 0.1 0.0999702 0.07 0 0 0.701958 -0.268462 -0.109704
498 -43780.8 -46161.9 2381.16 0.01 0.0100087 0.1 0.100043 0.07 0 0 0.703196 -0.268482 -0.108543
499 -43780.5 -46161.9 2381.41 0.01 0.0100064 0.1 0.100032 0.07 0 0 0.70447 -0.267058 -0.107491
500 -43804 -46161.9 2357.94 0.01 0.0100019 0.1 0.100009 0.07 0 0 0.706305 -0.267993 -0.107979
501 -43806.3 -46161.9 2355.68 0.01 0.0100046 0.1 0.100023 0.07 0 0 0.705864 -0.268223 -0.108515
502 -43819.5 -46161.9 2342.41 0.01 0.00999888 0.1 0.0999944 0.07 0 0 0.706464 -0.26931 -0.108864
503 -43830.1 -46161.9 2331.79 0.01 0.010013 0.1 0.100065 0.07 0 0 0.707289 -0.269199 -0.108541
504 -43815.5 -46161.9 2346.44 0.01 0.00999631 0.1 0.0999815 0.07 0 0 0.706946 -0.269756 -0.108715
505 -43792.8 -46161.9 2369.14 0.01 0.00999801 0.1 0.0999901 0.07 0 0 0.706964 -0.269677 -0.109384
506 -43788.2 -46161.9 2373.71 0.01 0.00999441 0.1 0.0999721 0.07 0 0 0.708059 -0.269313 -0.108897
507 -43800.8 -46161.9 2361.15 0.01 0.00999524 0.1 0.0999762 0.07 0 0 0.709487 -0.269986 -0.107766
508 -43792.9 -46161.9 2369 0.01 0.0100057 0.1 0.100028 0.07 0 0 0.710731 -0.269757 -0.106083
509 -43790.2 -46161.9 2371.69 0.01 0.0100042 0.1 0.100021 0.07 0 0 0.71183 -0.26933 -0.106429
510 -43784.7 -46161.9 2377.25 0.01 0.0100063 0.1 0.100032 0.07 0 0 0.712753 -0.268621 -0.10715
511 -43794.5 -46161.9 2367.47 0.01 0.0100033 0.1 0.100016 0.07 0 0 0.713782 -0.2687 -0.10649
512 -43805.8 -46161.9 2356.1 0.01 0.0100036 0.1 0.100018 0.07 0 0 0.715349 -0.268207 -0.105659
513 -43806.9 -46161.9 2355.04 0.01 0.00999643 0.1 0.0999821 0.07 0 0 0.716274 -0.268681 -0.105028
514 -43795.7 -46161.9 2366.2 0.01 0.00999952 0.1 0.0999976 0.07 0 0 0.717734 -0.26823 -0.105058
515 -43795.1 -46161.9 2366.86 0.01 0.00999553 0.1 0.0999776 0.07 0 0 0.718611 -0.268155 -0.10563
516 -43794.8 -46161.9 2367.18 0.01 0.0100007 0.1 0.100004 0.07 0 0 0.718862 -0.268498 -0.105095
517 -43801.6 -46161.9 2360.29 0.01 0.0099973 0.1 0.0999865 0.07 0 0 0.719001 -0.269105 -0.104706
518 -43811.4 -46161.9 2350.58 0.01 0.00999505 0.1 0.0999753 0.07 0 0 0.720154 -0.269394 -0.104211
519 -43807.2 -46161.9 2354.73 0.01 0.0100026 0.1 0.100013 0.07 0 0 0.721125 -0.269547 -0.103099
520 -43798.6 -46161.9 2363.29 0.01 0.00999719 0.1 0.0999859 0.07 0 0 0.722256 -0.268695 -0.102088
521 -43796.8 -46161.9 2365.13 0.01 0.0100048 0.1 0.100024 0.07 0 0 0.723606 -0.268329 -0.102404
522 -43820.2 -46161.9 2341.77 0.01 0.0100041 0.1 0.10002 0.07 0 0 0.724398 -0.269245 -0.102971
523 -43820.5 -46161.9 2341.4 0.01 0.00999818 0.1 0.0999909 0.07 0 0 0.725234 -0.268079 -0.102934
524 -43831.4 -46161.9 2330.57 0.01 0.00999572 0.1 0.0999786 0.07 0 0 0.726405 -0.268029 -0.103292
525 -43833.2 -46161.9 2328.71 0.01 0.00999415 0.1 0.0999707 0.07 0 0 0.726658 -0.268444 -0.104645
526 -43832 -46161.9 2329.89 0.01 0.0100026 0.1 0.100013 0.07 0 0 0.726896 -0.269422 -0.105269
527 -43839.9 -46161.9 2322.05 0.01 0.00999735 0.1 0.0999867 0.07 0 0 0.727764 -0.270092 -0.104941
528 -43832.9 -46161.9 2329.07 0.01 0.0100028 0.1 0.100014 0.07 0 0 0.728652 -0.26998 -0.105118
529 -43848.2 -46161.9 2313.73 0.01 0.00999753 0.1 0.0999876 0.07 0 0 0.728467 -0.270118 -0.10539
530 -43833.2 -46161.9 2328.74 0.01 0.0100017 0.1 0.100009 0.07 0 0 0.728438 -0.269789 -0.105917
531 -43830.8 -46161.9 2331.1 0.01 0.0100006 0.1 0.100003 0.07 0 0 0.728966 -0.270511 -0.105198
532 -43838.1 -46161.9 2323.88 0.01 0.00999512 0.1 0.0999756 0.07 0 0 0.730356 -0.270065 -0.104064
533 -43839.5 -46161.9 2322.39 0.01 0.00999857 0.1 0.0999929 0.07 0 0 0.732539 -0.268539 -0.105229
534 -43846.5 -46161.9 2315.4 0.01 0.0100026 0.1 0.100013 0.07 0 0 0.73274 -0.269226 -0.105277
535 -43866.1 -46161.9 2295.82 0.01 0.00999493 0.1 0.0999747 0.07 0 0 0.733412 -0.269511 -0.104949
536 -43876 -46161.9 2285.96 0.01 0.00999802 0.1 0.0999901 0.07 0 0 0.734645 -0.268876 -0.104905
537 -43879.4 -46161.9 2282.53 0.01 0.00999613 0.1 0.0999807 0.07 0 0 0.735111 -0.269628 -0.10503
538 -43865.9 -46161.9 2296 0.01 0.00999889 0.1 0.0999945 0.07 0 0 0.735749 -0.269653 -0.10406
539 -43851.7 -46161.9 2310.27 0.01 0.0100005 0.1 0.100003 0.07 0 0 0.736698 -0.269958 -0.103966
540 -43862.3 -46161.9 2299.64 0.01 0.00999757 0.1 0.0999879 0.07 0 0 0.736873 -0.271857 -0.103816
541 -43850.6 -46161.9 2311.3 0.01 0.0100037 0.1 0.100018 0.07 0 0 0.737208 -0.272623 -0.104159
542 -43861.2 -46161.9 2300.74 0.01 0.0099927 0.1 0.0999635 0.07 0 0 0.738297 -0.272912 -0.10496
543 -43876.9 -46161.9 2285 0.01 0.0100081 0.1 0.10004 0.07 0 0 0.739644 -0.274953 -0.10498
544 -43877.8 -46161.9 2284.12 0.01 0.010002 0.1 0.10001 0.07 0 0 0.740742 -0.274068 -0.105798
545 -43899 -46161.9 2262.89 0.01 0.00999255 0.1 0.0999628 0.07 0 0 0.74223 -0.274058 -0.106236
546 -43904.1 -46161.9 2257.8 0.01 0.0100035 0.1 0.100018 0.07 0 0 0.743117 -0.273656 -0.105887
547 -43911.7 -46161.9 2250.25 0.01 0.0100079 0.1 0.100039 0.07 0 0 0.743986 -0.273851 -0.106289
548 -43923.1 -46161.9 2238.82 0.01 0.00999161 0.1 0.0999581 0.07 0 0 0.745302 -0.274048 -0.105729
549 -43920.5 -46161.9 2241.42 0.01 0.0100028 0.1 0.100014 0.07 0 0 0.745757 -0.273612 -0.105748
550 -43910.3 -46161.9 2251.59 0.01 0.0100036 0.1 0.100018 0.07 0 0 0.746196 -0.273108 -0.106627
551 -43896.8 -46161.9 2265.18 0.01 0.00999779 0.1 0.0999889 0.07 0 0 0.747118 -0.272651 -0.106531
552 -43930.5 -46161.9 2231.45 0.01 0.00999281 0.1 0.0999641 0.07 0 0 0.748268 -0.272024 -0.106985
553 -43940.7 -46161.9 2221.23 0.01 0.00999659 0.1 0.099983 0.07 0 0 0.748421 -0.272049 -0.107565
554 -43932.3 -46161.9 2229.68 0.01 0.00999566 0.1 0.0999783 0.07 0 0 0.7497 -0.271222 -0.107816
555 -43927.5 -46161.9 2234.45 0.01 0.0100037 0.1 0.100019 0.07 0 0 0.750116 -0.27158 -0.109034
556 -43935 -46161.9 2226.95 0.01 0.00999902 0.1 0.0999951 0.07 0 0 0.750827 -0.272332 -0.108522
557 -43926.6 -46161.9 2235.3 0.01 0.00999369 0.1 0.0999685 0.07 0 0 0.751584 -0.272344 -0.108225
558 -43927.2 -46161.9 2234.78 0.01 0.00999533 0.1 0.0999766 0.07 0 0 0.752183 -0.273016 -0.108448
559 -43919.8 -46161.9 2242.1 0.01 0.00999798 0.1 0.0999899 0.07 0 0 0.752416 -0.274062 -0.108776
560 -43913.4 -46161.9 2248.57 0.01 0.0100065 0.1 0.100033 0.07 0 0 0.752948 -0.273763 -0.107727
561 -43889.4 -46161.9 2272.51 0.01 0.0100013 0.1 0.100006 0.07 0 0 0.753134 -0.272376 -0.107428
562 -43903.6 -46161.9 2258.36 0.01 0.00999884 0.1 0.0999942 0.07 0 0 0.754071 -0.273442 -0.106863
563 -43913.1 -46161.9 2248.84 0.01 0.00999595 0.1 0.0999798 0.07 0 0 0.75506 -0.27349 -0.106817
564 -43920.3 -46161.9 2241.59 0.01 0.0100073 0.1 0.100037 0.07 0 0 0.756059 -0.273216 -0.107713
565 -43933.1 -46161.9 2228.87 0.01 0.0100004 0.1 0.100002 0.07 0 0 0.756007 -0.273309 -0.107071
566 -43924.3 -46161.9 2237.65 0.01 0.0100055 0.1 0.100028 0.07 0 0 0.756062 -0.273062 -0.108543
567 -43924.2 -46161.9 2237.7 0.01 0.0100042 0.1 0.100021 0.07 0 0 0.756182 -0.273786 -0.108042
568 -43925.4 -46161.9 2236.55 0.01 0.00999688 0.1 0.0999844 0.07 0 0 0.756894 -0.274372 -0.108496
569 -43934.4 -46161.9 2227.54 0.01 0.0100055 0.1 0.100028 0.07 0 0 0.758051 -0.273996 -0.108713
570 -43918.8 -46161.9 2243.15 0.01 0.00999994 0.1 0.0999997 0.07 0 0 0.75824 -0.273163 -0.108275
571 -43933.4 -46161.9 2228.52 0.01 0.00999662 0.1 0.0999831 0.07 0 0 0.759211 -0.274601 -0.108154
572 -43939 -46161.9 2222.93 0.01 0.0100001 0.1 0.100001 0.07 0 0 0.759303 -0.276488 -0.108695
573 -43949.3 -46161.9 2212.59 0.01 0.0099944 0.1 0.099972 0.07 0 0 0.760678 -0.275576 -0.108295
574 -43962.4 -46161.9 2199.54 0.01 0.0100048 0.1 0.100024 0.07 0 0 0.761379 -0.276159 -0.108001
575 -43958.9 -46161.9 2203.08 0.01 0.00999156 0.1 0.0999578 0.07 0 0 0.761848 -0.276071 -0.108094
576 -43969.2 -46161.9 2192.75 0.01 0.0100018 0.1 0.100009 0.07 0 0 0.762365 -0.276654 -0.108194
577 -43962.7 -46161.9 2199.23 0.01 0.0100028 0.1 0.100014 0.07 0 0 0.763376 -0.27627 -0.107625
578 -43976.6 -46161.9 2185.33 0.01 0.0100051 0.1 0.100025 0.07 0 0 0.764475 -0.276363 -0.108121
579 -43982.1 -46161.9 2179.8 0.01 0.0100051 0.1 0.100025 0.07 0 0 0.765708 -0.275769 -0.107874
580 -43977 -46161.9 2184.92 0.01 0.00999925 0.1 0.0999962 0.07 0 0 0.767004 -0.274954 -0.107001
581 -43984.6 -46161.9 2177.33 0.01 0.0100078 0.1 0.100039 0.07 0 0 0.768337 -0.27452 -0.106768
582 -43989.5 -46161.9 2172.43 0.01 0.00999953 0.1 0.0999977 0.07 0 0 0.769584 -0.275222 -0.106419
583 -44006.1 -46161.9 2155.82 0.01 0.00999958 0.1 0.0999979 0.07 0 0 0.769483 -0.275615 -0.106198
584 -43992.4 -46161.9 2169.57 0.01 0.0100021 0.1 0.10001 0.07 0 0 0.769313 -0.277059 -0.106646
585 -44004.8 -46161.9 2157.16 0.01 0.010003 0.1 0.100015 0.07 0 0 0.76983 -0.278452 -0.106903
586 -44007 -46161.9 2154.97 0.01 0.00999608 0.1 0.0999804 0.07 0 0 0.770802 -0.278246 -0.106721
587 -44023.4 -46161.9 2138.52 0.01 0.0100062 0.1 0.100031 0.07 0 0 0.771988 -0.278551 -0.106397
588 -44004.8 -46161.9 2157.14 0.01 0.00999399 0.1 0.09997 0.07 0 0 0.77257 -0.278465 -0.10585
589 -43994.7 -46161.9 2167.26 0.01 0.00999583 0.1 0.0999792 0.07 0 0 0.772706 -0.279186 -0.105468
590 -44007.7 -46161.9 2154.21 0.01 0.00999519 0.1 0.0999759 0.07 0 0 0.773483 -0.279389 -0.105379
591 -43998 -46161.9 2163.95 0.01 0.00999556 0.1 0.0999778 0.07 0 0 0.774241 -0.279315 -0.106099
592 -43979.2 -46161.9 2182.73 0.01 0.0100063 0.1 0.100031 0.07 0 0 0.775044 -0.280039 -0.10725
593 -43979.4 -46161.9 2182.58 0.01 0.00998836 0.1 0.0999418 0.07 0 0 0.775327 -0.280033 -0.107534
594 -43956.5 -46161.9 2205.41 0.01 0.0100005 0.1 0.100003 0.07 0 0 0.77671 -0.279275 -0.106848
595 -43969.2 -46161.9 2192.7 0.01 0.00999805 0.1 0.0999902 0.07 0 0 0.778045 -0.27899 -0.107148
596 -43980.4 -46161.9 2181.56 0.01 0.0100057 0.1 0.100028 0.07 0 0 0.779399 -0.278789 -0.10728
597 -43984.7 -46161.9 2177.26 0.01 0.00999836 0.1 0.0999918 0.07 0 0 0.780254 -0.279234 -0.106295
598 -43999.7 -46161.9 2162.27 0.01 0.0100009 0.1 0.100005 0.07 0 0 0.781382 -0.279915 -0.107234
599 -43986.8 -46161.9 2175.16 0.01 0.00999902 0.1 0.0999951 0.07 0 0 0.782459 -0.279693 -0.10682
600 -44000.5 -46161.9 2161.43 0.01 0.0100042 0.1 0.100021 0.07 0 0 0.783374 -0.27883 -0.106747
601 -43978.4 -46161.9 2183.55 0.01 0.0100025 0.1 0.100013 0.07 0 0 0.78325 -0.278709 -0.107201
602 -43952.9 -46161.9 2209 0.01 0.0100038 0.1 0.100019 0.07 0 0 0.782253 -0.278384 -0.108895
603 -43971.7 -46161.9 2190.2 0.01 0.0100038 0.1 0.100019 0.07 0 0 0.782611 -0.277868 -0.109843
604 -43979.1 -46161.9 2182.85 0.01 0.00999491 0.1 0.0999745 0.07 0 0 0.782919 -0.277219 -0.108708
605 -43975.5 -46161.9 2186.42 0.01 0.0100033 0.1 0.100016 0.07 0 0 0.782893 -0.277498 -0.108423
606 -43982.9 -46161.9 2179.04 0.01 0.0100033 0.1 0.100017 0.07 0 0 0.783458 -0.276442 -0.10876
607 -43979.6 -46161.9 2182.36 0.01 0.0100045 0.1 0.100023 0.07 0 0 0.784558 -0.276832 -0.109974
608 -43988.8 -46161.9 2173.12 0.01 0.00999765 0.1 0.0999883 0.07 0 0 0.78609 -0.276825 -0.11058
609 -44002 -46161.9 2159.96 0.01 0.00999623 0.1 0.0999811 0.07 0 0 0.787145 -0.276775 -0.109845
610 -44015.6 -46161.9 2146.29 0.01 0.00999789 0.1 0.0999894 0.07 0 0 0.787532 -0.276754 -0.10966
611 -44031.4 -46161.9 2130.57 0.01 0.00999529 0.1 0.0999765 0.07 0 0 0.788364 -0.275829 -0.109019
612 -44042.8 -46161.9 2119.09 0.01 0.010004 0.1 0.10002 0.07 0 0 0.789263 -0.276032 -0.108667
613 -44034.9 -46161.9 2127.04 0.01 0.0100009 0.1 0.100005 0.07 0 0 0.790565 -0.275488 -0.108768
614 -43996.4 -46161.9 2165.53 0.01 0.0100053 0.1 0.100026 0.07 0 0 0.790685 -0.277027 -0.109735
615 -43992.2 -46161.9 2169.73 0.01 0.00998799 0.1 0.0999399 0.07 0 0 0.791136 -0.277126 -0.111183
616 -43991.6 -46161.9 2170.29 0.01 0.00999396 0.1 0.0999698 0.07 0 0 0.791923 -0.276351 -0.111001
617 -43990.7 -46161.9 2171.24 0.01 0.0100046 0.1 0.100023 0.07 0 0 0.792833 -0.275833 -0.110382
618 -44006.2 -46161.9 2155.69 0.01 0.0100061 0.1 0.100031 0.07 0 0 0.793082 -0.276885 -0.110157
619 -44019.2 -46161.9 2142.73 0.01 0.0100085 0.1 0.100043 0.07 0 0 0.793373 -0.27681 -0.109698
620 -44045.6 -46161.9 2116.3 0.01 0.0100019 0.1 0.10001 0.07 0 0 0.794628 -0.276089 -0.109881
621 -44051.5 -46161.9 2110.47 0.01 0.00999418 0.1 0.0999709 0.07 0 0 0.795115 -0.276584 -0.110382
622 -44036.6 -46161.9 2125.31 0.01 0.0100046 0.1 0.100023 0.07 0 0 0.796232 -0.275697 -0.111544
623 -44063 -46161.9 2098.95 0.01 0.0099996 0.1 0.099998 0.07 0 0 0.797199 -0.274782 -0.112188
624 -44055.2 -46161.9 2106.77 0.01 0.0100061 0.1 0.10003 0.07 0 0 0.7978 -0.274664 -0.111296
625 -44054.5 -46161.9 2107.45 0.01 0.00999654 0.1 0.0999827 0.07 0 0 0.797739 -0.27467 -0.111845
626 -44051.2 -46161.9 2110.7 0.01 0.00999487 0.1 0.0999743 0.07 0 0 0.798172 -0.274026 -0.110766
627 -44047.3 -46161.9 2114.68 0.01 0.0100011 0.1 0.100005 0.07 0 0 0.799424 -0.273679 -0.111414
628 -44034.6 -46161.9 2127.3 0.01 0.0100007 0.1 0.100003 0.07 0 0 0.800255 -0.272477 -0.112592
629 -44037 -46161.9 2124.95 0.01 0.0100031 0.1 0.100015 0.07 0 0 0.800578 -0.273146 -0.112123
630 -44047.6 -46161.9 2114.36 0.01 0.0100076 0.1 0.100038 0.07 0 0 0.801364 -0.27466 -0.111863
631 -44041 -46161.9 2120.96 0.01 0.0100029 0.1 0.100014 0.07 0 0 0.801634 -0.274485 -0.111487
632 -44081.8 -46161.9 2080.11 0.01 0.0100004 0.1 0.100002 0.07 0 0 0.802427 -0.275248 -0.110913
633 -44085.7 -46161.9 2076.21 0.01 0.00999938 0.1 0.0999969 0.07 0 0 0.802839 -0.275735 -0.111091
634 -44078.6 -46161.9 2083.38 0.01 0.009997 0.1 0.099985 0.07 0 0 0.803092 -0.276511 -0.111495
635 -44069.9 -46161.9 2092.04 0.01 0.0100091 0.1 0.100046 0.07 0 0 0.803715 -0.275569 -0.111678
636 -44084.3 -46161.9 2077.59 0.01 0.0100003 0.1 0.100002 0.07 0 0 0.804638 -0.275629 -0.112491
637 -44076.1 -46161.9 2085.8 0.01 0.00999615 0.1 0.0999808 0.07 0 0 0.805144 -0.274924 -0.112052
638 -44068.7 -46161.9 2093.22 0.01 0.00999189 0.1 0.0999594 0.07 0 0 0.805718 -0.275273 -0.112372
639 -44075.1 -46161.9 2086.82 0.01 0.00999998 0.1 0.0999999 0.07 0 0 0.806602 -0.274971 -0.112896
640 -44080.9 -46161.9 2081 0.01 0.0100052 0.1 0.100026 0.07 0 0 0.807191 -0.275836 -0.111977
641 -44081.6 -46161.9 2080.35 0.01 0.0100058 0.1 0.100029 0.07 0 0 0.807236 -0.276373 -0.111898
642 -44073 -46161.9 2088.92 0.01 0.0100014 0.1 0.100007 0.07 0 0 0.808027 -0.276016 -0.111799
643 -44065.1 -46161.9 2096.82 0.01 0.0100046 0.1 0.100023 0.07 0 0 0.8088 -0.275272 -0.112625
644 -44073.9 -46161.9 2088.01 0.01 0.00999949 0.1 0.0999974 0.07 0 0 0.809517 -0.274299 -0.111742
645 -44084 -46161.9 2077.97 0.01 0.00999882 0.1 0.0999941 0.07 0 0 0.810138 -0.274356 -0.110572
646 -44079.8 -46161.9 2082.12 0.01 0.00999585 0.1 0.0999792 0.07 0 0 0.81023 -0.27399 -0.10995
647 -44079.4 -46161.9 2082.54 0.01 0.00999644 0.1 0.0999822 0.07 0 0 0.811037 -0.27372 -0.108677
648 -44094.2 -46161.9 2067.7 0.01 0.0100066 0.1 0.100033 0.07 0 0 0.811444 -0.2731 -0.109097
649 -44095.7 -46161.9 2066.28 0.01 0.0100052 0.1 0.100026 0.07 0 0 0.812512 -0.272314 -0.110149
650 -44094.7 -46161.9 2067.24 0.01 0.00999743 0.1 0.0999871 0.07 0 0 0.81301 -0.271788 -0.111024
651 -44108.9 -46161.9 2053.02 0.01 0.010004 0.1 0.10002 0.07 0 0 0.814515 -0.270627 -0.109802
652 -44082.8 -46161.9 2079.14 0.01 0.0100089 0.1 0.100045 0.07 0 0 0.814677 -0.270378 -0.109597
653 -44059.8 -46161.9 2102.16 0.01 0.0099991 0.1 0.0999955 0.07 0 0 0.814221 -0.271597 -0.108391
654 -44054.4 -46161.9 2107.51 0.01 0.00999834 0.1 0.0999917 0.07 0 0 0.814849 -0.270407 -0.108707
655 -44082.8 -46161.9 2079.14 0.01 0.0100017 0.1 0.100008 0.07 0 0 0.815479 -0.270263 -0.109973
656 -44082.6 -46161.9 2079.35 0.01 0.0100044 0.1 0.100022 0.07 0 0 0.815946 -0.270496 -0.11034
657 -44091.6 -46161.9 2070.32 0.01 0.00999439 0.1 0.099972 0.07 0 0 0.81565 -0.271542 -0.111183
658 -44087.2 -46161.9 2074.76 0.01 0.00999568 0.1 0.0999784 0.07 0 0 0.816003 -0.271677 -0.11082
659 -44079.7 -46161.9 2082.25 0.01 0.00999569 0.1 0.0999785 0.07 0 0 0.816778 -0.27145 -0.109631
660 -44069.6 -46161.9 2092.38 0.01 0.0100059 0.1 0.100029 0.07 0 0 0.817073 -0.271406 -0.107834
661 -44068.8 -46161.9 2093.1 0.01 0.00999866 0.1 0.0999933 0.07 0 0 0.818019 -0.271559 -0.107105
662 -44079.3 -46161.9 2082.66 0.01 0.0100005 0.1 0.100003 0.07 0 0 0.818641 -0.270413 -0.107774
663 -44070.7 -46161.9 2091.25 0.01 0.00999911 0.1 0.0999955 0.07 0 0 0.819116 -0.269532 -0.10838
664 -44086.9 -46161.9 2075.04 0.01 0.0099968 0.1 0.099984 0.07 0 0 0.819935 -0.269287 -0.108457
665 -44086.1 -46161.9 2075.8 0.01 0.00999407 0.1 0.0999704 0.07 0 0 0.820468 -0.268969 -0.108313
666 -44083.5 -46161.9 2078.48 0.01 0.010004 0.1 0.10002 0.07 0 0 0.820384 -0.269298 -0.108198
667 -44084.9 -46161.9 2077.02 0.01 0.00999865 0.1 0.0999932 0.07 0 0 0.821373 -0.267764 -0.107139
668 -44096.9 -46161.9 2065.05 0.01 0.00999961 0.1 0.099998 0.07 0 0 0.822094 -0.266847 -0.107406
669 -44107.5 -46161.9 2054.48 0.01 0.0100004 0.1 0.100002 0.07 0 0 0.823043 -0.26796 -0.108498
670 -44098.2 -46161.9 2063.71 0.01 0.00999386 0.1 0.0999693 0.07 0 0 0.824069 -0.267265 -0.106887
671 -44092 -46161.9 2069.98 0.01 0.0100009 0.1 0.100005 0.07 0 0 0.824279 -0.267231 -0.107548
672 -44093.7 -46161.9 2068.23 0.01 0.0100007 0.1 0.100004 0.07 0 0 0.824216 -0.267099 -0.107649
673 -44104.9 -46161.9 2057.05 0.01 0.00999936 0.1 0.0999968 0.07 0 0 0.824898 -0.26726 -0.10768
674 -44099.9 -46161.9 2062.01 0.01 0.0100018 0.1 0.100009 0.07 0 0 0.824628 -0.268737 -0.107405
675 -44100.1 -46161.9 2061.79 0.01 0.0099942 0.1 0.099971 0.07 0 0 0.824943 -0.267458 -0.107343
676 -44114.8 -46161.9 2047.14 0.01 0.00999596 0.1 0.0999798 0.07 0 0 0.826059 -0.267727 -0.106749
677 -44110 -46161.9 2051.89 0.01 0.00999327 0.1 0.0999663 0.07 0 0 0.827076 -0.267515 -0.106921
678 -44109.5 -46161.9 2052.47 0.01 0.0100011 0.1 0.100005 0.07 0 0 0.82705 -0.268924 -0.106866
679 -44105.1 -46161.9 2056.87 0.01 0.00999873 0.1 0.0999936 0.07 0 0 0.827682 -0.270861 -0.106257
680 -44090.3 -46161.9 2071.65 0.01 0.00999889 0.1 0.0999944 0.07 0 0 0.82853 -0.270089 -0.107058
681 -44099.5 -46161.9 2062.46 0.01 0.0100035 0.1 0.100017 0.07 0 0 0.828508 -0.269127 -0.107469
682 -44093.5 -46161.9 2068.42 0.01 0.0100023 0.1 0.100012 0.07 0 0 0.829235 -0.269971 -0.10708
683 -44096.8 -46161.9 2065.13 0.01 0.00999196 0.1 0.0999598 0.07 0 0 0.829908 -0.269775 -0.10654
684 -44095.9 -46161.9 2065.99 0.01 0.00999516 0.1 0.0999758 0.07 0 0 0.829801 -0.26962 -0.105393
685 -44097.5 -46161.9 2064.41 0.01 0.00999684 0.1 0.0999842 0.07 0 0 0.83023 -0.270105 -0.105325
686 -44112.5 -46161.9 2049.47 0.01 0.0100045 0.1 0.100022 0.07 0 0 0.830028 -0.269786 -0.105026
687 -44122.5 -46161.9 2039.41 0.01 0.0100005 0.1 0.100002 0.07 0 0 0.830501 -0.270444 -0.105386
688 -44103.3 -46161.9 2058.62 0.01 0.00999694 0.1 0.0999847 0.07 0 0 0.830211 -0.269705 -0.105035
689 -44100.1 -46161.9 2061.82 0.01 0.00999412 0.1 0.0999706 0.07 0 0 0.831032 -0.268845 -0.103996
690 -44108.2 -46161.9 2053.78 0.01 0.0100003 0.1 0.100002 0.07 0 0 0.831581 -0.268956 -0.104041
691 -44105 -46161.9 2056.95 0.01 0.00999738 0.1 0.0999869 0.07 0 0 0.831417 -0.268765 -0.105056
692 -44120 -46161.9 2041.94 0.01 0.00999071 0.1 0.0999535 0.07 0 0 0.831538 -0.26929 -0.104816
693 -44122.5 -46161.9 2039.41 0.01 0.00999861 0.1 0.0999931 0.07 0 0 0.832419 -0.26929 -0.104199
694 -44126.1 -46161.9 2035.83 0.01 0.0100038 0.1 0.100019 0.07 0 0 0.833167 -0.267628 -0.103705
695 -44125.2 -46161.9 2036.75 0.01 0.00999909 0.1 0.0999955 0.07 0 0 0.833882 -0.266594 -0.103477
696 -44123.7 -46161.9 2038.2 0.01 0.0100016 0.1 0.100008 0.07 0 0 0.833655 -0.266492 -0.104166
697 -44122.2 -46161.9 2039.7 0.01 0.0099993 0.1 0.0999965 0.07 0 0 0.833717 -0.267132 -0.104079
698 -44122.9 -46161.9 2039.02 0.01 0.0100022 0.1 0.100011 0.07 0 0 0.834993 -0.266372 -0.103959
699 -44125.3 -46161.9 2036.68 0.01 0.00999656 0.1 0.0999828 0.07 0 0 0.835395 -0.265773 -0.103294
700 -44119 -46161.9 2042.97 0.01 0.0100026 0.1 0.100013 0.07 0 0 0.835917 -0.265315 -0.102365
701 -44104.7 -46161.9 2057.21 0.01 0.0100093 0.1 0.100046 0.07 0 0 0.835598 -0.266413 -0.102579
702 -44130.7 -46161.9 2031.28 0.01 0.0100053 0.1 0.100026 0.07 0 0 0.836934 -0.265722 -0.10107
703 -44135.5 -46161.9 2026.43 0.01 0.0100004 0.1 0.100002 0.07 0 0 0.836514 -0.26532 -0.100661
704 -44121.2 -46161.9 2040.69 0.01 0.00999631 0.1 0.0999815 0.07 0 0 0.837067 -0.264267 -0.10015
705 -44117.7 -46161.9 2044.25 0.01 0.00999527 0.1 0.0999764 0.07 0 0 0.837683 -0.263595 -0.100056
706 -44115.9 -46161.9 2046.07 0.01 0.009996 0.1 0.09998 0.07 0 0 0.838325 -0.262907 -0.0995541
707 -44120 -46161.9 2041.89 0.01 0.0100077 0.1 0.100039 0.07 0 0 0.839268 -0.26329 -0.0977388
708 -44124.5 -46161.9 2037.43 0.01 0.0100046 0.1 0.100023 0.07 0 0 0.840014 -0.26196 -0.0986618
709 -44138.5 -46161.9 2023.46 0.01 0.0100018 0.1 0.100009 0.07 0 0 0.840736 -0.261812 -0.0972052
710 -44133.6 -46161.9 2028.34 0.01 0.00999969 0.1 0.0999984 0.07 0 0 0.841046 -0.261345 -0.0969814
711 -44130.2 -46161.9 2031.73 0.01 0.0099928 0.1 0.099964 0.07 0 0 0.841505 -0.261841 -0.0972527
712 -44126.6 -46161.9 2035.36 0.01 0.0100016 0.1 0.100008 0.07 0 0 0.841899 -0.26284 -0.0973145
713 -44135.3 -46161.9 2026.63 0.01 0.00999724 0.1 0.0999862 0.07 0 0 0.842203 -0.263203 -0.0962056
714 -44142.9 -46161.9 2019.01 0.01 0.00999488 0.1 0.0999744 0.07 0 0 0.842196 -0.263636 -0.0958696
715 -44150.8 -46161.9 2011.09 0.01 0.0100018 0.1 0.100009 0.07 0 0 0.842764 -0.26352 -0.0964161
716 -44143.1 -46161.9 2018.88 0.01 0.00999391 0.1 0.0999695 0.07 0 0 0.842623 -0.264786 -0.0964328
717 -44144.1 -46161.9 2017.84 0.01 0.0100043 0.1 0.100022 0.07 0 0 0.843148 -0.264084 -0.0955896
718 -44140.4 -46161.9 2021.54 0.01 0.00999325 0.1 0.0999662 0.07 0 0 0.843705 -0.2634 -0.0951415
719 -44126.5 -46161.9 2035.45 0.01 0.0099966 0.1 0.099983 0.07 0 0 0.844102 -0.26342 -0.0950528
720 -44125.2 -46161.9 2036.77 0.01 0.00999941 0.1 0.099997 0.07 0 0 0.844209 -0.26341 -0.0956418
721 -44113.5 -46161.9 2048.41 0.01 0.00999708 0.1 0.0999854 0.07 0 0 0.844053 -0.263581 -0.0950326
722 -44134.6 -46161.9 2027.38 0.01 0.00999783 0.1 0.0999891 0.07 0 0 0.844388 -0.263453 -0.0951133
723 -44145.3 -46161.9 2016.64 0.01 0.0100029 0.1 0.100015 0.07 0 0 0.845216 -0.263148 -0.0945676
724 -44151.8 -46161.9 2010.11 0.01 0.0100005 0.1 0.100002 0.07 0 0 0.845701 -0.26261 -0.0947222
725 -44140.5 -46161.9 2021.41 0.01 0.0100019 0.1 0.100009 0.07 0 0 0.845713 -0.263429 -0.0947366
726 -44135.1 -46161.9 2026.85 0.01 0.010002 0.1 0.10001 0.07 0 0 0.846007 -0.263101 -0.095625
727 -44143.6 -46161.9 2018.31 0.01 0.0100041 0.1 0.100021 0.07 0 0 0.846392 -0.262648 -0.0946246
728 -44143.5 -46161.9 2018.46 0.01 0.0100013 0.1 0.100006 0.07 0 0 0.84672 -0.263007 -0.0931835
729 -44149.1 -46161.9 2012.88 0.01 0.0100059 0.1 0.100029 0.07 0 0 0.847427 -0.261764 -0.0940782
730 -44155.1 -46161.9 2006.88 0.01 0.0100058 0.1 0.100029 0.07 0 0 0.847885 -0.262061 -0.0938291
731 -44156.4 -46161.9 2005.54 0.01 0.00999737 0.1 0.0999868 0.07 0 0 0.848378 -0.262369 -0.0935068
732 -44154.9 -46161.9 2007.04 0.01 0.00999901 0.1 0.0999951 0.07 0 0 0.848758 -0.261923 -0.0940836
733 -44155.4 -46161.9 2006.55 0.01 0.0100034 0.1 0.100017 0.07 0 0 0.84908 -0.262433 -0.0931197
734 -44157.1 -46161.9 2004.79 0.01 0.0100022 0.1 0.100011 0.07 0 0 0.849255 -0.262967 -0.0935175
735 -44147.1 -46161.9 2014.8 0.01 0.0099967 0.1 0.0999835 0.07 0 0 0.849921 -0.262357 -0.0939971
736 -44162.5 -46161.9 1999.45 0.01 0.0099984 0.1 0.099992 0.07 0 0 0.850586 -0.261411 -0.0943411
737 -44139.4 -46161.9 2022.51 0.01 0.00999689 0.1 0.0999845 0.07 0 0 0.85069 -0.260489 -0.0939784
738 -44142.7 -46161.9 2019.27 0.01 0.00999374 0.1 0.0999687 0.07 0 0 0.851232 -0.260526 -0.0947
739 -44164.1 -46161.9 1997.88 0.01 0.00999962 0.1 0.0999981 0.07 0 0 0.851092 -0.261022 -0.0944828
740 -44162.4 -46161.9 1999.52 0.01 0.0100019 0.1 0.10001 0.07 0 0 0.851844 -0.260653 -0.0945195
741 -44167.7 -46161.9 1994.23 0.01 0.0100105 0.1 0.100053 0.07 0 0 0.852363 -0.261498 -0.0939272
742 -44188.8 -46161.9 1973.14 0.01 0.00999493 0.1 0.0999746 0.07 0 0 0.852572 -0.262266 -0.0944841
743 -44176 -46161.9 1985.9 0.01 0.0100027 0.1 0.100013 0.07 0 0 0.853322 -0.262217 -0.0953246
744 -44163.7 -46161.9 1998.28 0.01 0.00999785 0.1 0.0999893 0.07 0 0 0.853604 -0.260384 -0.0950932
745 -44148.7 -46161.9 2013.2 0.01 0.0099984 0.1 0.099992 0.07 0 0 0.853737 -0.260585 -0.0959484
746 -44158.2 -46161.9 2003.77 0.01 0.0100067 0.1 0.100033 0.07 0 0 0.853986 -0.260344 -0.0966287
747 -44149.2 -46161.9 2012.7 0.01 0.0099978 0.1 0.099989 0.07 0 0 0.85394 -0.260804 -0.096677
748 -44144.4 -46161.9 2017.53 0.01 0.00999921 0.1 0.0999961 0.07 0 0 0.853965 -0.261192 -0.0962192
749 -44154.8 -46161.9 2007.14 0.01 0.0100031 0.1 0.100015 0.07 0 0 0.8545 -0.259905 -0.0968251
750 -44154.8 -46161.9 2007.11 0.01 0.00999752 0.1 0.0999876 0.07 0 0 0.855197 -0.259651 -0.0965955
751 -44163 -46161.9 1998.9 0.01 0.00999605 0.1 0.0999803 0.07 0 0 0.855631 -0.259676 -0.0977701
752 -44160.1 -46161.9 2001.84 0.01 0.00999787 0.1 0.0999893 0.07 0 0 0.855548 -0.260549 -0.0967324
753 -44172.5 -46161.9 1989.48 0.01 0.00999402 0.1 0.0999701 0.07 0 0 0.856137 -0.260072 -0.0960154
754 -44179.7 -46161.9 1982.2 0.01 0.00999238 0.1 0.0999619 0.07 0 0 0.856927 -0.259236 -0.096718
755 -44171.6 -46161.9 1990.38 0.01 0.0100014 0.1 0.100007 0.07 0 0 0.857569 -0.258842 -0.0965077
756 -44157.5 -46161.9 2004.43 0.01 0.0100026 0.1 0.100013 0.07 0 0 0.857569 -0.258224 -0.097397
757 -44164.6 -46161.9 1997.38 0.01 0.0100005 0.1 0.100002 0.07 0 0 0.857825 -0.258822 -0.0965717
758 -44180.9 -46161.9 1981.06 0.01 0.0100027 0.1 0.100014 0.07 0 0 0.857411 -0.259158 -0.0956091
759 -44201.5 -46161.9 1960.45 0.01 0.0100095 0.1 0.100047 0.07 0 0 0.857973 -0.259262 -0.0948155
760 -44180.9 -46161.9 1981.04 0.01 0.00999962 0.1 0.0999981 0.07 0 0 0.858133 -0.259607 -0.0953818
761 -44180.7 -46161.9 1981.23 0.01 0.0100047 0.1 0.100024 0.07 0 0 0.858651 -0.259725 -0.0946775
762 -44172.2 -46161.9 1989.73 0.01 0.00999835 0.1 0.0999918 0.07 0 0 0.858965 -0.258652 -0.0942843
763 -44156.7 -46161.9 2005.27 0.01 0.0100089 0.1 0.100044 0.07 0 0 0.859047 -0.258003 -0.0936446
764 -44165.3 -46161.9 1996.67 0.01 0.0100031 0.1 0.100016 0.07 0 0 0.859329 -0.2578 -0.0934892
765 -44171 -46161.9 1990.97 0.01 0.00999877 0.1 0.0999939 0.07 0 0 0.860286 -0.257194 -0.0938246
766 -44166.8 -46161.9 1995.09 0.01 0.00999714 0.1 0.0999857 0.07 0 0 0.86056 -0.257075 -0.09391
767 -44157.4 -46161.9 2004.52 0.01 0.010002 0.1 0.10001 0.07 0 0 0.86136 -0.255425 -0.0929278
768 -44155.5 -46161.9 2006.48 0.01 0.0100003 0.1 0.100001 0.07 0 0 0.861449 -0.255629 -0.0933058
769 -44171.9 -46161.9 1990.08 0.01 0.0100104 0.1 0.100052 0.07 0 0 0.862088 -0.255122 -0.0926874
770 -44186.4 -46161.9 1975.58 0.01 0.00999616 0.1 0.0999808 0.07 0 0 0.862669 -0.25634 -0.0918458
771 -44165.2 -46161.9 1996.73 0.01 0.0100002 0.1 0.100001 0.07 0 0 0.863573 -0.256127 -0.0905276
772 -44183.9 -46161.9 1978.04 0.01 0.00998643 0.1 0.0999321 0.07 0 0 0.863876 -0.256546 -0.0907627
773 -44179.8 -46161.9 1982.16 0.01 0.0099948 0.1 0.099974 0.07 0 0 0.864345 -0.255942 -0.090808
774 -44179.2 -46161.9 1982.72 0.01 0.00999118 0.1 0.0999559 0.07 0 0 0.86516 -0.255539 -0.090824
775 -44195.6 -46161.9 1966.3 0.01 0.0100006 0.1 0.100003 0.07 0 0 0.865706 -0.254218 -0.090545
776 -44185.5 -46161.9 1976.45 0.01 0.0100044 0.1 0.100022 0.07 0 0 0.865894 -0.254028 -0.0903826
777 -44179 -46161.9 1982.95 0.01 0.00999164 0.1 0.0999582 0.07 0 0 0.866167 -0.253746 -0.0899276
778 -44161.7 -46161.9 2000.25 0.01 0.0100037 0.1 0.100019 0.07 0 0 0.86662 -0.252508 -0.089266
779 -44165.8 -46161.9 1996.17 0.01 0.00999986 0.1 0.0999993 0.07 0 0 0.867316 -0.252177 -0.0886389
780 -44164 -46161.9 1997.96 0.01 0.0100014 0.1 0.100007 0.07 0 0 0.868158 -0.25189 -0.0885589
781 -44174.4 -46161.9 1987.54 0.01 0.0100055 0.1 0.100028 0.07 0 0 0.868238 -0.252343 -0.0879921
782 -44162 -46161.9 1999.96 0.01 0.0100025 0.1 0.100013 0.07 0 0 0.868562 -0.252282 -0.0872421
783 -44176 -46161.9 1985.95 0.01 0.00999861 0.1 0.099993 0.07 0 0 0.868882 -0.252365 -0.0871341
784 -44189.6 -46161.9 1972.36 0.01 0.0100074 0.1 0.100037 0.07 0 0 0.869552 -0.252016 -0.0867412
785 -44173.5 -46161.9 1988.4 0.01 0.00999598 0.1 0.0999799 0.07 0 0 0.869369 -0.251634 -0.085871
786 -44169.4 -46161.9 1992.48 0.01 0.0100029 0.1 0.100014 0.07 0 0 0.869295 -0.252955 -0.084901
787 -44174.8 -46161.9 1987.18 0.01 0.00999868 0.1 0.0999934 0.07 0 0 0.869578 -0.252322 -0.0843509
788 -44184 -46161.9 1977.96 0.01 0.00999735 0.1 0.0999867 0.07 0 0 0.870222 -0.25247 -0.0840029
789 -44189.6 -46161.9 1972.32 0.01 0.0100007 0.1 0.100003 0.07 0 0 0.870869 -0.251722 -0.083258
790 -44187.3 -46161.9 1974.67 0.01 0.00999434 0.1 0.0999717 0.07 0 0 0.870718 -0.251973 -0.0837327
791 -44185 -46161.9 1976.98 0.01 0.00999793 0.1 0.0999897 0.07 0 0 0.870953 -0.253032 -0.0847962
792 -44178 -46161.9 1983.89 0.01 0.0100042 0.1 0.100021 0.07 0 0 0.871688 -0.253432 -0.0835781
793 -44165.4 -46161.9 1996.49 0.01 0.00999838 0.1 0.0999919 0.07 0 0 0.871669 -0.253675 -0.0839582
794 -44156.3 -46161.9 2005.64 0.01 0.010007 0.1 0.100035 0.07 0 0 0.871649 -0.25373 -0.0826757
795 -44164.2 -46161.9 1997.72 0.01 0.00999946 0.1 0.0999973 0.07 0 0 0.871751 -0.254581 -0.0826449
796 -44178.2 -46161.9 1983.7 0.01 0.0100005 0.1 0.100003 0.07 0 0 0.872339 -0.25415 -0.0827764
797 -44163 -46161.9 1998.98 0.01 0.00999944 0.1 0.0999972 0.07 0 0 0.872437 -0.254752 -0.0821196
798 -44152.6 -46161.9 2009.3 0.01 0.00999568 0.1 0.0999784 0.07 0 0 0.872244 -0.254465 -0.0811071
799 -44149.6 -46161.9 2012.37 0.01 0.0100031 0.1 0.100015 0.07 0 0 0.872143 -0.254928 -0.0807047
800 -44149.2 -46161.9 2012.74 0.01 0.0100027 0.1 0.100013 0.07 0 0 0.872805 -0.254378 -0.0808502
801 -44148.5 -46161.9 2013.41 0.01 0.009995 0.1 0.099975 0.07 0 0 0.873058 -0.255255 -0.0817943
802 -44161.4 -46161.9 2000.49 0.01 0.0100027 0.1 0.100013 0.07 0 0 0.873005 -0.25514 -0.0820316
803 -44151.9 -46161.9 2010.02 0.01 0.00999843 0.1 0.0999921 0.07 0 0 0.873393 -0.254811 -0.08082
804 -44154 -46161.9 2007.93 0.01 0.0100007 0.1 0.100003 0.07 0 0 0.873786 -0.253887 -0.0793223
805 -44171.5 -46161.9 1990.43 0.01 0.0099991 0.1 0.0999955 0.07 0 0 0.874262 -0.254269 -0.0788995
806 -44194.2 -46161.9 1967.72 0.01 0.00999976 0.1 0.0999988 0.07 0 0 0.875488 -0.253319 -0.079164
807 -44204.8 -46161.9 1957.1 0.01 0.0100004 0.1 0.100002 0.07 0 0 0.875632 -0.252523 -0.0791964
808 -44185.5 -46161.9 1976.48 0.01 0.00999027 0.1 0.0999513 0.07 0 0 0.875823 -0.251188 -0.0786979
809 -44178.5 -46161.9 1983.39 0.01 0.0099992 0.1 0.099996 0.07 0 0 0.87597 -0.251732 -0.0783346
810 -44192.8 -46161.9 1969.16 0.01 0.00999696 0.1 0.0999848 0.07 0 0 0.877051 -0.250114 -0.0785171
811 -44209.4 -46161.9 1952.57 0.01 0.00999482 0.1 0.0999741 0.07 0 0 0.878237 -0.24853 -0.0785157
812 -44208 -46161.9 1953.95 0.01 0.0100013 0.1 0.100007 0.07 0 0 0.877945 -0.249154 -0.0799869
813 -44214.3 -46161.9 1947.64 0.01 0.0099956 0.1 0.099978 0.07 0 0 0.878074 -0.25043 -0.0800292
814 -44206.7 -46161.9 1955.19 0.01 0.00999817 0.1 0.0999908 0.07 0 0 0.878489 -0.250069 -0.0816186
815 -44197.7 -46161.9 1964.21 0.01 0.0100021 0.1 0.100011 0.07 0 0 0.878285 -0.250852 -0.0827149
816 -44197.6 -46161.9 1964.3 0.01 0.0100064 0.1 0.100032 0.07 0 0 0.878363 -0.250607 -0.0828718
817 -44211.3 -46161.9 1950.6 0.01 0.00999785 0.1 0.0999893 0.07 0 0 0.878379 -0.251758 -0.0820981
818 -44213.5 -46161.9 1948.47 0.01 0.00999866 0.1 0.0999933 0.07 0 0 0.878472 -0.251769 -0.0825998
819 -44205.1 -46161.9 1956.85 0.01 0.00999844 0.1 0.0999922 0.07 0 0 0.878542 -0.251612 -0.0811201
820 -44199.5 -46161.9 1962.43 0.01 0.0100046 0.1 0.100023 0.07 0 0 0.878963 -0.250258 -0.0813073
821 -44215.2 -46161.9 1946.7 0.01 0.0100045 0.1 0.100022 0.07 0 0 0.879336 -0.25112 -0.0813106
822 -44201.8 -46161.9 1960.15 0.01 0.0100049 0.1 0.100024 0.07 0 0 0.879608 -0.250775 -0.0810346
823 -44202.3 -46161.9 1959.6 0.01 0.00999576 0.1 0.0999788 0.07 0 0 0.880078 -0.250586 -0.0809404
824 -44215.1 -46161.9 1946.85 0.01 0.0100027 0.1 0.100013 0.07 0 0 0.880436 -0.250114 -0.0806637
825 -44223.1 -46161.9 1938.88 0.01 0.0100031 0.1 0.100015 0.07 0 0 0.88087 -0.249235 -0.0802034
826 -44234.3 -46161.9 1927.59 0.01 0.0100037 0.1 0.100019 0.07 0 0 0.880923 -0.249377 -0.0823188
827 -44226.1 -46161.9 1935.79 0.01 0.0100036 0.1 0.100018 0.07 0 0 0.88164 -0.248976 -0.0838891
828 -44195.7 -46161.9 1966.21 0.01 0.00999716 0.1 0.0999858 0.07 0 0 0.881809 -0.248216 -0.0845283
829 -44201.8 -46161.9 1960.12 0.01 0.00999351 0.1 0.0999675 0.07 0 0 0.882137 -0.248398 -0.0846124
830 -44189.9 -46161.9 1972.07 0.01 0.0100029 0.1 0.100014 0.07 0 0 0.881969 -0.247992 -0.0850653
831 -44203.9 -46161.9 1958 0.01 0.0100001 0.1 0.100001 0.07 0 0 0.882427 -0.247427 -0.0836828
832 -44222.4 -46161.9 1939.49 0.01 0.00999088 0.1 0.0999544 0.07 0 0 0.882883 -0.247816 -0.0842018
833 -44218.2 -46161.9 1943.7 0.01 0.0100015 0.1 0.100008 0.07 0 0 0.882835 -0.248151 -0.0837191
834 -44207 -46161.9 1954.89 0.01 0.0100029 0.1 0.100014 0.07 0 0 0.883254 -0.248112 -0.0847018
835 -44198.9 -46161.9 1963 0.01 0.0100033 0.1 0.100017 0.07 0 0 0.883768 -0.247556 -0.0850149
836 -44210.2 -46161.9 1951.77 0.01 0.00999347 0.1 0.0999674 0.07 0 0 0.884418 -0.247793 -0.0845832
837 -44180.5 -46161.9 1981.41 0.01 0.00999989 0.1 0.0999995 0.07 0 0 0.883878 -0.247832 -0.083556
838 -44188.4 -46161.9 1973.49 0.01 0.00999803 0.1 0.0999901 0.07 0 0 0.884017 -0.247747 -0.0832505
839 -44203.9 -46161.9 1958.02 0.01 0.009998 0.1 0.09999 0.07 0 0 0.884688 -0.246931 -0.0839737
840 -44202.8 -46161.9 1959.12 0.01 0.0100087 0.1 0.100043 0.07 0 0 0.884956 -0.246637 -0.0847883
841 -44198.1 -46161.9 1963.82 0.01 0.00999761 0.1 0.0999881 0.07 0 0 0.884744 -0.246715 -0.0844181
842 -44204.1 -46161.9 1957.86 0.01 0.00999854 0.1 0.0999927 0.07 0 0 0.885257 -0.246847 -0.0849403
843 -44206.9 -46161.9 1954.99 0.01 0.00999172 0.1 0.0999586 0.07 0 0 0.885679 -0.24681 -0.0840109
844 -44207.9 -46161.9 1954.07 0.01 0.0100036 0.1 0.100018 0.07 0 0 0.886157 -0.245281 -0.083839
845 -44222.5 -46161.9 1939.46 0.01 0.0100015 0.1 0.100007 0.07 0 0 0.887033 -0.244828 -0.0827611
846 -44207.2 -46161.9 1954.77 0.01 0.0100051 0.1 0.100026 0.07 0 0 0.886769 -0.244884 -0.0823079
847 -44203.2 -46161.9 1958.76 0.01 0.0100059 0.1 0.100029 0.07 0 0 0.886617 -0.24509 -0.0821794
848 -44217.5 -46161.9 1944.46 0.01 0.00999771 0.1 0.0999885 0.07 0 0 0.887402 -0.244328 -0.0829542
849 -44217.1 -46161.9 1944.86 0.01 0.00999793 0.1 0.0999897 0.07 0 0 0.887592 -0.243843 -0.0829729
850 -44237.5 -46161.9 1924.48 0.01 0.00999142 0.1 0.0999571 0.07 0 0 0.88837 -0.243515 -0.0835739
851 -44232.8 -46161.9 1929.12 0.01 0.00999747 0.1 0.0999873 0.07 0 0 0.888367 -0.243744 -0.0837389
852 -44245 -46161.9 1916.98 0.01 0.0100005 0.1 0.100003 0.07 0 0 0.888809 -0.243685 -0.0848962
853 -44241.3 -46161.9 1920.63 0.01 0.00999154 0.1 0.0999577 0.07 0 0 0.889343 -0.242869 -0.0845007
854 -44227.2 -46161.9 1934.77 0.01 0.00999419 0.1 0.0999709 0.07 0 0 0.889582 -0.242485 -0.0835575
855 -44222 -46161.9 1939.97 0.01 0.0100004 0.1 0.100002 0.07 0 0 0.890527 -0.24111 -0.0813204
856 -44239.9 -46161.9 1922 0.01 0.0100066 0.1 0.100033 0.07 0 0 0.890964 -0.242518 -0.081001
857 -44236.9 -46161.9 1924.98 0.01 0.010008 0.1 0.10004 0.07 0 0 0.891176 -0.242716 -0.0810219
858 -44237 -46161.9 1924.89 0.01 0.00999697 0.1 0.0999849 0.07 0 0 0.891466 -0.243129 -0.0795602
859 -44234.9 -46161.9 1927.04 0.01 0.00999702 0.1 0.0999851 0.07 0 0 0.891977 -0.242867 -0.0780047
860 -44225.3 -46161.9 1936.63 0.01 0.0100023 0.1 0.100012 0.07 0 0 0.892179 -0.242077 -0.0789677
861 -44223.5 -46161.9 1938.41 0.01 0.0100007 0.1 0.100004 0.07 0 0 0.892046 -0.243205 -0.0775105
862 -44231.2 -46161.9 1930.68 0.01 0.0100023 0.1 0.100011 0.07 0 0 0.892522 -0.242348 -0.0775281
863 -44219.3 -46161.9 1942.61 0.01 0.00999898 0.1 0.0999949 0.07 0 0 0.892931 -0.241945 -0.0779896
864 -44234.7 -46161.9 1927.22 0.01 0.00999719 0.1 0.099986 0.07 0 0 0.893342 -0.241911 -0.0775302
865 -44225.1 -46161.9 1936.83 0.01 0.0100076 0.1 0.100038 0.07 0 0 0.893409 -0.241671 -0.0777441
866 -44218.7 -46161.9 1943.21 0.01 0.00999696 0.1 0.0999848 0.07 0 0 0.893698 -0.241261 -0.0774578
867 -44206.9 -46161.9 1955.04 0.01 0.00999307 0.1 0.0999653 0.07 0 0 0.894434 -0.240512 -0.0763625
868 -44203 -46161.9 1958.96 0.01 0.0100008 0.1 0.100004 0.07 0 0 0.894597 -0.239346 -0.0762883
869 -44204.2 -46161.9 1957.76 0.01 0.010002 0.1 0.10001 0.07 0 0 0.894988 -0.238551 -0.0769197
870 -44216 -46161.9 1945.98 0.01 0.0100018 0.1 0.100009 0.07 0 0 0.894974 -0.23937 -0.0769576
871 -44222.6 -46161.9 1939.31 0.01 0.0100035 0.1 0.100017 0.07 0 0 0.896154 -0.238615 -0.0775324
872 -44237.7 -46161.9 1924.21 0.01 0.0100039 0.1 0.10002 0.07 0 0 0.896496 -0.238251 -0.078475
873 -44244 -46161.9 1917.89 0.01 0.00999692 0.1 0.0999846 0.07 0 0 0.896811 -0.238186 -0.0784208
874 -44247.9 -46161.9 1914.06 0.01 0.00999754 0.1 0.0999877 0.07 0 0 0.897172 -0.236961 -0.077876
875 -44262.1 -46161.9 1899.87 0.01 0.0100063 0.1 0.100032 0.07 0 0 0.897613 -0.236615 -0.0774039
876 -44246.7 -46161.9 1915.23 0.01 0.00999809 0.1 0.0999904 0.07 0 0 0.897704 -0.23622 -0.0772927
877 -44260.2 -46161.9 1901.78 0.01 0.0100048 0.1 0.100024 0.07 0 0 0.897998 -0.236757 -0.076388
878 -44244.1 -46161.9 1917.8 0.01 0.0100013 0.1 0.100006 0.07 0 0 0.89823 -0.23593 -0.0770812
879 -44240.5 -46161.9 1921.46 0.01 0.0100004 0.1 0.100002 0.07 0 0 0.897869 -0.237002 -0.0765397
880 -44227.3 -46161.9 1934.6 0.01 0.0100038 0.1 0.100019 0.07 0 0 0.897667 -0.236998 -0.0770674
881 -44235.9 -46161.9 1926.03 0.01 0.00999749 0.1 0.0999875 0.07 0 0 0.897923 -0.236701 -0.0765299
882 -44226 -46161.9 1935.96 0.01 0.00999659 0.1 0.099983 0.07 0 0 0.897512 -0.236979 -0.0771961
883 -44229.1 -46161.9 1932.82 0.01 0.0100017 0.1 0.100009 0.07 0 0 0.897911 -0.236611 -0.0774658
884 -44238 -46161.9 1923.95 0.01 0.00999614 0.1 0.0999807 0.07 0 0 0.899007 -0.235502 -0.078267
885 -44250.5 -46161.9 1911.47 0.01 0.00999231 0.1 0.0999616 0.07 0 0 0.899769 -0.235152 -0.0792495
886 -44247.4 -46161.9 1914.5 0.01 0.00999185 0.1 0.0999592 0.07 0 0 0.899764 -0.234841 -0.0787875
887 -44228.7 -46161.9 1933.28 0.01 0.00999115 0.1 0.0999557 0.07 0 0 0.899363 -0.2346 -0.0788871
888 -44231.2 -46161.9 1930.78 0.01 0.0100009 0.1 0.100005 0.07 0 0 0.899824 -0.233898 -0.0788925
889 -44237 -46161.9 1924.9 0.01 0.00999812 0.1 0.0999906 0.07 0 0 0.899499 -0.235535 -0.0792558
890 -44234.9 -46161.9 1927.03 0.01 0.00999671 0.1 0.0999835 0.07 0 0 0.899686 -0.235134 -0.0791695
891 -44229.5 -46161.9 1932.47 0.01 0.0100072 0.1 0.100036 0.07 0 0 0.900005 -0.234344 -0.0788221
892 -44227.3 -46161.9 1934.61 0.01 0.0100029 0.1 0.100014 0.07 0 0 0.899764 -0.234867 -0.0794257
893 -44224.8 -46161.9 1937.16 0.01 0.0099988 0.1 0.099994 0.07 0 0 0.899882 -0.234507 -0.0799886
894 -44222.9 -46161.9 1939.01 0.01 0.009999 0.1 0.099995 0.07 0 0 0.900135 -0.234018 -0.0803993
895 -44214.1 -46161.9 1947.86 0.01 0.00999936 0.1 0.0999968 0.07 0 0 0.900337 -0.233128 -0.0810937
896 -44218.2 -46161.9 1943.77 0.01 0.00999928 0.1 0.0999964 0.07 0 0 0.900867 -0.232125 -0.0810533
897 -44206.5 -46161.9 1955.41 0.01 0.0100036 0.1 0.100018 0.07 0 0 0.900668 -0.232607 -0.0816835
898 -44215.9 -46161.9 1946.01 0.01 0.00999742 0.1 0.0999871 0.07 0 0 0.901225 -0.231884 -0.0830824
899 -44231.9 -46161.9 1930.03 0.01 0.0100008 0.1 0.100004 0.07 0 0 0.901936 -0.231577 -0.081884
900 -44228 -46161.9 1933.91 0.01 0.00999453 0.1 0.0999726 0.07 0 0 0.902137 -0.231909 -0.0807238
901 -44231.2 -46161.9 1930.78 0.01 0.0100051 0.1 0.100025 0.07 0 0 0.902466 -0.230396 -0.0805107
902 -44237.5 -46161.9 1924.41 0.01 0.00999655 0.1 0.0999827 0.07 0 0 0.902686 -0.230617 -0.0808889
903 -44233.7 -46161.9 1928.24 0.01 0.00999743 0.1 0.0999871 0.07 0 0 0.90291 -0.231281 -0.0811337
904 -44256 -46161.9 1905.98 0.01 0.00999825 0.1 0.0999913 0.07 0 0 0.902901 -0.231478 -0.0820017
905 -44273.1 -46161.9 1888.8 0.01 0.0100045 0.1 0.100022 0.07 0 0 0.903402 -0.23036 -0.0818596
906 -44248.9 -46161.9 1913.08 0.01 0.00999794 0.1 0.0999897 0.07 0 0 0.903559 -0.229282 -0.0817888
907 -44246.7 -46161.9 1915.2 0.01 0.00999526 0.1 0.0999763 0.07 0 0 0.90379 -0.228475 -0.0807886
908 -44234.2 -46161.9 1927.75 0.01 0.00999442 0.1 0.0999721 0.07 0 0 0.90436 -0.227815 -0.0807436
909 -44217.4 -46161.9 1944.52 0.01 0.00999977 0.1 0.0999988 0.07 0 0 0.90397 -0.229033 -0.0803674
910 -44216.7 -46161.9 1945.23 0.01 0.00999545 0.1 0.0999773 0.07 0 0 0.903997 -0.230258 -0.0798554
911 -44207.1 -46161.9 1954.79 0.01 0.00999928 0.1 0.0999964 0.07 0 0 0.904494 -0.230273 -0.0788578
912 -44213.9 -46161.9 1948 0.01 0.0100004 0.1 0.100002 0.07 0 0 0.90472 -0.230594 -0.0785088
913 -44211.2 -46161.9 1950.75 0.01 0.0100019 0.1 0.10001 0.07 0 0 0.904715 -0.230842 -0.0782332
914 -44232.9 -46161.9 1929.05 0.01 0.00999875 0.1 0.0999938 0.07 0 0 0.905368 -0.230041 -0.0776584
915 -44229.4 -46161.9 1932.56 0.01 0.0100026 0.1 0.100013 0.07 0 0 0.905154 -0.230156 -0.0776773
916 -44233.1 -46161.9 1928.81 0.01 0.0100007 0.1 0.100003 0.07 0 0 0.905764 -0.229219 -0.0768683
917 -44234.7 -46161.9 1927.26 0.01 0.00999871 0.1 0.0999935 0.07 0 0 0.905802 -0.229069 -0.0774197
918 -44241.3 -46161.9 1920.68 0.01 0.0100036 0.1 0.100018 0.07 0 0 0.905832 -0.228812 -0.0782492
919 -44248 -46161.9 1913.94 0.01 0.0100008 0.1 0.100004 0.07 0 0 0.905838 -0.22881 -0.0783516
920 -44270.3 -46161.9 1891.65 0.01 0.0100065 0.1 0.100033 0.07 0 0 0.90567 -0.22877 -0.0777774
921 -44241.2 -46161.9 1920.73 0.01 0.0100037 0.1 0.100018 0.07 0 0 0.905494 -0.229171 -0.0787939
922 -44236.6 -46161.9 1925.36 0.01 0.00999457 0.1 0.0999728 0.07 0 0 0.905156 -0.229975 -0.0799163
923 -44245.6 -46161.9 1916.36 0.01 0.00999643 0.1 0.0999821 0.07 0 0 0.905318 -0.229472 -0.0797989
924 -44242.5 -46161.9 1919.43 0.01 0.0100057 0.1 0.100029 0.07 0 0 0.9053 -0.229628 -0.0794695
925 -44243.3 -46161.9 1918.64 0.01 0.0100085 0.1 0.100042 0.07 0 0 0.90549 -0.229284 -0.0785308
926 -44232.5 -46161.9 1929.45 0.01 0.00999475 0.1 0.0999737 0.07 0 0 0.905727 -0.229379 -0.0780833
927 -44227.2 -46161.9 1934.76 0.01 0.00999722 0.1 0.0999861 0.07 0 0 0.905915 -0.229497 -0.0787234
928 -44227.4 -46161.9 1934.52 0.01 0.00999682 0.1 0.0999841 0.07 0 0 0.906454 -0.22845 -0.0796138
929 -44240.1 -46161.9 1921.86 0.01 0.00999347 0.1 0.0999673 0.07 0 0 0.906986 -0.229346 -0.0794815
930 -44228 -46161.9 1933.92 0.01 0.0100056 0.1 0.100028 0.07 0 0 0.906732 -0.229191 -0.0794878
931 -44236.9 -46161.9 1925.07 0.01 0.0099979 0.1 0.0999895 0.07 0 0 0.907014 -0.22864 -0.0786742
932 -44213.8 -46161.9 1948.16 0.01 0.0100103 0.1 0.100051 0.07 0 0 0.906383 -0.229808 -0.0786269
933 -44237.5 -46161.9 1924.42 0.01 0.0100021 0.1 0.10001 0.07 0 0 0.906965 -0.228802 -0.0796782
934 -44235.9 -46161.9 1926.04 0.01 0.00999914 0.1 0.0999957 0.07 0 0 0.90714 -0.228819 -0.0801052
935 -44250.8 -46161.9 1911.12 0.01 0.00999832 0.1 0.0999916 0.07 0 0 0.907391 -0.228331 -0.0816182
936 -44251 -46161.9 1910.91 0.01 0.0100023 0.1 0.100012 0.07 0 0 0.907121 -0.229221 -0.0815977
937 -44250.5 -46161.9 1911.48 0.01 0.0099947 0.1 0.0999735 0.07 0 0 0.907598 -0.228367 -0.0815835
938 -44252.1 -46161.9 1909.81 0.01 0.00999662 0.1 0.0999831 0.07 0 0 0.907769 -0.228754 -0.0817585
939 -44257.1 -46161.9 1904.79 0.01 0.00999784 0.1 0.0999892 0.07 0 0 0.908089 -0.228107 -0.0815402
940 -44231.1 -46161.9 1930.87 0.01 0.00999723 0.1 0.0999861 0.07 0 0 0.908084 -0.227695 -0.0821667
941 -44219.1 -46161.9 1942.88 0.01 0.0100062 0.1 0.100031 0.07 0 0 0.908207 -0.226548 -0.0824269
942 -44215.7 -46161.9 1946.2 0.01 0.0100048 0.1 0.100024 0.07 0 0 0.907995 -0.227535 -0.0827838
943 -44200 -46161.9 1961.93 0.01 0.0100002 0.1 0.100001 0.07 0 0 0.908368 -0.226075 -0.0817995
944 -44220.8 -46161.9 1941.11 0.01 0.0100017 0.1 0.100009 0.07 0 0 0.908794 -0.225859 -0.0812446
945 -44225 -46161.9 1936.96 0.01 0.0100072 0.1 0.100036 0.07 0 0 0.908964 -0.224602 -0.0805617
946 -44240.1 -46161.9 1921.8 0.01 0.00999532 0.1 0.0999766 0.07 0 0 0.909281 -0.225798 -0.0805669
947 -44250.1 -46161.9 1911.84 0.01 0.0100059 0.1 0.10003 0.07 0 0 0.909409 -0.22655 -0.0811972
948 -44262.9 -46161.9 1899.04 0.01 0.0100004 0.1 0.100002 0.07 0 0 0.91006 -0.225603 -0.0816274
949 -44257 -46161.9 1904.96 0.01 0.00999405 0.1 0.0999702 0.07 0 0 0.910584 -0.224312 -0.0818452
950 -44240.7 -46161.9 1921.22 0.01 0.00999837 0.1 0.0999919 0.07 0 0 0.910711 -0.223039 -0.0817884
951 -44233.4 -46161.9 1928.52 0.01 0.00999758 0.1 0.0999879 0.07 0 0 0.910781 -0.221138 -0.0823957
952 -44249.7 -46161.9 1912.21 0.01 0.00999993 0.1 0.0999997 0.07 0 0 0.910849 -0.221191 -0.0820199
953 -44249.6 -46161.9 1912.36 0.01 0.00999031 0.1 0.0999515 0.07 0 0 0.910691 -0.222042 -0.0813212
954 -44246 -46161.9 1915.93 0.01 0.0100036 0.1 0.100018 0.07 0 0 0.910318 -0.222414 -0.0825015
955 -44255 -46161.9 1906.89 0.01 0.00999901 0.1 0.099995 0.07 0 0 0.910692 -0.222281 -0.0833005
956 -44263.8 -46161.9 1898.18 0.01 0.0100064 0.1 0.100032 0.07 0 0 0.911033 -0.221712 -0.0821083
957 -44264.4 -46161.9 1897.52 0.01 0.00999962 0.1 0.0999981 0.07 0 0 0.911351 -0.22194 -0.080131
958 -44251.1 -46161.9 1910.88 0.01 0.0100026 0.1 0.100013 0.07 0 0 0.911629 -0.220645 -0.0798856
959 -44246.2 -46161.9 1915.7 0.01 0.00999936 0.1 0.0999968 0.07 0 0 0.911959 -0.219805 -0.0779102
960 -44233 -46161.9 1928.93 0.01 0.0099975 0.1 0.0999875 0.07 0 0 0.912343 -0.218946 -0.0774832
961 -44228.8 -46161.9 1933.18 0.01 0.0100045 0.1 0.100022 0.07 0 0 0.912548 -0.218457 -0.0775456
962 -44226.8 -46161.9 1935.16 0.01 0.0100007 0.1 0.100003 0.07 0 0 0.912475 -0.218965 -0.0763267
963 -44209 -46161.9 1952.95 0.01 0.00999856 0.1 0.0999928 0.07 0 0 0.912148 -0.217949 -0.0759986
964 -44222.4 -46161.9 1939.51 0.01 0.0100056 0.1 0.100028 0.07 0 0 0.912115 -0.218737 -0.0755691
965 -44224.7 -46161.9 1937.25 0.01 0.00999943 0.1 0.0999971 0.07 0 0 0.912045 -0.217915 -0.0766576
966 -44225.4 -46161.9 1936.53 0.01 0.00999545 0.1 0.0999773 0.07 0 0 0.912074 -0.218328 -0.0770067
967 -44237.1 -46161.9 1924.85 0.01 0.0100028 0.1 0.100014 0.07 0 0 0.911949 -0.219509 -0.0774015
968 -44225.9 -46161.9 1936.08 0.01 0.00999916 0.1 0.0999958 0.07 0 0 0.912086 -0.218292 -0.0783211
969 -44253 -46161.9 1908.97 0.01 0.0100037 0.1 0.100019 0.07 0 0 0.912758 -0.216759 -0.0788496
970 -44264.7 -46161.9 1897.2 0.01 0.010001 0.1 0.100005 0.07 0 0 0.912377 -0.216967 -0.0811327
971 -44262.1 -46161.9 1899.84 0.01 0.0100027 0.1 0.100013 0.07 0 0 0.912631 -0.216844 -0.0818791
972 -44253.8 -46161.9 1908.18 0.01 0.010003 0.1 0.100015 0.07 0 0 0.912763 -0.216147 -0.0811903
973 -44260.1 -46161.9 1901.84 0.01 0.00999685 0.1 0.0999843 0.07 0 0 0.913309 -0.214668 -0.0801657
974 -44253.5 -46161.9 1908.46 0.01 0.00999624 0.1 0.0999812 0.07 0 0 0.913458 -0.213533 -0.079492
975 -44256.8 -46161.9 1905.09 0.01 0.0100032 0.1 0.100016 0.07 0 0 0.913391 -0.215146 -0.0790086
976 -44255.9 -46161.9 1905.98 0.01 0.00999636 0.1 0.0999818 0.07 0 0 0.913397 -0.21518 -0.0794311
977 -44264.2 -46161.9 1897.77 0.01 0.0100089 0.1 0.100045 0.07 0 0 0.913617 -0.214317 -0.0784062
978 -44255.2 -46161.9 1906.78 0.01 0.0100023 0.1 0.100011 0.07 0 0 0.913907 -0.213646 -0.0768063
979 -44261.9 -46161.9 1900.08 0.01 0.0100034 0.1 0.100017 0.07 0 0 0.914409 -0.213351 -0.0751893
980 -44240.5 -46161.9 1921.46 0.01 0.010001 0.1 0.100005 0.07 0 0 0.91462 -0.212086 -0.0758595
981 -44234.4 -46161.9 1927.5 0.01 0.01 0.1 0.1 0.07 0 0 0.914331 -0.212829 -0.076135
982 -44246.8 -46161.9 1915.17 0.01 0.0100015 0.1 0.100007 0.07 0 0 0.914108 -0.213928 -0.0758851
983 -44249.6 -46161.9 1912.31 0.01 0.0100012 0.1 0.100006 0.07 0 0 0.914645 -0.21323 -0.0765699
984 -44252.3 -46161.9 1909.67 0.01 0.0100033 0.1 0.100017 0.07 0 0 0.915074 -0.212564 -0.0772462
985 -44272.6 -46161.9 1889.3 0.01 0.0100088 0.1 0.100044 0.07 0 0 0.915841 -0.212246 -0.0768456
986 -44269.3 -46161.9 1892.62 0.01 0.0100004 0.1 0.100002 0.07 0 0 0.91628 -0.211285 -0.0756279
987 -44278.8 -46161.9 1883.14 0.01 0.0100015 0.1 0.100007 0.07 0 0 0.916429 -0.21164 -0.0751504
988 -44277.7 -46161.9 1884.22 0.01 0.00999479 0.1 0.0999739 0.07 0 0 0.916717 -0.211406 -0.0754703
989 -44263.8 -46161.9 1898.17 0.01 0.0100024 0.1 0.100012 0.07 0 0 0.916621 -0.212256 -0.0748244
990 -44256.6 -46161.9 1905.38 0.01 0.0100068 0.1 0.100034 0.07 0 0 0.916727 -0.211663 -0.0750613
991 -44253.6 -46161.9 1908.34 0.01 0.0100044 0.1 0.100022 0.07 0 0 0.917008 -0.211226 -0.0744634
992 -44275.8 -46161.9 1886.1 0.01 0.00999206 0.1 0.0999603 0.07 0 0 0.917771 -0.209699 -0.0735537
993 -44262.2 -46161.9 1899.74 0.01 0.00999954 0.1 0.0999977 0.07 0 0 0.917408 -0.210155 -0.0732479
994 -44257.5 -46161.9 1904.41 0.01 0.0100006 0.1 0.100003 0.07 0 0 0.917497 -0.210043 -0.0729094
995 -44279.1 -46161.9 1882.79 0.01 0.0100022 0.1 0.100011 0.07 0 0 0.917561 -0.211405 -0.0726132
996 -44258.8 -46161.9 1903.14 0.01 0.00999664 0.1 0.0999832 0.07 0 0 0.917458 -0.211215 -0.0723427
997 -44258.2 -46161.9 1903.7 0.01 0.00999629 0.1 0.0999814 0.07 0 0 0.917513 -0.211127 -0.072297
998 -44264.4 -46161.9 1897.53 0.01 0.00999972 0.1 0.0999986 0.07 0 0 0.917616 -0.209912 -0.0729652
999 -44266.6 -46161.9 1895.38 0.01 0.009996 0.1 0.09998 0.07 0 0 0.917582 -0.210351 -0.0729105
1000 -44261.2 -46161.9 1900.71 0.01 0.0100038 0.1 0.100019 0.07 0 0 0.91778 -0.209439 -0.072029
