# Iteration Energy MinEnergy Delta temp realtemp dtheta realdtheta MagneticFieldX Y Z MagnetizationX Y Z
1 -736.076 -19068.8 18332.7 0 0 0 0 0.05 0 0 -0.00336785 -0.00729599 -9.72421e-05
2 -1229.51 -19068.8 17839.2 0 0 0 0 0.05 0 0 -0.00281367 -0.00804492 -3.53243e-05
3 -1692.96 -19068.8 17375.8 0 0 0 0 0.05 0 0 -0.00226565 -0.00886494 4.8843e-05
4 -2135.54 -19068.8 16933.2 0 0 0 0 0.05 0 0 -0.00170014 -0.00976237 0.000161442
5 -2563.62 -19068.8 16505.1 0 0 0 0 0.05 0 0 -0.00110025 -0.0107514 0.000297808
6 -2982.17 -19068.8 16086.6 0 0 0 0 0.05 0 0 -0.000483816 -0.0117854 0.00045256
7 -3393.27 -19068.8 15675.5 0 0 0 0 0.05 0 0 0.000169309 -0.0128472 0.000605342
8 -3802.89 -19068.8 15265.9 0 0 0 0 0.05 0 0 0.000845544 -0.0139687 0.000792315
9 -4214.75 -19068.8 14854 0 0 0 0 0.05 0 0 0.00153047 -0.0151337 0.000991378
10 -4629.85 -19068.8 14438.9 0 0 0 0 0.05 0 0 0.00218348 -0.0163637 0.00120248
11 -5048.92 -19068.8 14019.8 0 0 0 0 0.05 0 0 0.00285865 -0.0176229 0.0014154
12 -5469.12 -19068.8 13599.6 0 0 0 0 0.05 0 0 0.00358644 -0.0189602 0.00161517
13 -5887.53 -19068.8 13181.2 0 0 0 0 0.05 0 0 0.00429129 -0.0203257 0.00178279
14 -6306.14 -19068.8 12762.6 0 0 0 0 0.05 0 0 0.0050333 -0.0216885 0.00192408
15 -6723.8 -19068.8 12345 0 0 0 0 0.05 0 0 0.00584015 -0.0231687 0.00211008
16 -7137.48 -19068.8 11931.3 0 0 0 0 0.05 0 0 0.00672535 -0.0247505 0.00232547
17 -7546.58 -19068.8 11522.2 0 0 0 0 0.05 0 0 0.00769118 -0.0263935 0.00248675
18 -7950.7 -19068.8 11118.1 0 0 0 0 0.05 0 0 0.00871904 -0.0281087 0.00265735
19 -8345.52 -19068.8 10723.2 0 0 0 0 0.05 0 0 0.00967855 -0.0297808 0.00289927
20 -8729.63 -19068.8 10339.1 0 0 0 0 0.05 0 0 0.0105224 -0.0314171 0.00312522
21 -9107.68 -19068.8 9961.08 0 0 0 0 0.05 0 0 0.0112792 -0.0330661 0.00332025
22 -9478.92 -19068.8 9589.83 0 0 0 0 0.05 0 0 0.0119821 -0.0346572 0.00346697
23 -9840.1 -19068.8 9228.65 0 0 0 0 0.05 0 0 0.0126687 -0.0362782 0.0036125
24 -10190.6 -19068.8 8878.14 0 0 0 0 0.05 0 0 0.0134394 -0.0379273 0.00379118
25 -10529 -19068.8 8539.72 0 0 0 0 0.05 0 0 0.0142375 -0.0395519 0.00391886
26 -10857.4 -19068.8 8211.39 0 0 0 0 0.05 0 0 0.0150059 -0.041211 0.00404964
27 -11170.1 -19068.8 7898.68 0 0 0 0 0.05 0 0 0.0156701 -0.0429114 0.00411868
28 -11468.3 -19068.8 7600.49 0 0 0 0 0.05 0 0 0.0163008 -0.0445479 0.00429683
29 -11750.1 -19068.8 7318.66 0 0 0 0 0.05 0 0 0.0169101 -0.0461353 0.00449764
30 -12015.8 -19068.8 7052.97 0 0 0 0 0.05 0 0 0.0175362 -0.0477194 0.00460121
31 -12264.8 -19068.8 6803.98 0 0 0 0 0.05 0 0 0.0181003 -0.0493 0.0046773
32 -12497.8 -19068.8 6570.99 0 0 0 0 0.05 0 0 0.0186844 -0.0508862 0.00465074
33 -12718.3 -19068.8 6350.46 0 0 0 0 0.05 0 0 0.0192576 -0.0524571 0.00458737
34 -12927.6 -19068.8 6141.17 0 0 0 0 0.05 0 0 0.0198583 -0.0539822 0.00454858
35 -13125.3 -19068.8 5943.45 0 0 0 0 0.05 0 0 0.0205448 -0.0554804 0.00447017
36 -13311.8 -19068.8 5757 0 0 0 0 0.05 0 0 0.0212947 -0.0569909 0.00441303
37 -13487.8 -19068.8 5581 0 0 0 0 0.05 0 0 0.0220062 -0.0585573 0.00435426
38 -13654.4 -19068.8 5414.4 0 0 0 0 0.05 0 0 0.0227272 -0.0601248 0.00430296
39 -13811.4 -19068.8 5257.37 0 0 0 0 0.05 0 0 0.0234617 -0.0617039 0.00424413
40 -13959.5 -19068.8 5109.23 0 0 0 0 0.05 0 0 0.0242445 -0.0632828 0.00422584
41 -14099 -19068.8 4969.79 0 0 0 0 0.05 0 0 0.0251071 -0.0648318 0.00420124
42 -14230.1 -19068.8 4838.62 0 0 0 0 0.05 0 0 0.0260381 -0.0663142 0.00418912
43 -14353.2 -19068.8 4715.56 0 0 0 0 0.05 0 0 0.0269885 -0.0677498 0.00420193
44 -14469 -19068.8 4599.71 0 0 0 0 0.05 0 0 0.0279698 -0.0691467 0.00424759
45 -14579.5 -19068.8 4489.3 0 0 0 0 0.05 0 0 0.0289469 -0.0705067 0.00429107
46 -14683 -19068.8 4385.79 0 0 0 0 0.05 0 0 0.0299324 -0.0717757 0.00433348
47 -14782.1 -19068.8 4286.65 0 0 0 0 0.05 0 0 0.0309313 -0.0730081 0.00433734
48 -14874.9 -19068.8 4193.9 0 0 0 0 0.05 0 0 0.0319197 -0.0741992 0.00432954
49 -14962.4 -19068.8 4106.34 0 0 0 0 0.05 0 0 0.0329314 -0.0753795 0.00430522
50 -15046.2 -19068.8 4022.58 0 0 0 0 0.05 0 0 0.0339668 -0.0765616 0.00428736
51 -15125.9 -19068.8 3942.85 0 0 0 0 0.05 0 0 0.0350062 -0.0777679 0.00429543
52 -15202.9 -19068.8 3865.82 0 0 0 0 0.05 0 0 0.0360508 -0.0789723 0.00429951
53 -15277.3 -19068.8 3791.44 0 0 0 0 0.05 0 0 0.0370947 -0.0801632 0.00430933
54 -15349 -19068.8 3719.78 0 0 0 0 0.05 0 0 0.038126 -0.0813416 0.00432682
55 -15417.8 -19068.8 3650.96 0 0 0 0 0.05 0 0 0.0391629 -0.0824919 0.00433555
56 -15483.5 -19068.8 3585.29 0 0 0 0 0.05 0 0 0.0402166 -0.0836174 0.00435235
57 -15546.5 -19068.8 3522.28 0 0 0 0 0.05 0 0 0.0412786 -0.0847228 0.00436864
58 -15607.4 -19068.8 3461.37 0 0 0 0 0.05 0 0 0.0423551 -0.0858316 0.00439097
59 -15666.2 -19068.8 3402.56 0 0 0 0 0.05 0 0 0.043434 -0.0869322 0.00443193
60 -15723.2 -19068.8 3345.51 0 0 0 0 0.05 0 0 0.044525 -0.0880248 0.00449225
61 -15778 -19068.8 3290.79 0 0 0 0 0.05 0 0 0.0456266 -0.0891083 0.00456471
62 -15829.8 -19068.8 3238.95 0 0 0 0 0.05 0 0 0.0467327 -0.0901794 0.00465005
63 -15879.9 -19068.8 3188.88 0 0 0 0 0.05 0 0 0.0478374 -0.0912269 0.00473881
64 -15928.1 -19068.8 3140.61 0 0 0 0 0.05 0 0 0.0489405 -0.0922668 0.00485164
65 -15974.4 -19068.8 3094.32 0 0 0 0 0.05 0 0 0.0500517 -0.0932944 0.00499284
66 -16018.7 -19068.8 3050.07 0 0 0 0 0.05 0 0 0.0511737 -0.0943099 0.00515642
67 -16061.6 -19068.8 3007.12 0 0 0 0 0.05 0 0 0.0522938 -0.0953167 0.00533319
68 -16103.5 -19068.8 2965.3 0 0 0 0 0.05 0 0 0.0534151 -0.0963166 0.00552146
69 -16144.3 -19068.8 2924.48 0 0 0 0 0.05 0 0 0.0545383 -0.0973119 0.00572127
70 -16184.2 -19068.8 2884.6 0 0 0 0 0.05 0 0 0.055665 -0.0983029 0.00592984
71 -16223.1 -19068.8 2845.66 0 0 0 0 0.05 0 0 0.0567913 -0.099291 0.00614167
72 -16261.2 -19068.8 2807.59 0 0 0 0 0.05 0 0 0.0579227 -0.100275 0.00636587
73 -16298.4 -19068.8 2770.31 0 0 0 0 0.05 0 0 0.0590563 -0.101255 0.00659729
74 -16334.8 -19068.8 2733.99 0 0 0 0 0.05 0 0 0.0601941 -0.102225 0.00684128
75 -16370.3 -19068.8 2698.43 0 0 0 0 0.05 0 0 0.0613339 -0.103193 0.00709294
76 -16405 -19068.8 2663.71 0 0 0 0 0.05 0 0 0.0624779 -0.104162 0.00734917
77 -16438.9 -19068.8 2629.86 0 0 0 0 0.05 0 0 0.0636208 -0.105129 0.00762078
78 -16472.1 -19068.8 2596.65 0 0 0 0 0.05 0 0 0.064764 -0.106094 0.00789878
79 -16504.8 -19068.8 2563.97 0 0 0 0 0.05 0 0 0.0659083 -0.107058 0.00818179
80 -16536.8 -19068.8 2531.93 0 0 0 0 0.05 0 0 0.0670527 -0.108021 0.00846976
81 -16567.8 -19068.8 2500.97 0 0 0 0 0.05 0 0 0.0681993 -0.108983 0.00877134
82 -16598 -19068.8 2470.79 0 0 0 0 0.05 0 0 0.0693386 -0.109944 0.00907875
83 -16627.5 -19068.8 2441.26 0 0 0 0 0.05 0 0 0.070477 -0.110904 0.00939143
84 -16656.4 -19068.8 2412.39 0 0 0 0 0.05 0 0 0.0716168 -0.111864 0.00971221
85 -16684.6 -19068.8 2384.16 0 0 0 0 0.05 0 0 0.0727589 -0.112825 0.0100325
86 -16712.2 -19068.8 2356.57 0 0 0 0 0.05 0 0 0.0739027 -0.113793 0.0103539
87 -16739.2 -19068.8 2329.59 0 0 0 0 0.05 0 0 0.0750473 -0.114763 0.0106765
88 -16765.6 -19068.8 2303.11 0 0 0 0 0.05 0 0 0.0761921 -0.115734 0.011
89 -16791.6 -19068.8 2277.17 0 0 0 0 0.05 0 0 0.0773371 -0.116705 0.0113239
90 -16816.8 -19068.8 2251.92 0 0 0 0 0.05 0 0 0.0784807 -0.117667 0.0116556
91 -16841.4 -19068.8 2227.36 0 0 0 0 0.05 0 0 0.079624 -0.118624 0.0119936
92 -16865.5 -19068.8 2203.25 0 0 0 0 0.05 0 0 0.080768 -0.119579 0.0123315
93 -16889 -19068.8 2179.77 0 0 0 0 0.05 0 0 0.0819148 -0.120531 0.0126728
94 -16912 -19068.8 2156.77 0 0 0 0 0.05 0 0 0.0830645 -0.12148 0.013017
95 -16934.5 -19068.8 2134.24 0 0 0 0 0.05 0 0 0.0842156 -0.122427 0.0133599
96 -16956.6 -19068.8 2112.19 0 0 0 0 0.05 0 0 0.0853682 -0.123372 0.0137012
97 -16978.2 -19068.8 2090.52 0 0 0 0 0.05 0 0 0.0865223 -0.124314 0.0140406
98 -16999.5 -19068.8 2069.28 0 0 0 0 0.05 0 0 0.0876782 -0.125253 0.0143777
99 -17020.3 -19068.8 2048.44 0 0 0 0 0.05 0 0 0.0888359 -0.126188 0.0147123
100 -17040.8 -19068.8 2027.99 0 0 0 0 0.05 0 0 0.0899956 -0.12712 0.0150442
101 -17060.8 -19068.8 2007.91 0 0 0 0 0.05 0 0 0.0911573 -0.128049 0.0153732
102 -17080.6 -19068.8 1988.16 0 0 0 0 0.05 0 0 0.0923216 -0.128974 0.0156997
103 -17100 -19068.8 1968.8 0 0 0 0 0.05 0 0 0.093489 -0.129893 0.0160241
104 -17118.9 -19068.8 1949.82 0 0 0 0 0.05 0 0 0.0946586 -0.130808 0.0163456
105 -17137.4 -19068.8 1931.32 0 0 0 0 0.05 0 0 0.0958258 -0.131708 0.0166618
106 -17155.6 -19068.8 1913.18 0 0 0 0 0.05 0 0 0.0969956 -0.132602 0.0169753
107 -17173.4 -19068.8 1895.38 0 0 0 0 0.05 0 0 0.098168 -0.133491 0.017286
108 -17190.7 -19068.8 1878.05 0 0 0 0 0.05 0 0 0.0993458 -0.134371 0.017587
109 -17207.7 -19068.8 1861.07 0 0 0 0 0.05 0 0 0.100528 -0.135243 0.0178823
110 -17224.3 -19068.8 1844.42 0 0 0 0 0.05 0 0 0.101713 -0.136109 0.0181745
111 -17240.7 -19068.8 1828.04 0 0 0 0 0.05 0 0 0.102902 -0.136969 0.0184636
112 -17256.8 -19068.8 1812 0 0 0 0 0.05 0 0 0.104094 -0.137822 0.0187498
113 -17272.6 -19068.8 1796.18 0 0 0 0 0.05 0 0 0.10529 -0.138669 0.0190333
114 -17288 -19068.8 1780.78 0 0 0 0 0.05 0 0 0.106493 -0.139513 0.0193105
115 -17303.1 -19068.8 1765.65 0 0 0 0 0.05 0 0 0.107701 -0.140352 0.0195846
116 -17317.9 -19068.8 1750.81 0 0 0 0 0.05 0 0 0.108912 -0.141185 0.0198559
117 -17332.6 -19068.8 1736.2 0 0 0 0 0.05 0 0 0.110128 -0.142011 0.0201248
118 -17346.9 -19068.8 1721.87 0 0 0 0 0.05 0 0 0.111348 -0.142831 0.0203913
119 -17361 -19068.8 1707.74 0 0 0 0 0.05 0 0 0.112572 -0.143645 0.0206557
120 -17374.9 -19068.8 1693.9 0 0 0 0 0.05 0 0 0.113801 -0.144453 0.0209182
121 -17388.5 -19068.8 1680.24 0 0 0 0 0.05 0 0 0.115034 -0.145255 0.021179
122 -17401.9 -19068.8 1666.87 0 0 0 0 0.05 0 0 0.116271 -0.14605 0.0214383
123 -17415.1 -19068.8 1653.63 0 0 0 0 0.05 0 0 0.117512 -0.146839 0.0216962
124 -17428.1 -19068.8 1640.66 0 0 0 0 0.05 0 0 0.118757 -0.147621 0.0219531
125 -17440.9 -19068.8 1627.89 0 0 0 0 0.05 0 0 0.120007 -0.148396 0.022209
126 -17453.4 -19068.8 1615.32 0 0 0 0 0.05 0 0 0.121261 -0.149165 0.0224642
127 -17465.8 -19068.8 1602.91 0 0 0 0 0.05 0 0 0.122519 -0.149928 0.0227188
128 -17478 -19068.8 1590.71 0 0 0 0 0.05 0 0 0.123781 -0.150683 0.022973
129 -17490.1 -19068.8 1578.69 0 0 0 0 0.05 0 0 0.125048 -0.151432 0.0232268
130 -17501.9 -19068.8 1566.85 0 0 0 0 0.05 0 0 0.126318 -0.152173 0.0234805
131 -17513.5 -19068.8 1555.21 0 0 0 0 0.05 0 0 0.127593 -0.152908 0.0237342
132 -17525.1 -19068.8 1543.69 0 0 0 0 0.05 0 0 0.128871 -0.153635 0.0239879
133 -17536.4 -19068.8 1532.38 0 0 0 0 0.05 0 0 0.130154 -0.154356 0.0242418
134 -17547.5 -19068.8 1521.21 0 0 0 0 0.05 0 0 0.131441 -0.155069 0.0244959
135 -17558.6 -19068.8 1510.15 0 0 0 0 0.05 0 0 0.132731 -0.155774 0.0247503
136 -17569.4 -19068.8 1499.33 0 0 0 0 0.05 0 0 0.134025 -0.156473 0.0250051
137 -17580.1 -19068.8 1488.64 0 0 0 0 0.05 0 0 0.135323 -0.157164 0.0252603
138 -17590.6 -19068.8 1478.12 0 0 0 0 0.05 0 0 0.136625 -0.157847 0.025516
139 -17601.1 -19068.8 1467.69 0 0 0 0 0.05 0 0 0.13793 -0.158523 0.025772
140 -17611.3 -19068.8 1457.48 0 0 0 0 0.05 0 0 0.139238 -0.159191 0.0260285
141 -17621.4 -19068.8 1447.34 0 0 0 0 0.05 0 0 0.140549 -0.159852 0.0262854
142 -17631.4 -19068.8 1437.4 0 0 0 0 0.05 0 0 0.141863 -0.160505 0.0265428
143 -17641.2 -19068.8 1427.6 0 0 0 0 0.05 0 0 0.14318 -0.161151 0.0268006
144 -17650.8 -19068.8 1417.93 0 0 0 0 0.05 0 0 0.144501 -0.161788 0.0270588
145 -17660.4 -19068.8 1408.33 0 0 0 0 0.05 0 0 0.145825 -0.162419 0.0273174
146 -17669.8 -19068.8 1398.99 0 0 0 0 0.05 0 0 0.147151 -0.163041 0.0275762
147 -17679.1 -19068.8 1389.68 0 0 0 0 0.05 0 0 0.148481 -0.163656 0.0278353
148 -17688.2 -19068.8 1380.54 0 0 0 0 0.05 0 0 0.149813 -0.164263 0.0280946
149 -17697.2 -19068.8 1371.51 0 0 0 0 0.05 0 0 0.151149 -0.164862 0.0283541
150 -17706.1 -19068.8 1362.64 0 0 0 0 0.05 0 0 0.152486 -0.16545 0.0286136
151 -17714.8 -19068.8 1353.95 0 0 0 0 0.05 0 0 0.153826 -0.166029 0.0288731
152 -17723.4 -19068.8 1345.36 0 0 0 0 0.05 0 0 0.155168 -0.1666 0.0291325
153 -17731.9 -19068.8 1336.88 0 0 0 0 0.05 0 0 0.156512 -0.167163 0.0293917
154 -17740.2 -19068.8 1328.55 0 0 0 0 0.05 0 0 0.157859 -0.167717 0.0296507
155 -17748.4 -19068.8 1320.37 0 0 0 0 0.05 0 0 0.159209 -0.168263 0.0299094
156 -17756.5 -19068.8 1312.29 0 0 0 0 0.05 0 0 0.16056 -0.168801 0.0301677
157 -17764.5 -19068.8 1304.28 0 0 0 0 0.05 0 0 0.161914 -0.169331 0.0304256
158 -17772.3 -19068.8 1296.47 0 0 0 0 0.05 0 0 0.16327 -0.169853 0.0306829
159 -17780 -19068.8 1288.75 0 0 0 0 0.05 0 0 0.164628 -0.170367 0.0309396
160 -17787.6 -19068.8 1281.11 0 0 0 0 0.05 0 0 0.165988 -0.170873 0.0311956
161 -17795.1 -19068.8 1273.62 0 0 0 0 0.05 0 0 0.16735 -0.171371 0.031451
162 -17802.5 -19068.8 1266.24 0 0 0 0 0.05 0 0 0.168714 -0.171861 0.0317055
163 -17809.8 -19068.8 1258.98 0 0 0 0 0.05 0 0 0.170079 -0.172344 0.0319592
164 -17816.9 -19068.8 1251.82 0 0 0 0 0.05 0 0 0.171447 -0.172819 0.0322121
165 -17823.9 -19068.8 1244.81 0 0 0 0 0.05 0 0 0.172816 -0.173287 0.0324641
166 -17830.9 -19068.8 1237.89 0 0 0 0 0.05 0 0 0.174187 -0.173747 0.0327152
167 -17837.7 -19068.8 1231.05 0 0 0 0 0.05 0 0 0.175559 -0.174201 0.0329653
168 -17844.4 -19068.8 1224.36 0 0 0 0 0.05 0 0 0.176933 -0.174647 0.0332145
169 -17851 -19068.8 1217.73 0 0 0 0 0.05 0 0 0.178308 -0.175086 0.0334627
170 -17857.5 -19068.8 1211.21 0 0 0 0 0.05 0 0 0.179685 -0.175518 0.03371
171 -17864 -19068.8 1204.8 0 0 0 0 0.05 0 0 0.181064 -0.175944 0.0339563
172 -17870.2 -19068.8 1198.51 0 0 0 0 0.05 0 0 0.182443 -0.176363 0.0342017
173 -17876.4 -19068.8 1192.31 0 0 0 0 0.05 0 0 0.183824 -0.176775 0.0344461
174 -17882.5 -19068.8 1186.22 0 0 0 0 0.05 0 0 0.185207 -0.177182 0.0346896
175 -17888.6 -19068.8 1180.19 0 0 0 0 0.05 0 0 0.18659 -0.177582 0.0349322
176 -17894.5 -19068.8 1174.27 0 0 0 0 0.05 0 0 0.187975 -0.177976 0.0351739
177 -17900.3 -19068.8 1168.42 0 0 0 0 0.05 0 0 0.189361 -0.178364 0.0354148
178 -17906.1 -19068.8 1162.65 0 0 0 0 0.05 0 0 0.190748 -0.178746 0.0356547
179 -17911.8 -19068.8 1157 0 0 0 0 0.05 0 0 0.192136 -0.179123 0.0358939
180 -17917.3 -19068.8 1151.42 0 0 0 0 0.05 0 0 0.193525 -0.179493 0.0361323
181 -17922.8 -19068.8 1145.92 0 0 0 0 0.05 0 0 0.194916 -0.179859 0.0363699
182 -17928.3 -19068.8 1140.5 0 0 0 0 0.05 0 0 0.196307 -0.180219 0.0366067
183 -17933.6 -19068.8 1135.15 0 0 0 0 0.05 0 0 0.1977 -0.180573 0.0368429
184 -17938.9 -19068.8 1129.88 0 0 0 0 0.05 0 0 0.199093 -0.180923 0.0370783
185 -17944.1 -19068.8 1124.7 0 0 0 0 0.05 0 0 0.200488 -0.181267 0.0373132
186 -17949.2 -19068.8 1119.57 0 0 0 0 0.05 0 0 0.201884 -0.181607 0.0375473
187 -17954.2 -19068.8 1114.53 0 0 0 0 0.05 0 0 0.203281 -0.181941 0.0377809
188 -17959.2 -19068.8 1109.52 0 0 0 0 0.05 0 0 0.204679 -0.18227 0.0380139
189 -17964.2 -19068.8 1104.58 0 0 0 0 0.05 0 0 0.206077 -0.182595 0.0382464
190 -17969 -19068.8 1099.76 0 0 0 0 0.05 0 0 0.207477 -0.182915 0.0384783
191 -17973.8 -19068.8 1094.91 0 0 0 0 0.05 0 0 0.208878 -0.18323 0.0387097
192 -17978.6 -19068.8 1090.14 0 0 0 0 0.05 0 0 0.21028 -0.183541 0.0389407
193 -17983.3 -19068.8 1085.48 0 0 0 0 0.05 0 0 0.211684 -0.183848 0.0391712
194 -17987.9 -19068.8 1080.82 0 0 0 0 0.05 0 0 0.213088 -0.184149 0.0394012
195 -17992.5 -19068.8 1076.26 0 0 0 0 0.05 0 0 0.214493 -0.184447 0.0396309
196 -17997 -19068.8 1071.73 0 0 0 0 0.05 0 0 0.215899 -0.18474 0.0398601
197 -18001.5 -19068.8 1067.26 0 0 0 0 0.05 0 0 0.217306 -0.185029 0.0400889
198 -18005.9 -19068.8 1062.82 0 0 0 0 0.05 0 0 0.218715 -0.185314 0.0403174
199 -18010.3 -19068.8 1058.42 0 0 0 0 0.05 0 0 0.220124 -0.185595 0.0405455
200 -18014.7 -19068.8 1054.08 0 0 0 0 0.05 0 0 0.221535 -0.185871 0.0407733
201 -18018.9 -19068.8 1049.83 0 0 0 0 0.05 0 0 0.222946 -0.186144 0.0410007
202 -18023.2 -19068.8 1045.52 0 0 0 0 0.05 0 0 0.224358 -0.186412 0.0412278
203 -18027.4 -19068.8 1041.33 0 0 0 0 0.05 0 0 0.225772 -0.186677 0.0414546
204 -18031.6 -19068.8 1037.18 0 0 0 0 0.05 0 0 0.227187 -0.186938 0.0416811
205 -18035.7 -19068.8 1033.03 0 0 0 0 0.05 0 0 0.228602 -0.187195 0.0419073
206 -18039.8 -19068.8 1028.94 0 0 0 0 0.05 0 0 0.230019 -0.187448 0.0421331
207 -18043.9 -19068.8 1024.88 0 0 0 0 0.05 0 0 0.231436 -0.187697 0.0423587
208 -18047.9 -19068.8 1020.88 0 0 0 0 0.05 0 0 0.232855 -0.187943 0.042584
209 -18051.8 -19068.8 1016.9 0 0 0 0 0.05 0 0 0.234275 -0.188185 0.0428091
210 -18055.8 -19068.8 1012.97 0 0 0 0 0.05 0 0 0.235695 -0.188424 0.0430338
211 -18059.7 -19068.8 1009.03 0 0 0 0 0.05 0 0 0.237117 -0.188658 0.0432583
212 -18063.6 -19068.8 1005.17 0 0 0 0 0.05 0 0 0.23854 -0.18889 0.0434825
213 -18067.4 -19068.8 1001.32 0 0 0 0 0.05 0 0 0.239963 -0.189118 0.0437065
214 -18071.3 -19068.8 997.479 0 0 0 0 0.05 0 0 0.241388 -0.189342 0.0439302
215 -18075 -19068.8 993.732 0 0 0 0 0.05 0 0 0.242814 -0.189564 0.0441536
216 -18078.8 -19068.8 989.938 0 0 0 0 0.05 0 0 0.24424 -0.189781 0.0443768
217 -18082.6 -19068.8 986.188 0 0 0 0 0.05 0 0 0.245668 -0.189996 0.0445997
218 -18086.2 -19068.8 982.523 0 0 0 0 0.05 0 0 0.247096 -0.190207 0.0448223
219 -18089.9 -19068.8 978.811 0 0 0 0 0.05 0 0 0.248526 -0.190415 0.0450447
220 -18093.6 -19068.8 975.164 0 0 0 0 0.05 0 0 0.249956 -0.19062 0.0452669
221 -18097.2 -19068.8 971.545 0 0 0 0 0.05 0 0 0.251388 -0.190821 0.0454888
222 -18100.8 -19068.8 967.957 0 0 0 0 0.05 0 0 0.25282 -0.19102 0.0457105
223 -18104.4 -19068.8 964.334 0 0 0 0 0.05 0 0 0.254253 -0.191215 0.0459319
224 -18108 -19068.8 960.742 0 0 0 0 0.05 0 0 0.255687 -0.191407 0.0461531
225 -18111.5 -19068.8 957.275 0 0 0 0 0.05 0 0 0.257122 -0.191596 0.046374
226 -18115 -19068.8 953.736 0 0 0 0 0.05 0 0 0.258558 -0.191783 0.0465947
227 -18118.5 -19068.8 950.238 0 0 0 0 0.05 0 0 0.259995 -0.191966 0.0468152
228 -18122 -19068.8 946.729 0 0 0 0 0.05 0 0 0.261433 -0.192146 0.0470354
229 -18125.5 -19068.8 943.289 0 0 0 0 0.05 0 0 0.262872 -0.192324 0.0472555
230 -18128.9 -19068.8 939.814 0 0 0 0 0.05 0 0 0.264311 -0.192498 0.0474752
231 -18132.4 -19068.8 936.4 0 0 0 0 0.05 0 0 0.265752 -0.19267 0.0476948
232 -18135.8 -19068.8 932.932 0 0 0 0 0.05 0 0 0.267193 -0.192839 0.0479141
233 -18139.2 -19068.8 929.572 0 0 0 0 0.05 0 0 0.268636 -0.193005 0.0481332
234 -18142.6 -19068.8 926.197 0 0 0 0 0.05 0 0 0.270079 -0.193168 0.0483521
235 -18146 -19068.8 922.795 0 0 0 0 0.05 0 0 0.271523 -0.193328 0.0485708
236 -18149.3 -19068.8 919.473 0 0 0 0 0.05 0 0 0.272968 -0.193486 0.0487893
237 -18152.6 -19068.8 916.125 0 0 0 0 0.05 0 0 0.274414 -0.193641 0.0490075
238 -18156 -19068.8 912.803 0 0 0 0 0.05 0 0 0.27586 -0.193793 0.0492255
239 -18159.3 -19068.8 909.459 0 0 0 0 0.05 0 0 0.277308 -0.193943 0.0494434
240 -18162.6 -19068.8 906.176 0 0 0 0 0.05 0 0 0.278757 -0.19409 0.049661
241 -18165.9 -19068.8 902.877 0 0 0 0 0.05 0 0 0.280206 -0.194234 0.0498784
242 -18169.2 -19068.8 899.568 0 0 0 0 0.05 0 0 0.281657 -0.194376 0.0500956
243 -18172.5 -19068.8 896.299 0 0 0 0 0.05 0 0 0.283108 -0.194515 0.0503125
244 -18175.7 -19068.8 893.02 0 0 0 0 0.05 0 0 0.28456 -0.194651 0.0505293
245 -18179 -19068.8 889.764 0 0 0 0 0.05 0 0 0.286013 -0.194785 0.0507459
246 -18182.1 -19068.8 886.662 0 0 0 0 0.05 0 0 0.28746 -0.194911 0.050955
247 -18185.1 -19068.8 883.701 0 0 0 0 0.05 0 0 0.288907 -0.195035 0.0511632
248 -18188 -19068.8 880.721 0 0 0 0 0.05 0 0 0.290354 -0.195155 0.0513707
249 -18191 -19068.8 877.746 0 0 0 0 0.05 0 0 0.291801 -0.195272 0.0515776
250 -18193.9 -19068.8 874.812 0 0 0 0 0.05 0 0 0.293249 -0.195387 0.0517837
251 -18196.8 -19068.8 871.908 0 0 0 0 0.05 0 0 0.294697 -0.195499 0.0519893
252 -18199.8 -19068.8 868.996 0 0 0 0 0.05 0 0 0.296145 -0.195608 0.0521941
253 -18202.7 -19068.8 866.098 0 0 0 0 0.05 0 0 0.297594 -0.195714 0.0523984
254 -18205.5 -19068.8 863.266 0 0 0 0 0.05 0 0 0.299042 -0.195817 0.052602
255 -18208.3 -19068.8 860.408 0 0 0 0 0.05 0 0 0.300491 -0.195917 0.0528049
256 -18211.2 -19068.8 857.596 0 0 0 0 0.05 0 0 0.301941 -0.196015 0.0530073
257 -18214 -19068.8 854.754 0 0 0 0 0.05 0 0 0.30339 -0.19611 0.0532091
258 -18216.8 -19068.8 851.953 0 0 0 0 0.05 0 0 0.30484 -0.196202 0.0534103
259 -18219.6 -19068.8 849.141 0 0 0 0 0.05 0 0 0.30629 -0.196291 0.0536109
260 -18222.4 -19068.8 846.357 0 0 0 0 0.05 0 0 0.307741 -0.196378 0.0538109
261 -18225.2 -19068.8 843.584 0 0 0 0 0.05 0 0 0.309192 -0.196461 0.0540104
262 -18227.9 -19068.8 840.865 0 0 0 0 0.05 0 0 0.310644 -0.196542 0.0542093
263 -18230.6 -19068.8 838.129 0 0 0 0 0.05 0 0 0.312096 -0.196621 0.0544077
264 -18233.4 -19068.8 835.389 0 0 0 0 0.05 0 0 0.313548 -0.196696 0.0546056
265 -18236.1 -19068.8 832.672 0 0 0 0 0.05 0 0 0.315001 -0.196769 0.0548029
266 -18238.8 -19068.8 829.936 0 0 0 0 0.05 0 0 0.316455 -0.196839 0.0549998
267 -18241.5 -19068.8 827.232 0 0 0 0 0.05 0 0 0.317909 -0.196907 0.0551962
268 -18244.2 -19068.8 824.559 0 0 0 0 0.05 0 0 0.319363 -0.196972 0.0553921
269 -18246.9 -19068.8 821.861 0 0 0 0 0.05 0 0 0.320819 -0.197034 0.0555876
270 -18249.6 -19068.8 819.162 0 0 0 0 0.05 0 0 0.322275 -0.197093 0.0557827
271 -18252.3 -19068.8 816.471 0 0 0 0 0.05 0 0 0.323731 -0.19715 0.0559775
272 -18254.9 -19068.8 813.822 0 0 0 0 0.05 0 0 0.325189 -0.197204 0.0561719
273 -18257.6 -19068.8 811.172 0 0 0 0 0.05 0 0 0.326647 -0.197255 0.0563661
274 -18260.3 -19068.8 808.473 0 0 0 0 0.05 0 0 0.328106 -0.197303 0.0565599
275 -18262.9 -19068.8 805.82 0 0 0 0 0.05 0 0 0.329566 -0.197348 0.0567535
276 -18265.6 -19068.8 803.129 0 0 0 0 0.05 0 0 0.331026 -0.197391 0.0569468
277 -18268.3 -19068.8 800.469 0 0 0 0 0.05 0 0 0.332488 -0.197431 0.0571399
278 -18271 -19068.8 797.799 0 0 0 0 0.05 0 0 0.333951 -0.197468 0.0573327
279 -18273.6 -19068.8 795.152 0 0 0 0 0.05 0 0 0.335414 -0.197503 0.0575254
280 -18276.3 -19068.8 792.473 0 0 0 0 0.05 0 0 0.336879 -0.197534 0.0577178
281 -18278.9 -19068.8 789.848 0 0 0 0 0.05 0 0 0.338344 -0.197563 0.05791
282 -18281.6 -19068.8 787.131 0 0 0 0 0.05 0 0 0.339811 -0.197589 0.058102
283 -18284.3 -19068.8 784.455 0 0 0 0 0.05 0 0 0.341278 -0.197612 0.0582939
284 -18287 -19068.8 781.762 0 0 0 0 0.05 0 0 0.342747 -0.197633 0.0584855
285 -18289.7 -19068.8 779.076 0 0 0 0 0.05 0 0 0.344217 -0.197651 0.058677
286 -18292.4 -19068.8 776.369 0 0 0 0 0.05 0 0 0.345687 -0.197666 0.0588684
287 -18295.1 -19068.8 773.678 0 0 0 0 0.05 0 0 0.347159 -0.197679 0.0590595
288 -18297.8 -19068.8 770.949 0 0 0 0 0.05 0 0 0.348631 -0.197688 0.0592504
289 -18300.5 -19068.8 768.24 0 0 0 0 0.05 0 0 0.350105 -0.197695 0.0594412
290 -18303.2 -19068.8 765.529 0 0 0 0 0.05 0 0 0.351579 -0.1977 0.0596318
291 -18306 -19068.8 762.771 0 0 0 0 0.05 0 0 0.353055 -0.197701 0.0598221
292 -18308.7 -19068.8 760.057 0 0 0 0 0.05 0 0 0.354531 -0.1977 0.0600122
293 -18311.4 -19068.8 757.307 0 0 0 0 0.05 0 0 0.356008 -0.197697 0.060202
294 -18314.2 -19068.8 754.574 0 0 0 0 0.05 0 0 0.357485 -0.19769 0.0603916
295 -18317 -19068.8 751.773 0 0 0 0 0.05 0 0 0.358964 -0.197681 0.0605808
296 -18319.7 -19068.8 749.031 0 0 0 0 0.05 0 0 0.360442 -0.19767 0.0607697
297 -18322.5 -19068.8 746.277 0 0 0 0 0.05 0 0 0.361922 -0.197656 0.0609583
298 -18325.2 -19068.8 743.504 0 0 0 0 0.05 0 0 0.363401 -0.197639 0.0611464
299 -18328 -19068.8 740.715 0 0 0 0 0.05 0 0 0.364881 -0.19762 0.0613341
300 -18330.8 -19068.8 737.926 0 0 0 0 0.05 0 0 0.366361 -0.197598 0.0615214
301 -18333.6 -19068.8 735.148 0 0 0 0 0.05 0 0 0.367841 -0.197573 0.0617082
302 -18336.4 -19068.8 732.385 0 0 0 0 0.05 0 0 0.369321 -0.197547 0.0618944
303 -18339.1 -19068.8 729.641 0 0 0 0 0.05 0 0 0.3708 -0.197517 0.06208
304 -18342 -19068.8 726.795 0 0 0 0 0.05 0 0 0.37228 -0.197485 0.0622651
305 -18344.7 -19068.8 724.041 0 0 0 0 0.05 0 0 0.373759 -0.197451 0.0624495
306 -18347.4 -19068.8 721.309 0 0 0 0 0.05 0 0 0.375237 -0.197414 0.0626333
307 -18350.2 -19068.8 718.508 0 0 0 0 0.05 0 0 0.376715 -0.197375 0.0628163
308 -18353 -19068.8 715.75 0 0 0 0 0.05 0 0 0.378192 -0.197333 0.0629987
309 -18355.7 -19068.8 713.006 0 0 0 0 0.05 0 0 0.379668 -0.197288 0.0631802
310 -18358.5 -19068.8 710.287 0 0 0 0 0.05 0 0 0.381144 -0.197242 0.063361
311 -18361.3 -19068.8 707.494 0 0 0 0 0.05 0 0 0.382618 -0.197192 0.0635411
312 -18364 -19068.8 704.76 0 0 0 0 0.05 0 0 0.384091 -0.197141 0.0637203
313 -18366.7 -19068.8 702.037 0 0 0 0 0.05 0 0 0.385563 -0.197086 0.0638986
314 -18369.4 -19068.8 699.342 0 0 0 0 0.05 0 0 0.387034 -0.19703 0.0640762
315 -18372.2 -19068.8 696.602 0 0 0 0 0.05 0 0 0.388504 -0.19697 0.0642529
316 -18374.8 -19068.8 693.93 0 0 0 0 0.05 0 0 0.389972 -0.196909 0.0644287
317 -18377.5 -19068.8 691.232 0 0 0 0 0.05 0 0 0.391439 -0.196845 0.0646036
318 -18380.2 -19068.8 688.531 0 0 0 0 0.05 0 0 0.392904 -0.196778 0.0647777
319 -18382.9 -19068.8 685.857 0 0 0 0 0.05 0 0 0.394368 -0.196709 0.0649509
320 -18385.6 -19068.8 683.195 0 0 0 0 0.05 0 0 0.39583 -0.196637 0.0651232
321 -18388.3 -19068.8 680.48 0 0 0 0 0.05 0 0 0.397291 -0.196563 0.0652947
322 -18390.9 -19068.8 677.85 0 0 0 0 0.05 0 0 0.39875 -0.196486 0.0654652
323 -18393.6 -19068.8 675.129 0 0 0 0 0.05 0 0 0.400207 -0.196406 0.0656349
324 -18396.2 -19068.8 672.51 0 0 0 0 0.05 0 0 0.401663 -0.196324 0.0658037
325 -18398.9 -19068.8 669.834 0 0 0 0 0.05 0 0 0.403117 -0.196239 0.0659716
326 -18401.6 -19068.8 667.17 0 0 0 0 0.05 0 0 0.404569 -0.196152 0.0661386
327 -18404.3 -19068.8 664.49 0 0 0 0 0.05 0 0 0.406019 -0.196062 0.0663048
328 -18406.9 -19068.8 661.836 0 0 0 0 0.05 0 0 0.407467 -0.19597 0.0664701
329 -18409.6 -19068.8 659.172 0 0 0 0 0.05 0 0 0.408914 -0.195874 0.0666345
330 -18412.3 -19068.8 656.49 0 0 0 0 0.05 0 0 0.410358 -0.195776 0.0667979
331 -18414.9 -19068.8 653.848 0 0 0 0 0.05 0 0 0.411801 -0.195676 0.0669605
332 -18417.6 -19068.8 651.15 0 0 0 0 0.05 0 0 0.413242 -0.195573 0.0671221
333 -18420.3 -19068.8 648.482 0 0 0 0 0.05 0 0 0.414681 -0.195467 0.0672828
334 -18423 -19068.8 645.787 0 0 0 0 0.05 0 0 0.416118 -0.195359 0.0674426
335 -18425.7 -19068.8 643.084 0 0 0 0 0.05 0 0 0.417552 -0.195249 0.0676014
336 -18428.4 -19068.8 640.395 0 0 0 0 0.05 0 0 0.418985 -0.195135 0.0677593
337 -18431.1 -19068.8 637.674 0 0 0 0 0.05 0 0 0.420416 -0.19502 0.0679162
338 -18433.8 -19068.8 634.957 0 0 0 0 0.05 0 0 0.421845 -0.194901 0.068072
339 -18436.6 -19068.8 632.203 0 0 0 0 0.05 0 0 0.423272 -0.19478 0.0682269
340 -18439.3 -19068.8 629.461 0 0 0 0 0.05 0 0 0.424696 -0.194657 0.0683807
341 -18442.1 -19068.8 626.699 0 0 0 0 0.05 0 0 0.426118 -0.194531 0.0685334
342 -18444.8 -19068.8 623.939 0 0 0 0 0.05 0 0 0.427538 -0.194403 0.0686851
343 -18447.6 -19068.8 621.143 0 0 0 0 0.05 0 0 0.428956 -0.194273 0.0688356
344 -18450.4 -19068.8 618.369 0 0 0 0 0.05 0 0 0.430372 -0.19414 0.068985
345 -18453.2 -19068.8 615.504 0 0 0 0 0.05 0 0 0.431785 -0.194005 0.0691332
346 -18456.1 -19068.8 612.695 0 0 0 0 0.05 0 0 0.433196 -0.193868 0.0692801
347 -18458.9 -19068.8 609.879 0 0 0 0 0.05 0 0 0.434605 -0.193729 0.0694258
348 -18461.7 -19068.8 607.016 0 0 0 0 0.05 0 0 0.436012 -0.193587 0.0695703
349 -18464.6 -19068.8 604.164 0 0 0 0 0.05 0 0 0.437417 -0.193444 0.0697134
350 -18467.3 -19068.8 601.471 0 0 0 0 0.05 0 0 0.438824 -0.193307 0.069853
351 -18469.9 -19068.8 598.842 0 0 0 0 0.05 0 0 0.440232 -0.193171 0.0699903
352 -18472.5 -19068.8 596.248 0 0 0 0 0.05 0 0 0.441637 -0.193035 0.0701258
353 -18475 -19068.8 593.707 0 0 0 0 0.05 0 0 0.443041 -0.192898 0.0702595
354 -18477.6 -19068.8 591.139 0 0 0 0 0.05 0 0 0.444444 -0.192761 0.0703912
355 -18480.2 -19068.8 588.547 0 0 0 0 0.05 0 0 0.445845 -0.192624 0.0705211
356 -18482.7 -19068.8 586.018 0 0 0 0 0.05 0 0 0.447245 -0.192486 0.0706491
357 -18485.2 -19068.8 583.506 0 0 0 0 0.05 0 0 0.448643 -0.192348 0.0707752
358 -18487.8 -19068.8 580.986 0 0 0 0 0.05 0 0 0.45004 -0.19221 0.0708994
359 -18490.3 -19068.8 578.486 0 0 0 0 0.05 0 0 0.451435 -0.192071 0.0710217
360 -18492.7 -19068.8 576.018 0 0 0 0 0.05 0 0 0.45283 -0.191933 0.0711421
361 -18495.3 -19068.8 573.494 0 0 0 0 0.05 0 0 0.454223 -0.191794 0.0712606
362 -18497.7 -19068.8 571.01 0 0 0 0 0.05 0 0 0.455615 -0.191656 0.0713771
363 -18500.2 -19068.8 568.545 0 0 0 0 0.05 0 0 0.457006 -0.191518 0.0714918
364 -18502.7 -19068.8 566.066 0 0 0 0 0.05 0 0 0.458396 -0.191379 0.0716046
365 -18505.1 -19068.8 563.607 0 0 0 0 0.05 0 0 0.459785 -0.191241 0.0717154
366 -18507.6 -19068.8 561.129 0 0 0 0 0.05 0 0 0.461173 -0.191103 0.0718244
367 -18510.1 -19068.8 558.645 0 0 0 0 0.05 0 0 0.46256 -0.190965 0.0719314
368 -18512.6 -19068.8 556.191 0 0 0 0 0.05 0 0 0.463947 -0.190827 0.0720365
369 -18515 -19068.8 553.709 0 0 0 0 0.05 0 0 0.465333 -0.19069 0.0721398
370 -18517.5 -19068.8 551.252 0 0 0 0 0.05 0 0 0.466718 -0.190552 0.0722412
371 -18520 -19068.8 548.752 0 0 0 0 0.05 0 0 0.468103 -0.190415 0.0723406
372 -18522.5 -19068.8 546.254 0 0 0 0 0.05 0 0 0.469487 -0.190279 0.0724382
373 -18525 -19068.8 543.707 0 0 0 0 0.05 0 0 0.47087 -0.190142 0.0725339
374 -18527.5 -19068.8 541.205 0 0 0 0 0.05 0 0 0.472253 -0.190006 0.0726277
375 -18530.1 -19068.8 538.629 0 0 0 0 0.05 0 0 0.473636 -0.189869 0.0727196
376 -18532.6 -19068.8 536.115 0 0 0 0 0.05 0 0 0.475018 -0.189734 0.0728096
377 -18535.2 -19068.8 533.545 0 0 0 0 0.05 0 0 0.4764 -0.189598 0.0728977
378 -18537.8 -19068.8 530.916 0 0 0 0 0.05 0 0 0.477781 -0.189462 0.072984
379 -18540.5 -19068.8 528.289 0 0 0 0 0.05 0 0 0.479162 -0.189327 0.0730684
380 -18543.1 -19068.8 525.646 0 0 0 0 0.05 0 0 0.480543 -0.189191 0.0731509
381 -18545.7 -19068.8 523.012 0 0 0 0 0.05 0 0 0.481923 -0.189056 0.0732315
382 -18548.4 -19068.8 520.354 0 0 0 0 0.05 0 0 0.483303 -0.18892 0.0733103
383 -18551.1 -19068.8 517.629 0 0 0 0 0.05 0 0 0.484682 -0.188784 0.0733872
384 -18553.8 -19068.8 514.906 0 0 0 0 0.05 0 0 0.486061 -0.188648 0.0734623
385 -18556.6 -19068.8 512.148 0 0 0 0 0.05 0 0 0.48744 -0.188512 0.0735357
386 -18559.4 -19068.8 509.311 0 0 0 0 0.05 0 0 0.488818 -0.188376 0.0736072
387 -18562.2 -19068.8 506.514 0 0 0 0 0.05 0 0 0.490195 -0.188238 0.073677
388 -18565.1 -19068.8 503.68 0 0 0 0 0.05 0 0 0.491571 -0.188101 0.0737451
389 -18567.9 -19068.8 500.822 0 0 0 0 0.05 0 0 0.492947 -0.187962 0.0738115
390 -18570.8 -19068.8 497.961 0 0 0 0 0.05 0 0 0.494321 -0.187823 0.0738763
391 -18573.7 -19068.8 495.102 0 0 0 0 0.05 0 0 0.495694 -0.187683 0.0739396
392 -18576.5 -19068.8 492.211 0 0 0 0 0.05 0 0 0.497067 -0.187542 0.0740013
393 -18579.5 -19068.8 489.27 0 0 0 0 0.05 0 0 0.498437 -0.187401 0.0740615
394 -18582.5 -19068.8 486.297 0 0 0 0 0.05 0 0 0.499806 -0.187257 0.0741203
395 -18585.4 -19068.8 483.344 0 0 0 0 0.05 0 0 0.501174 -0.187113 0.0741778
396 -18588.4 -19068.8 480.381 0 0 0 0 0.05 0 0 0.50254 -0.186968 0.0742339
397 -18591.3 -19068.8 477.418 0 0 0 0 0.05 0 0 0.503903 -0.186821 0.0742889
398 -18594.3 -19068.8 474.469 0 0 0 0 0.05 0 0 0.505265 -0.186673 0.0743427
399 -18596.8 -19068.8 471.98 0 0 0 0 0.05 0 0 0.50661 -0.186514 0.074397
400 -18599.2 -19068.8 469.529 0 0 0 0 0.05 0 0 0.507951 -0.186352 0.0744507
401 -18601.6 -19068.8 467.197 0 0 0 0 0.05 0 0 0.509288 -0.186188 0.0745036
402 -18603.9 -19068.8 464.84 0 0 0 0 0.05 0 0 0.510622 -0.186022 0.0745557
403 -18606.2 -19068.8 462.574 0 0 0 0 0.05 0 0 0.511952 -0.185855 0.074607
404 -18608.5 -19068.8 460.297 0 0 0 0 0.05 0 0 0.513279 -0.185685 0.0746576
405 -18610.7 -19068.8 458.02 0 0 0 0 0.05 0 0 0.514603 -0.185513 0.0747075
406 -18612.9 -19068.8 455.816 0 0 0 0 0.05 0 0 0.515923 -0.18534 0.0747567
407 -18615.1 -19068.8 453.646 0 0 0 0 0.05 0 0 0.517239 -0.185164 0.0748053
408 -18617.3 -19068.8 451.498 0 0 0 0 0.05 0 0 0.518553 -0.184987 0.0748533
409 -18619.4 -19068.8 449.377 0 0 0 0 0.05 0 0 0.519863 -0.184808 0.0749006
410 -18621.5 -19068.8 447.285 0 0 0 0 0.05 0 0 0.521169 -0.184627 0.0749473
411 -18623.6 -19068.8 445.193 0 0 0 0 0.05 0 0 0.522472 -0.184445 0.0749934
412 -18625.6 -19068.8 443.168 0 0 0 0 0.05 0 0 0.523772 -0.184261 0.075039
413 -18627.6 -19068.8 441.172 0 0 0 0 0.05 0 0 0.525069 -0.184075 0.0750839
414 -18629.6 -19068.8 439.186 0 0 0 0 0.05 0 0 0.526362 -0.183887 0.0751283
415 -18631.5 -19068.8 437.205 0 0 0 0 0.05 0 0 0.527652 -0.183698 0.0751721
416 -18633.5 -19068.8 435.246 0 0 0 0 0.05 0 0 0.528939 -0.183507 0.0752154
417 -18635.4 -19068.8 433.336 0 0 0 0 0.05 0 0 0.530223 -0.183314 0.0752581
418 -18637.3 -19068.8 431.436 0 0 0 0 0.05 0 0 0.531503 -0.18312 0.0753002
419 -18639.2 -19068.8 429.537 0 0 0 0 0.05 0 0 0.53278 -0.182924 0.0753418
420 -18641.1 -19068.8 427.672 0 0 0 0 0.05 0 0 0.534054 -0.182727 0.0753829
421 -18642.9 -19068.8 425.846 0 0 0 0 0.05 0 0 0.535325 -0.182528 0.0754234
422 -18644.8 -19068.8 423.99 0 0 0 0 0.05 0 0 0.536593 -0.182328 0.0754633
423 -18646.6 -19068.8 422.203 0 0 0 0 0.05 0 0 0.537858 -0.182126 0.0755027
424 -18648.3 -19068.8 420.408 0 0 0 0 0.05 0 0 0.539119 -0.181923 0.0755416
425 -18650.1 -19068.8 418.613 0 0 0 0 0.05 0 0 0.540378 -0.181719 0.0755799
426 -18651.9 -19068.8 416.891 0 0 0 0 0.05 0 0 0.541633 -0.181513 0.0756177
427 -18653.6 -19068.8 415.16 0 0 0 0 0.05 0 0 0.542886 -0.181306 0.0756549
428 -18655.3 -19068.8 413.428 0 0 0 0 0.05 0 0 0.544135 -0.181097 0.0756916
429 -18657 -19068.8 411.719 0 0 0 0 0.05 0 0 0.545382 -0.180888 0.0757278
430 -18658.7 -19068.8 410.031 0 0 0 0 0.05 0 0 0.546626 -0.180677 0.0757634
431 -18660.4 -19068.8 408.338 0 0 0 0 0.05 0 0 0.547866 -0.180464 0.0757984
432 -18662.1 -19068.8 406.691 0 0 0 0 0.05 0 0 0.549104 -0.180251 0.075833
433 -18663.7 -19068.8 405.016 0 0 0 0 0.05 0 0 0.550339 -0.180036 0.0758669
434 -18665.4 -19068.8 403.393 0 0 0 0 0.05 0 0 0.551571 -0.17982 0.0759004
435 -18667 -19068.8 401.76 0 0 0 0 0.05 0 0 0.5528 -0.179603 0.0759333
436 -18668.6 -19068.8 400.189 0 0 0 0 0.05 0 0 0.554026 -0.179385 0.0759656
437 -18670.2 -19068.8 398.578 0 0 0 0 0.05 0 0 0.555249 -0.179166 0.0759974
438 -18671.7 -19068.8 397.041 0 0 0 0 0.05 0 0 0.55647 -0.178946 0.0760287
439 -18673.3 -19068.8 395.438 0 0 0 0 0.05 0 0 0.557687 -0.178725 0.0760594
440 -18674.9 -19068.8 393.895 0 0 0 0 0.05 0 0 0.558902 -0.178502 0.0760896
441 -18676.4 -19068.8 392.316 0 0 0 0 0.05 0 0 0.560114 -0.178279 0.0761193
442 -18678 -19068.8 390.775 0 0 0 0 0.05 0 0 0.561323 -0.178055 0.0761483
443 -18679.5 -19068.8 389.268 0 0 0 0 0.05 0 0 0.56253 -0.17783 0.0761769
444 -18681 -19068.8 387.764 0 0 0 0 0.05 0 0 0.563733 -0.177603 0.0762049
445 -18682.4 -19068.8 386.328 0 0 0 0 0.05 0 0 0.564934 -0.177376 0.0762324
446 -18684 -19068.8 384.803 0 0 0 0 0.05 0 0 0.566133 -0.177149 0.0762593
447 -18685.4 -19068.8 383.342 0 0 0 0 0.05 0 0 0.567328 -0.17692 0.0762856
448 -18686.9 -19068.8 381.879 0 0 0 0 0.05 0 0 0.568521 -0.17669 0.0763115
449 -18688.3 -19068.8 380.424 0 0 0 0 0.05 0 0 0.569711 -0.17646 0.0763368
450 -18689.8 -19068.8 378.957 0 0 0 0 0.05 0 0 0.570899 -0.176229 0.0763615
451 -18691.2 -19068.8 377.508 0 0 0 0 0.05 0 0 0.572083 -0.175997 0.0763857
452 -18692.6 -19068.8 376.107 0 0 0 0 0.05 0 0 0.573265 -0.175764 0.0764094
453 -18694.1 -19068.8 374.688 0 0 0 0 0.05 0 0 0.574445 -0.175531 0.0764325
454 -18695.4 -19068.8 373.32 0 0 0 0 0.05 0 0 0.575622 -0.175297 0.0764551
455 -18696.8 -19068.8 371.932 0 0 0 0 0.05 0 0 0.576796 -0.175062 0.0764771
456 -18698.2 -19068.8 370.523 0 0 0 0 0.05 0 0 0.577967 -0.174827 0.0764986
457 -18699.6 -19068.8 369.162 0 0 0 0 0.05 0 0 0.579137 -0.17459 0.0765196
458 -18700.9 -19068.8 367.805 0 0 0 0 0.05 0 0 0.580303 -0.174354 0.07654
459 -18702.3 -19068.8 366.463 0 0 0 0 0.05 0 0 0.581467 -0.174116 0.0765599
460 -18703.6 -19068.8 365.141 0 0 0 0 0.05 0 0 0.582628 -0.173878 0.0765793
461 -18705 -19068.8 363.779 0 0 0 0 0.05 0 0 0.583787 -0.17364 0.0765982
462 -18706.3 -19068.8 362.471 0 0 0 0 0.05 0 0 0.584943 -0.173401 0.0766165
463 -18707.6 -19068.8 361.129 0 0 0 0 0.05 0 0 0.586097 -0.173161 0.0766343
464 -18708.9 -19068.8 359.828 0 0 0 0 0.05 0 0 0.587248 -0.172921 0.0766515
465 -18710.2 -19068.8 358.531 0 0 0 0 0.05 0 0 0.588397 -0.17268 0.0766683
466 -18711.5 -19068.8 357.273 0 0 0 0 0.05 0 0 0.589543 -0.172439 0.0766845
467 -18712.8 -19068.8 355.953 0 0 0 0 0.05 0 0 0.590686 -0.172197 0.0767002
468 -18714 -19068.8 354.709 0 0 0 0 0.05 0 0 0.591828 -0.171955 0.0767154
469 -18715.3 -19068.8 353.418 0 0 0 0 0.05 0 0 0.592967 -0.171712 0.0767301
470 -18716.6 -19068.8 352.139 0 0 0 0 0.05 0 0 0.594103 -0.171469 0.0767443
471 -18717.9 -19068.8 350.902 0 0 0 0 0.05 0 0 0.595237 -0.171225 0.076758
472 -18719.1 -19068.8 349.664 0 0 0 0 0.05 0 0 0.596368 -0.170981 0.0767712
473 -18720.3 -19068.8 348.438 0 0 0 0 0.05 0 0 0.597498 -0.170736 0.0767839
474 -18721.5 -19068.8 347.219 0 0 0 0 0.05 0 0 0.598624 -0.170491 0.0767961
475 -18722.8 -19068.8 345.998 0 0 0 0 0.05 0 0 0.599749 -0.170246 0.0768078
476 -18724 -19068.8 344.744 0 0 0 0 0.05 0 0 0.600871 -0.17 0.076819
477 -18725.2 -19068.8 343.586 0 0 0 0 0.05 0 0 0.60199 -0.169754 0.0768297
478 -18726.4 -19068.8 342.379 0 0 0 0 0.05 0 0 0.603108 -0.169507 0.07684
479 -18727.6 -19068.8 341.164 0 0 0 0 0.05 0 0 0.604223 -0.169261 0.0768497
480 -18728.8 -19068.8 339.986 0 0 0 0 0.05 0 0 0.605335 -0.169013 0.076859
481 -18730 -19068.8 338.795 0 0 0 0 0.05 0 0 0.606446 -0.168766 0.0768679
482 -18731.1 -19068.8 337.631 0 0 0 0 0.05 0 0 0.607554 -0.168518 0.0768762
483 -18732.3 -19068.8 336.484 0 0 0 0 0.05 0 0 0.60866 -0.16827 0.0768841
484 -18733.4 -19068.8 335.318 0 0 0 0 0.05 0 0 0.609764 -0.168021 0.0768916
485 -18734.6 -19068.8 334.162 0 0 0 0 0.05 0 0 0.610865 -0.167772 0.0768986
486 -18735.8 -19068.8 332.998 0 0 0 0 0.05 0 0 0.611964 -0.167523 0.0769052
487 -18736.9 -19068.8 331.871 0 0 0 0 0.05 0 0 0.613061 -0.167274 0.0769113
488 -18738 -19068.8 330.73 0 0 0 0 0.05 0 0 0.614156 -0.167024 0.076917
489 -18739.1 -19068.8 329.609 0 0 0 0 0.05 0 0 0.615248 -0.166774 0.0769222
490 -18740.3 -19068.8 328.471 0 0 0 0 0.05 0 0 0.616339 -0.166523 0.0769271
491 -18741.4 -19068.8 327.336 0 0 0 0 0.05 0 0 0.617427 -0.166273 0.0769315
492 -18742.5 -19068.8 326.248 0 0 0 0 0.05 0 0 0.618513 -0.166022 0.0769355
493 -18743.6 -19068.8 325.145 0 0 0 0 0.05 0 0 0.619597 -0.165771 0.076939
494 -18744.7 -19068.8 324.047 0 0 0 0 0.05 0 0 0.620679 -0.16552 0.0769422
495 -18745.8 -19068.8 322.951 0 0 0 0 0.05 0 0 0.621758 -0.165268 0.076945
496 -18746.9 -19068.8 321.828 0 0 0 0 0.05 0 0 0.622836 -0.165016 0.0769474
497 -18748 -19068.8 320.75 0 0 0 0 0.05 0 0 0.623911 -0.164764 0.0769494
498 -18749.1 -19068.8 319.678 0 0 0 0 0.05 0 0 0.624985 -0.164512 0.076951
499 -18750.2 -19068.8 318.578 0 0 0 0 0.05 0 0 0.626056 -0.16426 0.0769522
500 -18751.2 -19068.8 317.514 0 0 0 0 0.05 0 0 0.627125 -0.164007 0.076953
501 -18752.3 -19068.8 316.426 0 0 0 0 0.05 0 0 0.628193 -0.163754 0.0769535
502 -18753.4 -19068.8 315.359 0 0 0 0 0.05 0 0 0.629258 -0.163501 0.0769536
503 -18754.5 -19068.8 314.277 0 0 0 0 0.05 0 0 0.630321 -0.163248 0.0769534
504 -18755.5 -19068.8 313.258 0 0 0 0 0.05 0 0 0.631383 -0.162995 0.0769528
505 -18756.6 -19068.8 312.193 0 0 0 0 0.05 0 0 0.632442 -0.162741 0.0769519
506 -18757.6 -19068.8 311.125 0 0 0 0 0.05 0 0 0.633499 -0.162488 0.0769506
507 -18758.6 -19068.8 310.113 0 0 0 0 0.05 0 0 0.634555 -0.162234 0.076949
508 -18759.7 -19068.8 309.092 0 0 0 0 0.05 0 0 0.635608 -0.16198 0.076947
509 -18760.7 -19068.8 308.041 0 0 0 0 0.05 0 0 0.63666 -0.161726 0.0769448
510 -18761.7 -19068.8 307.023 0 0 0 0 0.05 0 0 0.637709 -0.161472 0.0769422
511 -18762.8 -19068.8 305.973 0 0 0 0 0.05 0 0 0.638757 -0.161217 0.0769393
512 -18763.8 -19068.8 304.947 0 0 0 0 0.05 0 0 0.639803 -0.160963 0.0769361
513 -18764.9 -19068.8 303.902 0 0 0 0 0.05 0 0 0.640846 -0.160708 0.0769327
514 -18765.9 -19068.8 302.871 0 0 0 0 0.05 0 0 0.641888 -0.160453 0.0769289
515 -18766.9 -19068.8 301.875 0 0 0 0 0.05 0 0 0.642929 -0.160199 0.0769248
516 -18767.9 -19068.8 300.848 0 0 0 0 0.05 0 0 0.643967 -0.159944 0.0769205
517 -18768.9 -19068.8 299.83 0 0 0 0 0.05 0 0 0.645003 -0.159689 0.0769159
518 -18769.9 -19068.8 298.824 0 0 0 0 0.05 0 0 0.646038 -0.159434 0.076911
519 -18770.9 -19068.8 297.838 0 0 0 0 0.05 0 0 0.647071 -0.159179 0.0769058
520 -18772 -19068.8 296.789 0 0 0 0 0.05 0 0 0.648102 -0.158923 0.0769005
521 -18772.9 -19068.8 295.812 0 0 0 0 0.05 0 0 0.649131 -0.158668 0.0768948
522 -18773.9 -19068.8 294.84 0 0 0 0 0.05 0 0 0.650159 -0.158413 0.0768889
523 -18774.9 -19068.8 293.82 0 0 0 0 0.05 0 0 0.651185 -0.158158 0.0768828
524 -18775.9 -19068.8 292.832 0 0 0 0 0.05 0 0 0.652208 -0.157902 0.0768765
525 -18776.9 -19068.8 291.82 0 0 0 0 0.05 0 0 0.653231 -0.157647 0.0768699
526 -18777.9 -19068.8 290.846 0 0 0 0 0.05 0 0 0.654251 -0.157392 0.0768631
527 -18778.9 -19068.8 289.879 0 0 0 0 0.05 0 0 0.65527 -0.157136 0.0768561
528 -18779.8 -19068.8 288.91 0 0 0 0 0.05 0 0 0.656287 -0.156881 0.0768489
529 -18780.9 -19068.8 287.9 0 0 0 0 0.05 0 0 0.657302 -0.156626 0.0768415
530 -18781.8 -19068.8 286.922 0 0 0 0 0.05 0 0 0.658316 -0.15637 0.0768339
531 -18782.8 -19068.8 285.965 0 0 0 0 0.05 0 0 0.659327 -0.156115 0.0768261
532 -18783.8 -19068.8 284.984 0 0 0 0 0.05 0 0 0.660337 -0.15586 0.0768181
533 -18784.7 -19068.8 284.016 0 0 0 0 0.05 0 0 0.661346 -0.155605 0.0768099
534 -18785.7 -19068.8 283.057 0 0 0 0 0.05 0 0 0.662353 -0.155349 0.0768016
535 -18786.7 -19068.8 282.066 0 0 0 0 0.05 0 0 0.663358 -0.155094 0.0767931
536 -18787.7 -19068.8 281.09 0 0 0 0 0.05 0 0 0.664361 -0.15484 0.0767845
537 -18788.6 -19068.8 280.123 0 0 0 0 0.05 0 0 0.665363 -0.154585 0.0767756
538 -18789.6 -19068.8 279.154 0 0 0 0 0.05 0 0 0.666362 -0.15433 0.0767667
539 -18790.6 -19068.8 278.203 0 0 0 0 0.05 0 0 0.667361 -0.154075 0.0767576
540 -18791.5 -19068.8 277.266 0 0 0 0 0.05 0 0 0.668357 -0.153821 0.0767483
541 -18792.4 -19068.8 276.307 0 0 0 0 0.05 0 0 0.669352 -0.153567 0.0767389
542 -18793.4 -19068.8 275.361 0 0 0 0 0.05 0 0 0.670345 -0.153313 0.0767294
543 -18794.4 -19068.8 274.367 0 0 0 0 0.05 0 0 0.671337 -0.153059 0.0767198
544 -18795.3 -19068.8 273.428 0 0 0 0 0.05 0 0 0.672327 -0.152805 0.07671
545 -18796.3 -19068.8 272.467 0 0 0 0 0.05 0 0 0.673315 -0.152551 0.0767001
546 -18797.2 -19068.8 271.555 0 0 0 0 0.05 0 0 0.674301 -0.152298 0.0766901
547 -18798.2 -19068.8 270.604 0 0 0 0 0.05 0 0 0.675286 -0.152045 0.0766799
548 -18799.1 -19068.8 269.68 0 0 0 0 0.05 0 0 0.676269 -0.151792 0.0766697
549 -18800 -19068.8 268.748 0 0 0 0 0.05 0 0 0.67725 -0.151539 0.0766594
550 -18800.9 -19068.8 267.809 0 0 0 0 0.05 0 0 0.67823 -0.151287 0.0766489
551 -18801.9 -19068.8 266.852 0 0 0 0 0.05 0 0 0.679208 -0.151035 0.0766384
552 -18802.8 -19068.8 265.936 0 0 0 0 0.05 0 0 0.680184 -0.150783 0.0766278
553 -18803.8 -19068.8 265 0 0 0 0 0.05 0 0 0.681158 -0.150531 0.076617
554 -18804.7 -19068.8 264.076 0 0 0 0 0.05 0 0 0.682131 -0.15028 0.0766062
555 -18805.6 -19068.8 263.145 0 0 0 0 0.05 0 0 0.683102 -0.150029 0.0765953
556 -18806.5 -19068.8 262.213 0 0 0 0 0.05 0 0 0.684071 -0.149778 0.0765843
557 -18807.5 -19068.8 261.297 0 0 0 0 0.05 0 0 0.685039 -0.149528 0.0765732
558 -18808.4 -19068.8 260.379 0 0 0 0 0.05 0 0 0.686005 -0.149278 0.0765621
559 -18809.3 -19068.8 259.42 0 0 0 0 0.05 0 0 0.686969 -0.149028 0.0765509
560 -18810.2 -19068.8 258.551 0 0 0 0 0.05 0 0 0.687931 -0.148779 0.0765396
561 -18811.1 -19068.8 257.633 0 0 0 0 0.05 0 0 0.688891 -0.14853 0.0765282
562 -18812 -19068.8 256.732 0 0 0 0 0.05 0 0 0.68985 -0.148281 0.0765167
563 -18812.9 -19068.8 255.836 0 0 0 0 0.05 0 0 0.690807 -0.148033 0.0765052
564 -18813.8 -19068.8 254.914 0 0 0 0 0.05 0 0 0.691762 -0.147785 0.0764937
565 -18814.7 -19068.8 254.029 0 0 0 0 0.05 0 0 0.692715 -0.147537 0.0764821
566 -18815.6 -19068.8 253.152 0 0 0 0 0.05 0 0 0.693667 -0.14729 0.0764704
567 -18816.5 -19068.8 252.256 0 0 0 0 0.05 0 0 0.694616 -0.147043 0.0764586
568 -18817.4 -19068.8 251.365 0 0 0 0 0.05 0 0 0.695564 -0.146797 0.0764468
569 -18818.3 -19068.8 250.479 0 0 0 0 0.05 0 0 0.69651 -0.146551 0.076435
570 -18819.2 -19068.8 249.6 0 0 0 0 0.05 0 0 0.697455 -0.146305 0.0764231
571 -18820 -19068.8 248.717 0 0 0 0 0.05 0 0 0.698397 -0.14606 0.0764112
572 -18820.9 -19068.8 247.846 0 0 0 0 0.05 0 0 0.699338 -0.145815 0.0763992
573 -18821.8 -19068.8 246.955 0 0 0 0 0.05 0 0 0.700277 -0.145571 0.0763872
574 -18822.7 -19068.8 246.059 0 0 0 0 0.05 0 0 0.701214 -0.145327 0.0763752
575 -18823.5 -19068.8 245.205 0 0 0 0 0.05 0 0 0.702149 -0.145083 0.0763631
576 -18824.4 -19068.8 244.328 0 0 0 0 0.05 0 0 0.703083 -0.14484 0.076351
577 -18825.3 -19068.8 243.473 0 0 0 0 0.05 0 0 0.704015 -0.144597 0.0763389
578 -18826.2 -19068.8 242.594 0 0 0 0 0.05 0 0 0.704944 -0.144355 0.0763268
579 -18827 -19068.8 241.73 0 0 0 0 0.05 0 0 0.705873 -0.144113 0.0763146
580 -18827.9 -19068.8 240.885 0 0 0 0 0.05 0 0 0.706799 -0.143871 0.0763024
581 -18828.8 -19068.8 240 0 0 0 0 0.05 0 0 0.707723 -0.14363 0.0762903
582 -18829.6 -19068.8 239.141 0 0 0 0 0.05 0 0 0.708646 -0.143389 0.0762781
583 -18830.5 -19068.8 238.293 0 0 0 0 0.05 0 0 0.709567 -0.143149 0.0762659
584 -18831.3 -19068.8 237.467 0 0 0 0 0.05 0 0 0.710486 -0.142909 0.0762537
585 -18832.1 -19068.8 236.615 0 0 0 0 0.05 0 0 0.711404 -0.142669 0.0762416
586 -18833 -19068.8 235.775 0 0 0 0 0.05 0 0 0.712319 -0.14243 0.0762294
587 -18833.8 -19068.8 234.912 0 0 0 0 0.05 0 0 0.713233 -0.142191 0.0762173
588 -18834.7 -19068.8 234.092 0 0 0 0 0.05 0 0 0.714145 -0.141953 0.0762052
589 -18835.5 -19068.8 233.262 0 0 0 0 0.05 0 0 0.715056 -0.141715 0.0761931
590 -18836.3 -19068.8 232.424 0 0 0 0 0.05 0 0 0.715965 -0.141477 0.0761811
591 -18837.2 -19068.8 231.58 0 0 0 0 0.05 0 0 0.716872 -0.14124 0.0761691
592 -18838 -19068.8 230.734 0 0 0 0 0.05 0 0 0.717777 -0.141003 0.0761571
593 -18838.9 -19068.8 229.883 0 0 0 0 0.05 0 0 0.71868 -0.140767 0.0761452
594 -18839.7 -19068.8 229.061 0 0 0 0 0.05 0 0 0.719582 -0.140531 0.0761333
595 -18840.5 -19068.8 228.236 0 0 0 0 0.05 0 0 0.720483 -0.140295 0.0761215
596 -18841.4 -19068.8 227.398 0 0 0 0 0.05 0 0 0.721381 -0.140059 0.0761097
597 -18842.2 -19068.8 226.57 0 0 0 0 0.05 0 0 0.722278 -0.139824 0.076098
598 -18843 -19068.8 225.74 0 0 0 0 0.05 0 0 0.723173 -0.13959 0.0760864
599 -18843.8 -19068.8 224.922 0 0 0 0 0.05 0 0 0.724067 -0.139355 0.0760749
600 -18844.7 -19068.8 224.078 0 0 0 0 0.05 0 0 0.724959 -0.139121 0.0760634
601 -18845.5 -19068.8 223.27 0 0 0 0 0.05 0 0 0.725849 -0.138888 0.076052
602 -18846.3 -19068.8 222.445 0 0 0 0 0.05 0 0 0.726738 -0.138654 0.0760407
603 -18847.2 -19068.8 221.596 0 0 0 0 0.05 0 0 0.727626 -0.138421 0.0760295
604 -18848 -19068.8 220.783 0 0 0 0 0.05 0 0 0.728511 -0.138189 0.0760184
605 -18848.8 -19068.8 219.938 0 0 0 0 0.05 0 0 0.729396 -0.137956 0.0760074
606 -18849.6 -19068.8 219.123 0 0 0 0 0.05 0 0 0.730278 -0.137724 0.0759965
607 -18850.5 -19068.8 218.293 0 0 0 0 0.05 0 0 0.73116 -0.137493 0.0759857
608 -18851.3 -19068.8 217.473 0 0 0 0 0.05 0 0 0.732039 -0.137261 0.075975
609 -18852.1 -19068.8 216.656 0 0 0 0 0.05 0 0 0.732918 -0.13703 0.0759645
610 -18852.9 -19068.8 215.818 0 0 0 0 0.05 0 0 0.733794 -0.1368 0.0759541
611 -18853.8 -19068.8 214.982 0 0 0 0 0.05 0 0 0.73467 -0.136569 0.0759437
612 -18854.6 -19068.8 214.166 0 0 0 0 0.05 0 0 0.735544 -0.136339 0.0759336
613 -18855.4 -19068.8 213.34 0 0 0 0 0.05 0 0 0.736416 -0.136109 0.0759235
614 -18856.3 -19068.8 212.482 0 0 0 0 0.05 0 0 0.737287 -0.13588 0.0759136
615 -18857.1 -19068.8 211.635 0 0 0 0 0.05 0 0 0.738157 -0.135651 0.0759038
616 -18858 -19068.8 210.797 0 0 0 0 0.05 0 0 0.739025 -0.135422 0.0758942
617 -18858.8 -19068.8 209.947 0 0 0 0 0.05 0 0 0.739892 -0.135193 0.0758847
618 -18859.7 -19068.8 209.088 0 0 0 0 0.05 0 0 0.740758 -0.134965 0.0758753
619 -18860.5 -19068.8 208.264 0 0 0 0 0.05 0 0 0.741622 -0.134737 0.0758661
620 -18861.3 -19068.8 207.404 0 0 0 0 0.05 0 0 0.742485 -0.13451 0.075857
621 -18862.2 -19068.8 206.57 0 0 0 0 0.05 0 0 0.743347 -0.134282 0.0758481
622 -18863 -19068.8 205.723 0 0 0 0 0.05 0 0 0.744208 -0.134055 0.0758393
623 -18863.9 -19068.8 204.887 0 0 0 0 0.05 0 0 0.745067 -0.133829 0.0758307
624 -18864.7 -19068.8 204.029 0 0 0 0 0.05 0 0 0.745925 -0.133602 0.0758222
625 -18865.6 -19068.8 203.16 0 0 0 0 0.05 0 0 0.746782 -0.133376 0.0758138
626 -18866.5 -19068.8 202.297 0 0 0 0 0.05 0 0 0.747637 -0.133151 0.0758056
627 -18867.3 -19068.8 201.447 0 0 0 0 0.05 0 0 0.748491 -0.132925 0.0757976
628 -18868.2 -19068.8 200.551 0 0 0 0 0.05 0 0 0.749344 -0.1327 0.0757897
629 -18869.1 -19068.8 199.68 0 0 0 0 0.05 0 0 0.750196 -0.132476 0.0757819
630 -18869.9 -19068.8 198.805 0 0 0 0 0.05 0 0 0.751047 -0.132251 0.0757742
631 -18870.8 -19068.8 197.941 0 0 0 0 0.05 0 0 0.751896 -0.132027 0.0757667
632 -18871.7 -19068.8 197.051 0 0 0 0 0.05 0 0 0.752745 -0.131803 0.0757593
633 -18872.6 -19068.8 196.143 0 0 0 0 0.05 0 0 0.753592 -0.13158 0.075752
634 -18873.5 -19068.8 195.258 0 0 0 0 0.05 0 0 0.754437 -0.131357 0.0757449
635 -18874.4 -19068.8 194.377 0 0 0 0 0.05 0 0 0.755282 -0.131135 0.0757379
636 -18875.3 -19068.8 193.477 0 0 0 0 0.05 0 0 0.756126 -0.130912 0.075731
637 -18876.2 -19068.8 192.578 0 0 0 0 0.05 0 0 0.756968 -0.13069 0.0757242
638 -18877.1 -19068.8 191.691 0 0 0 0 0.05 0 0 0.757809 -0.130469 0.0757175
639 -18878 -19068.8 190.783 0 0 0 0 0.05 0 0 0.758649 -0.130248 0.0757109
640 -18878.9 -19068.8 189.893 0 0 0 0 0.05 0 0 0.759487 -0.130027 0.0757044
641 -18879.8 -19068.8 188.996 0 0 0 0 0.05 0 0 0.760325 -0.129807 0.075698
642 -18880.7 -19068.8 188.068 0 0 0 0 0.05 0 0 0.761161 -0.129587 0.0756918
643 -18881.6 -19068.8 187.117 0 0 0 0 0.05 0 0 0.761996 -0.129367 0.0756856
644 -18882.6 -19068.8 186.191 0 0 0 0 0.05 0 0 0.76283 -0.129148 0.0756794
645 -18883.5 -19068.8 185.279 0 0 0 0 0.05 0 0 0.763663 -0.12893 0.0756734
646 -18884.4 -19068.8 184.342 0 0 0 0 0.05 0 0 0.764494 -0.128711 0.0756675
647 -18885.4 -19068.8 183.402 0 0 0 0 0.05 0 0 0.765324 -0.128493 0.0756616
648 -18886.3 -19068.8 182.459 0 0 0 0 0.05 0 0 0.766153 -0.128276 0.0756558
649 -18887.2 -19068.8 181.539 0 0 0 0 0.05 0 0 0.766981 -0.128059 0.07565
650 -18888.2 -19068.8 180.588 0 0 0 0 0.05 0 0 0.767808 -0.127843 0.0756443
651 -18889.1 -19068.8 179.629 0 0 0 0 0.05 0 0 0.768633 -0.127627 0.0756387
652 -18890.1 -19068.8 178.684 0 0 0 0 0.05 0 0 0.769457 -0.127411 0.0756331
653 -18891 -19068.8 177.719 0 0 0 0 0.05 0 0 0.77028 -0.127196 0.0756276
654 -18892 -19068.8 176.758 0 0 0 0 0.05 0 0 0.771102 -0.126981 0.0756221
655 -18893 -19068.8 175.793 0 0 0 0 0.05 0 0 0.771922 -0.126767 0.0756166
656 -18893.9 -19068.8 174.836 0 0 0 0 0.05 0 0 0.772741 -0.126553 0.0756112
657 -18894.9 -19068.8 173.85 0 0 0 0 0.05 0 0 0.773559 -0.12634 0.0756057
658 -18895.9 -19068.8 172.859 0 0 0 0 0.05 0 0 0.774376 -0.126127 0.0756003
659 -18896.9 -19068.8 171.887 0 0 0 0 0.05 0 0 0.775191 -0.125915 0.0755948
660 -18897.9 -19068.8 170.881 0 0 0 0 0.05 0 0 0.776005 -0.125703 0.0755893
661 -18898.9 -19068.8 169.867 0 0 0 0 0.05 0 0 0.776818 -0.125492 0.0755838
662 -18899.9 -19068.8 168.852 0 0 0 0 0.05 0 0 0.777629 -0.125281 0.0755783
663 -18900.9 -19068.8 167.844 0 0 0 0 0.05 0 0 0.778439 -0.125071 0.0755726
664 -18902 -19068.8 166.801 0 0 0 0 0.05 0 0 0.779248 -0.124861 0.0755669
665 -18903 -19068.8 165.803 0 0 0 0 0.05 0 0 0.780055 -0.124652 0.0755611
666 -18904 -19068.8 164.77 0 0 0 0 0.05 0 0 0.780861 -0.124444 0.0755552
667 -18905 -19068.8 163.746 0 0 0 0 0.05 0 0 0.781665 -0.124236 0.0755491
668 -18906 -19068.8 162.725 0 0 0 0 0.05 0 0 0.782468 -0.124029 0.0755429
669 -18907.1 -19068.8 161.689 0 0 0 0 0.05 0 0 0.783269 -0.123823 0.0755365
670 -18908.1 -19068.8 160.637 0 0 0 0 0.05 0 0 0.784069 -0.123617 0.07553
671 -18909.2 -19068.8 159.584 0 0 0 0 0.05 0 0 0.784867 -0.123412 0.0755232
672 -18910.2 -19068.8 158.523 0 0 0 0 0.05 0 0 0.785663 -0.123208 0.0755162
673 -18911.3 -19068.8 157.473 0 0 0 0 0.05 0 0 0.786457 -0.123004 0.0755089
674 -18912.3 -19068.8 156.426 0 0 0 0 0.05 0 0 0.78725 -0.122802 0.0755013
675 -18913.4 -19068.8 155.365 0 0 0 0 0.05 0 0 0.78804 -0.1226 0.0754935
676 -18914.5 -19068.8 154.303 0 0 0 0 0.05 0 0 0.788829 -0.122399 0.0754854
677 -18915.5 -19068.8 153.268 0 0 0 0 0.05 0 0 0.789615 -0.122199 0.075477
678 -18916.5 -19068.8 152.215 0 0 0 0 0.05 0 0 0.7904 -0.122 0.0754683
679 -18917.6 -19068.8 151.168 0 0 0 0 0.05 0 0 0.791182 -0.121801 0.0754592
680 -18918.6 -19068.8 150.121 0 0 0 0 0.05 0 0 0.791961 -0.121604 0.0754498
681 -18919.6 -19068.8 149.113 0 0 0 0 0.05 0 0 0.792739 -0.121408 0.07544
682 -18920.6 -19068.8 148.117 0 0 0 0 0.05 0 0 0.793514 -0.121213 0.0754299
683 -18921.7 -19068.8 147.098 0 0 0 0 0.05 0 0 0.794286 -0.121019 0.0754195
684 -18922.7 -19068.8 146.092 0 0 0 0 0.05 0 0 0.795056 -0.120826 0.0754087
685 -18923.7 -19068.8 145.088 0 0 0 0 0.05 0 0 0.795823 -0.120634 0.0753975
686 -18924.6 -19068.8 144.113 0 0 0 0 0.05 0 0 0.796588 -0.120443 0.075386
687 -18925.6 -19068.8 143.113 0 0 0 0 0.05 0 0 0.79735 -0.120253 0.0753742
688 -18926.6 -19068.8 142.164 0 0 0 0 0.05 0 0 0.798109 -0.120064 0.075362
689 -18927.5 -19068.8 141.207 0 0 0 0 0.05 0 0 0.798866 -0.119877 0.0753495
690 -18928.5 -19068.8 140.279 0 0 0 0 0.05 0 0 0.799619 -0.11969 0.0753366
691 -18929.4 -19068.8 139.35 0 0 0 0 0.05 0 0 0.80037 -0.119505 0.0753234
692 -18930.3 -19068.8 138.441 0 0 0 0 0.05 0 0 0.801118 -0.119321 0.0753099
693 -18931.2 -19068.8 137.555 0 0 0 0 0.05 0 0 0.801863 -0.119138 0.0752961
694 -18932.1 -19068.8 136.652 0 0 0 0 0.05 0 0 0.802606 -0.118956 0.075282
695 -18933 -19068.8 135.77 0 0 0 0 0.05 0 0 0.803345 -0.118775 0.0752676
696 -18933.9 -19068.8 134.857 0 0 0 0 0.05 0 0 0.804081 -0.118595 0.0752529
697 -18934.8 -19068.8 133.982 0 0 0 0 0.05 0 0 0.804815 -0.118417 0.0752379
698 -18935.6 -19068.8 133.115 0 0 0 0 0.05 0 0 0.805545 -0.118239 0.0752227
699 -18936.5 -19068.8 132.293 0 0 0 0 0.05 0 0 0.806273 -0.118063 0.0752071
700 -18937.3 -19068.8 131.455 0 0 0 0 0.05 0 0 0.806998 -0.117888 0.0751914
701 -18938.1 -19068.8 130.643 0 0 0 0 0.05 0 0 0.807719 -0.117713 0.0751753
702 -18938.9 -19068.8 129.812 0 0 0 0 0.05 0 0 0.808438 -0.11754 0.075159
703 -18939.7 -19068.8 129.045 0 0 0 0 0.05 0 0 0.809154 -0.117368 0.0751425
704 -18940.5 -19068.8 128.236 0 0 0 0 0.05 0 0 0.809867 -0.117197 0.0751257
705 -18941.3 -19068.8 127.461 0 0 0 0 0.05 0 0 0.810578 -0.117027 0.0751087
706 -18942.1 -19068.8 126.674 0 0 0 0 0.05 0 0 0.811285 -0.116858 0.0750914
707 -18942.8 -19068.8 125.926 0 0 0 0 0.05 0 0 0.81199 -0.11669 0.075074
708 -18943.6 -19068.8 125.168 0 0 0 0 0.05 0 0 0.812691 -0.116523 0.0750563
709 -18944.3 -19068.8 124.426 0 0 0 0 0.05 0 0 0.81339 -0.116357 0.0750384
710 -18945 -19068.8 123.715 0 0 0 0 0.05 0 0 0.814086 -0.116193 0.0750202
711 -18945.8 -19068.8 123 0 0 0 0 0.05 0 0 0.814779 -0.116029 0.0750019
712 -18946.5 -19068.8 122.258 0 0 0 0 0.05 0 0 0.81547 -0.115865 0.0749833
713 -18947.2 -19068.8 121.578 0 0 0 0 0.05 0 0 0.816157 -0.115703 0.0749646
714 -18947.9 -19068.8 120.881 0 0 0 0 0.05 0 0 0.816842 -0.115542 0.0749456
715 -18948.6 -19068.8 120.18 0 0 0 0 0.05 0 0 0.817524 -0.115382 0.0749265
716 -18949.3 -19068.8 119.494 0 0 0 0 0.05 0 0 0.818203 -0.115223 0.0749071
717 -18949.9 -19068.8 118.846 0 0 0 0 0.05 0 0 0.81888 -0.115064 0.0748876
718 -18950.6 -19068.8 118.16 0 0 0 0 0.05 0 0 0.819554 -0.114907 0.0748679
719 -18951.2 -19068.8 117.504 0 0 0 0 0.05 0 0 0.820225 -0.11475 0.074848
720 -18951.9 -19068.8 116.875 0 0 0 0 0.05 0 0 0.820893 -0.114594 0.0748279
721 -18952.5 -19068.8 116.227 0 0 0 0 0.05 0 0 0.821559 -0.114439 0.0748076
722 -18953.2 -19068.8 115.57 0 0 0 0 0.05 0 0 0.822222 -0.114285 0.0747871
723 -18953.8 -19068.8 114.945 0 0 0 0 0.05 0 0 0.822883 -0.114132 0.0747665
724 -18954.4 -19068.8 114.311 0 0 0 0 0.05 0 0 0.823541 -0.113979 0.0747456
725 -18955.1 -19068.8 113.67 0 0 0 0 0.05 0 0 0.824196 -0.113827 0.0747246
726 -18955.7 -19068.8 113.078 0 0 0 0 0.05 0 0 0.824849 -0.113677 0.0747035
727 -18956.3 -19068.8 112.467 0 0 0 0 0.05 0 0 0.825499 -0.113526 0.0746821
728 -18956.9 -19068.8 111.879 0 0 0 0 0.05 0 0 0.826146 -0.113377 0.0746606
729 -18957.5 -19068.8 111.281 0 0 0 0 0.05 0 0 0.826791 -0.113229 0.0746389
730 -18958.1 -19068.8 110.668 0 0 0 0 0.05 0 0 0.827433 -0.113081 0.074617
731 -18958.7 -19068.8 110.078 0 0 0 0 0.05 0 0 0.828073 -0.112934 0.074595
732 -18959.2 -19068.8 109.508 0 0 0 0 0.05 0 0 0.82871 -0.112787 0.0745728
733 -18959.8 -19068.8 108.943 0 0 0 0 0.05 0 0 0.829345 -0.112642 0.0745505
734 -18960.4 -19068.8 108.34 0 0 0 0 0.05 0 0 0.829977 -0.112497 0.074528
735 -18961 -19068.8 107.787 0 0 0 0 0.05 0 0 0.830607 -0.112353 0.0745053
736 -18961.6 -19068.8 107.188 0 0 0 0 0.05 0 0 0.831234 -0.11221 0.0744825
737 -18962.1 -19068.8 106.621 0 0 0 0 0.05 0 0 0.831858 -0.112067 0.0744595
738 -18962.7 -19068.8 106.074 0 0 0 0 0.05 0 0 0.832481 -0.111925 0.0744363
739 -18963.2 -19068.8 105.51 0 0 0 0 0.05 0 0 0.8331 -0.111784 0.074413
740 -18963.8 -19068.8 104.965 0 0 0 0 0.05 0 0 0.833718 -0.111643 0.0743895
741 -18964.3 -19068.8 104.422 0 0 0 0 0.05 0 0 0.834333 -0.111503 0.0743659
742 -18964.9 -19068.8 103.885 0 0 0 0 0.05 0 0 0.834945 -0.111364 0.0743422
743 -18965.4 -19068.8 103.367 0 0 0 0 0.05 0 0 0.835555 -0.111225 0.0743182
744 -18965.9 -19068.8 102.85 0 0 0 0 0.05 0 0 0.836163 -0.111087 0.0742942
745 -18966.4 -19068.8 102.322 0 0 0 0 0.05 0 0 0.836768 -0.11095 0.0742699
746 -18966.9 -19068.8 101.811 0 0 0 0 0.05 0 0 0.837371 -0.110813 0.0742456
747 -18967.4 -19068.8 101.311 0 0 0 0 0.05 0 0 0.837972 -0.110677 0.0742211
748 -18968 -19068.8 100.787 0 0 0 0 0.05 0 0 0.83857 -0.110541 0.0741964
749 -18968.5 -19068.8 100.283 0 0 0 0 0.05 0 0 0.839166 -0.110407 0.0741716
750 -18969 -19068.8 99.7793 0 0 0 0 0.05 0 0 0.839759 -0.110272 0.0741466
751 -18969.5 -19068.8 99.2441 0 0 0 0 0.05 0 0 0.84035 -0.110139 0.0741215
752 -18970 -19068.8 98.7891 0 0 0 0 0.05 0 0 0.840939 -0.110006 0.0740963
753 -18970.5 -19068.8 98.2715 0 0 0 0 0.05 0 0 0.841526 -0.109873 0.0740709
754 -18971 -19068.8 97.7969 0 0 0 0 0.05 0 0 0.84211 -0.109741 0.0740454
755 -18971.4 -19068.8 97.3301 0 0 0 0 0.05 0 0 0.842692 -0.10961 0.0740197
756 -18971.9 -19068.8 96.8438 0 0 0 0 0.05 0 0 0.843272 -0.109479 0.0739939
757 -18972.4 -19068.8 96.3496 0 0 0 0 0.05 0 0 0.843849 -0.109349 0.0739679
758 -18972.9 -19068.8 95.873 0 0 0 0 0.05 0 0 0.844424 -0.109219 0.0739419
759 -18973.4 -19068.8 95.3789 0 0 0 0 0.05 0 0 0.844997 -0.10909 0.0739156
760 -18973.8 -19068.8 94.9219 0 0 0 0 0.05 0 0 0.845568 -0.108962 0.0738893
761 -18974.3 -19068.8 94.4629 0 0 0 0 0.05 0 0 0.846136 -0.108834 0.0738628
762 -18974.7 -19068.8 94.0098 0 0 0 0 0.05 0 0 0.846703 -0.108706 0.0738362
763 -18975.2 -19068.8 93.543 0 0 0 0 0.05 0 0 0.847267 -0.108579 0.0738094
764 -18975.7 -19068.8 93.0586 0 0 0 0 0.05 0 0 0.847829 -0.108453 0.0737825
765 -18976.1 -19068.8 92.6094 0 0 0 0 0.05 0 0 0.848388 -0.108327 0.0737555
766 -18976.6 -19068.8 92.1836 0 0 0 0 0.05 0 0 0.848946 -0.108201 0.0737283
767 -18977 -19068.8 91.7363 0 0 0 0 0.05 0 0 0.849501 -0.108076 0.073701
768 -18977.4 -19068.8 91.3047 0 0 0 0 0.05 0 0 0.850054 -0.107952 0.0736736
769 -18977.9 -19068.8 90.8594 0 0 0 0 0.05 0 0 0.850605 -0.107828 0.073646
770 -18978.3 -19068.8 90.418 0 0 0 0 0.05 0 0 0.851154 -0.107705 0.0736183
771 -18978.8 -19068.8 89.9766 0 0 0 0 0.05 0 0 0.851701 -0.107582 0.0735905
772 -18979.2 -19068.8 89.5488 0 0 0 0 0.05 0 0 0.852246 -0.107459 0.0735626
773 -18979.6 -19068.8 89.1191 0 0 0 0 0.05 0 0 0.852788 -0.107337 0.0735345
774 -18980.1 -19068.8 88.6895 0 0 0 0 0.05 0 0 0.853329 -0.107216 0.0735063
775 -18980.5 -19068.8 88.2676 0 0 0 0 0.05 0 0 0.853867 -0.107094 0.073478
776 -18980.9 -19068.8 87.8789 0 0 0 0 0.05 0 0 0.854403 -0.106974 0.0734495
777 -18981.3 -19068.8 87.457 0 0 0 0 0.05 0 0 0.854937 -0.106854 0.073421
778 -18981.7 -19068.8 87.0293 0 0 0 0 0.05 0 0 0.85547 -0.106734 0.0733923
779 -18982.2 -19068.8 86.5898 0 0 0 0 0.05 0 0 0.856 -0.106615 0.0733635
780 -18982.6 -19068.8 86.1621 0 0 0 0 0.05 0 0 0.856528 -0.106496 0.0733345
781 -18983 -19068.8 85.752 0 0 0 0 0.05 0 0 0.857054 -0.106377 0.0733054
782 -18983.4 -19068.8 85.3496 0 0 0 0 0.05 0 0 0.857577 -0.106259 0.0732763
783 -18983.8 -19068.8 84.9531 0 0 0 0 0.05 0 0 0.858099 -0.106142 0.073247
784 -18984.2 -19068.8 84.5586 0 0 0 0 0.05 0 0 0.858619 -0.106025 0.0732175
785 -18984.6 -19068.8 84.1367 0 0 0 0 0.05 0 0 0.859137 -0.105908 0.073188
786 -18985 -19068.8 83.7383 0 0 0 0 0.05 0 0 0.859653 -0.105792 0.0731583
787 -18985.4 -19068.8 83.3184 0 0 0 0 0.05 0 0 0.860167 -0.105676 0.0731285
788 -18985.8 -19068.8 82.9121 0 0 0 0 0.05 0 0 0.860679 -0.10556 0.0730986
789 -18986.2 -19068.8 82.5234 0 0 0 0 0.05 0 0 0.861189 -0.105445 0.0730686
790 -18986.6 -19068.8 82.1504 0 0 0 0 0.05 0 0 0.861696 -0.105331 0.0730385
791 -18987 -19068.8 81.7871 0 0 0 0 0.05 0 0 0.862202 -0.105216 0.0730082
792 -18987.3 -19068.8 81.4043 0 0 0 0 0.05 0 0 0.862706 -0.105102 0.0729779
793 -18987.7 -19068.8 81.0059 0 0 0 0 0.05 0 0 0.863209 -0.104989 0.0729474
794 -18988.1 -19068.8 80.6211 0 0 0 0 0.05 0 0 0.863709 -0.104876 0.0729168
795 -18988.5 -19068.8 80.2617 0 0 0 0 0.05 0 0 0.864207 -0.104763 0.0728861
796 -18988.9 -19068.8 79.8789 0 0 0 0 0.05 0 0 0.864703 -0.10465 0.0728553
797 -18989.2 -19068.8 79.5117 0 0 0 0 0.05 0 0 0.865198 -0.104538 0.0728243
798 -18989.6 -19068.8 79.1621 0 0 0 0 0.05 0 0 0.86569 -0.104427 0.0727933
799 -18989.9 -19068.8 78.8047 0 0 0 0 0.05 0 0 0.866181 -0.104315 0.0727621
800 -18990.3 -19068.8 78.4277 0 0 0 0 0.05 0 0 0.866669 -0.104204 0.0727308
801 -18990.7 -19068.8 78.0879 0 0 0 0 0.05 0 0 0.867156 -0.104094 0.0726995
802 -18991 -19068.8 77.7188 0 0 0 0 0.05 0 0 0.867641 -0.103984 0.072668
803 -18991.4 -19068.8 77.373 0 0 0 0 0.05 0 0 0.868124 -0.103874 0.0726364
804 -18991.7 -19068.8 77.0391 0 0 0 0 0.05 0 0 0.868605 -0.103764 0.0726047
805 -18992.1 -19068.8 76.6973 0 0 0 0 0.05 0 0 0.869085 -0.103655 0.0725729
806 -18992.4 -19068.8 76.3477 0 0 0 0 0.05 0 0 0.869562 -0.103546 0.072541
807 -18992.7 -19068.8 76.0156 0 0 0 0 0.05 0 0 0.870038 -0.103438 0.0725089
808 -18993.1 -19068.8 75.6914 0 0 0 0 0.05 0 0 0.870512 -0.103329 0.0724768
809 -18993.4 -19068.8 75.3262 0 0 0 0 0.05 0 0 0.870984 -0.103221 0.0724446
810 -18993.8 -19068.8 74.9824 0 0 0 0 0.05 0 0 0.871454 -0.103114 0.0724122
811 -18994.1 -19068.8 74.6152 0 0 0 0 0.05 0 0 0.871923 -0.103007 0.0723798
812 -18994.5 -19068.8 74.2715 0 0 0 0 0.05 0 0 0.872389 -0.1029 0.0723472
813 -18994.8 -19068.8 73.9414 0 0 0 0 0.05 0 0 0.872854 -0.102793 0.0723146
814 -18995.2 -19068.8 73.5684 0 0 0 0 0.05 0 0 0.873317 -0.102687 0.0722818
815 -18995.5 -19068.8 73.2305 0 0 0 0 0.05 0 0 0.873778 -0.102581 0.072249
816 -18995.8 -19068.8 72.9141 0 0 0 0 0.05 0 0 0.874238 -0.102475 0.072216
817 -18996.2 -19068.8 72.5918 0 0 0 0 0.05 0 0 0.874696 -0.10237 0.0721829
818 -18996.5 -19068.8 72.2578 0 0 0 0 0.05 0 0 0.875152 -0.102265 0.0721498
819 -18996.8 -19068.8 71.9199 0 0 0 0 0.05 0 0 0.875606 -0.10216 0.0721165
820 -18997.1 -19068.8 71.6152 0 0 0 0 0.05 0 0 0.876058 -0.102056 0.0720832
821 -18997.5 -19068.8 71.293 0 0 0 0 0.05 0 0 0.876509 -0.101951 0.0720497
822 -18997.8 -19068.8 70.9551 0 0 0 0 0.05 0 0 0.876958 -0.101847 0.0720161
823 -18998.1 -19068.8 70.6426 0 0 0 0 0.05 0 0 0.877406 -0.101744 0.0719825
824 -18998.4 -19068.8 70.334 0 0 0 0 0.05 0 0 0.877851 -0.101641 0.0719487
825 -18998.8 -19068.8 70.0039 0 0 0 0 0.05 0 0 0.878295 -0.101538 0.0719149
826 -18999.1 -19068.8 69.6777 0 0 0 0 0.05 0 0 0.878737 -0.101435 0.0718809
827 -18999.4 -19068.8 69.377 0 0 0 0 0.05 0 0 0.879178 -0.101332 0.0718469
828 -18999.7 -19068.8 69.0527 0 0 0 0 0.05 0 0 0.879617 -0.10123 0.0718127
829 -19000 -19068.8 68.7363 0 0 0 0 0.05 0 0 0.880054 -0.101128 0.0717785
830 -19000.3 -19068.8 68.4277 0 0 0 0 0.05 0 0 0.880489 -0.101026 0.0717442
831 -19000.6 -19068.8 68.1211 0 0 0 0 0.05 0 0 0.880923 -0.100925 0.0717098
832 -19000.9 -19068.8 67.8262 0 0 0 0 0.05 0 0 0.881355 -0.100824 0.0716753
833 -19001.2 -19068.8 67.5078 0 0 0 0 0.05 0 0 0.881786 -0.100723 0.0716407
834 -19001.5 -19068.8 67.2129 0 0 0 0 0.05 0 0 0.882215 -0.100622 0.071606
835 -19001.8 -19068.8 66.9297 0 0 0 0 0.05 0 0 0.882642 -0.100522 0.0715712
836 -19002.1 -19068.8 66.6074 0 0 0 0 0.05 0 0 0.883068 -0.100422 0.0715363
837 -19002.4 -19068.8 66.3125 0 0 0 0 0.05 0 0 0.883492 -0.100322 0.0715013
838 -19002.8 -19068.8 66 0 0 0 0 0.05 0 0 0.883914 -0.100223 0.0714663
839 -19003 -19068.8 65.7207 0 0 0 0 0.05 0 0 0.884335 -0.100123 0.0714311
840 -19003.3 -19068.8 65.4062 0 0 0 0 0.05 0 0 0.884754 -0.100024 0.0713959
841 -19003.6 -19068.8 65.123 0 0 0 0 0.05 0 0 0.885172 -0.0999252 0.0713605
842 -19003.9 -19068.8 64.8262 0 0 0 0 0.05 0 0 0.885588 -0.0998266 0.0713251
843 -19004.2 -19068.8 64.5742 0 0 0 0 0.05 0 0 0.886002 -0.0997282 0.0712896
844 -19004.5 -19068.8 64.2891 0 0 0 0 0.05 0 0 0.886415 -0.0996301 0.071254
845 -19004.7 -19068.8 64.0176 0 0 0 0 0.05 0 0 0.886826 -0.0995322 0.0712184
846 -19005 -19068.8 63.7266 0 0 0 0 0.05 0 0 0.887236 -0.0994345 0.0711826
847 -19005.3 -19068.8 63.459 0 0 0 0 0.05 0 0 0.887644 -0.099337 0.0711467
848 -19005.6 -19068.8 63.1934 0 0 0 0 0.05 0 0 0.88805 -0.0992398 0.0711108
849 -19005.8 -19068.8 62.9238 0 0 0 0 0.05 0 0 0.888455 -0.0991428 0.0710748
850 -19006.1 -19068.8 62.6543 0 0 0 0 0.05 0 0 0.888859 -0.0990461 0.0710387
851 -19006.4 -19068.8 62.3594 0 0 0 0 0.05 0 0 0.889261 -0.0989495 0.0710025
852 -19006.7 -19068.8 62.0957 0 0 0 0 0.05 0 0 0.889661 -0.0988532 0.0709662
853 -19006.9 -19068.8 61.8281 0 0 0 0 0.05 0 0 0.89006 -0.0987571 0.0709299
854 -19007.2 -19068.8 61.5547 0 0 0 0 0.05 0 0 0.890457 -0.0986612 0.0708935
855 -19007.5 -19068.8 61.2832 0 0 0 0 0.05 0 0 0.890853 -0.0985655 0.0708569
856 -19007.7 -19068.8 61.0352 0 0 0 0 0.05 0 0 0.891248 -0.0984701 0.0708203
857 -19008 -19068.8 60.7852 0 0 0 0 0.05 0 0 0.89164 -0.0983748 0.0707837
858 -19008.2 -19068.8 60.5059 0 0 0 0 0.05 0 0 0.892032 -0.0982798 0.0707469
859 -19008.5 -19068.8 60.2715 0 0 0 0 0.05 0 0 0.892422 -0.098185 0.0707101
860 -19008.7 -19068.8 60.0156 0 0 0 0 0.05 0 0 0.89281 -0.0980903 0.0706732
861 -19009 -19068.8 59.7422 0 0 0 0 0.05 0 0 0.893197 -0.0979959 0.0706362
862 -19009.3 -19068.8 59.498 0 0 0 0 0.05 0 0 0.893582 -0.0979017 0.0705991
863 -19009.5 -19068.8 59.2461 0 0 0 0 0.05 0 0 0.893966 -0.0978077 0.0705619
864 -19009.8 -19068.8 58.9727 0 0 0 0 0.05 0 0 0.894349 -0.0977139 0.0705247
865 -19010 -19068.8 58.707 0 0 0 0 0.05 0 0 0.89473 -0.0976203 0.0704874
866 -19010.3 -19068.8 58.4355 0 0 0 0 0.05 0 0 0.89511 -0.0975269 0.07045
867 -19010.6 -19068.8 58.1797 0 0 0 0 0.05 0 0 0.895488 -0.0974336 0.0704126
868 -19010.8 -19068.8 57.9434 0 0 0 0 0.05 0 0 0.895865 -0.0973406 0.070375
869 -19011.1 -19068.8 57.6738 0 0 0 0 0.05 0 0 0.89624 -0.0972478 0.0703374
870 -19011.3 -19068.8 57.4414 0 0 0 0 0.05 0 0 0.896614 -0.0971551 0.0702998
871 -19011.6 -19068.8 57.1855 0 0 0 0 0.05 0 0 0.896986 -0.0970626 0.070262
872 -19011.8 -19068.8 56.9434 0 0 0 0 0.05 0 0 0.897358 -0.0969704 0.0702242
873 -19012.1 -19068.8 56.6816 0 0 0 0 0.05 0 0 0.897727 -0.0968783 0.0701863
874 -19012.4 -19068.8 56.3965 0 0 0 0 0.05 0 0 0.898096 -0.0967864 0.0701483
875 -19012.6 -19068.8 56.1504 0 0 0 0 0.05 0 0 0.898462 -0.0966947 0.0701102
876 -19012.8 -19068.8 55.9082 0 0 0 0 0.05 0 0 0.898828 -0.0966031 0.0700721
877 -19013.1 -19068.8 55.6855 0 0 0 0 0.05 0 0 0.899192 -0.0965118 0.0700339
878 -19013.3 -19068.8 55.4531 0 0 0 0 0.05 0 0 0.899555 -0.0964206 0.0699957
879 -19013.6 -19068.8 55.1953 0 0 0 0 0.05 0 0 0.899916 -0.0963296 0.0699573
880 -19013.8 -19068.8 54.959 0 0 0 0 0.05 0 0 0.900276 -0.0962387 0.0699189
881 -19014 -19068.8 54.7207 0 0 0 0 0.05 0 0 0.900635 -0.0961481 0.0698805
882 -19014.3 -19068.8 54.4609 0 0 0 0 0.05 0 0 0.900992 -0.0960576 0.0698419
883 -19014.5 -19068.8 54.2422 0 0 0 0 0.05 0 0 0.901348 -0.0959673 0.0698033
884 -19014.7 -19068.8 54.0078 0 0 0 0 0.05 0 0 0.901703 -0.0958771 0.0697646
885 -19015 -19068.8 53.7812 0 0 0 0 0.05 0 0 0.902056 -0.0957872 0.0697259
886 -19015.2 -19068.8 53.5488 0 0 0 0 0.05 0 0 0.902408 -0.0956973 0.0696871
887 -19015.4 -19068.8 53.3359 0 0 0 0 0.05 0 0 0.902758 -0.0956077 0.0696482
888 -19015.6 -19068.8 53.1328 0 0 0 0 0.05 0 0 0.903108 -0.0955182 0.0696093
889 -19015.9 -19068.8 52.877 0 0 0 0 0.05 0 0 0.903456 -0.0954289 0.0695703
890 -19016.1 -19068.8 52.6445 0 0 0 0 0.05 0 0 0.903802 -0.0953398 0.0695312
891 -19016.3 -19068.8 52.4375 0 0 0 0 0.05 0 0 0.904148 -0.0952508 0.069492
892 -19016.5 -19068.8 52.2246 0 0 0 0 0.05 0 0 0.904492 -0.0951619 0.0694528
893 -19016.7 -19068.8 52.0059 0 0 0 0 0.05 0 0 0.904834 -0.0950733 0.0694136
894 -19017 -19068.8 51.7871 0 0 0 0 0.05 0 0 0.905176 -0.0949847 0.0693742
895 -19017.2 -19068.8 51.5781 0 0 0 0 0.05 0 0 0.905516 -0.0948964 0.0693348
896 -19017.4 -19068.8 51.3457 0 0 0 0 0.05 0 0 0.905855 -0.0948082 0.0692954
897 -19017.6 -19068.8 51.1309 0 0 0 0 0.05 0 0 0.906192 -0.0947201 0.0692558
898 -19017.8 -19068.8 50.916 0 0 0 0 0.05 0 0 0.906529 -0.0946322 0.0692163
899 -19018.1 -19068.8 50.6992 0 0 0 0 0.05 0 0 0.906864 -0.0945445 0.0691766
900 -19018.3 -19068.8 50.498 0 0 0 0 0.05 0 0 0.907198 -0.0944569 0.0691369
901 -19018.5 -19068.8 50.2871 0 0 0 0 0.05 0 0 0.90753 -0.0943695 0.0690971
902 -19018.7 -19068.8 50.0859 0 0 0 0 0.05 0 0 0.907861 -0.0942822 0.0690573
903 -19018.9 -19068.8 49.877 0 0 0 0 0.05 0 0 0.908192 -0.094195 0.0690174
904 -19019.1 -19068.8 49.6523 0 0 0 0 0.05 0 0 0.90852 -0.094108 0.0689774
905 -19019.3 -19068.8 49.4238 0 0 0 0 0.05 0 0 0.908848 -0.0940211 0.0689374
906 -19019.5 -19068.8 49.2363 0 0 0 0 0.05 0 0 0.909174 -0.0939344 0.0688974
907 -19019.7 -19068.8 49.0352 0 0 0 0 0.05 0 0 0.909499 -0.0938479 0.0688572
908 -19019.9 -19068.8 48.8203 0 0 0 0 0.05 0 0 0.909823 -0.0937614 0.0688171
909 -19020.1 -19068.8 48.6113 0 0 0 0 0.05 0 0 0.910146 -0.0936752 0.0687768
910 -19020.3 -19068.8 48.4121 0 0 0 0 0.05 0 0 0.910467 -0.093589 0.0687365
911 -19020.5 -19068.8 48.2305 0 0 0 0 0.05 0 0 0.910788 -0.093503 0.0686962
912 -19020.7 -19068.8 48.0352 0 0 0 0 0.05 0 0 0.911107 -0.0934171 0.0686557
913 -19020.9 -19068.8 47.8477 0 0 0 0 0.05 0 0 0.911424 -0.0933314 0.0686153
914 -19021.1 -19068.8 47.6699 0 0 0 0 0.05 0 0 0.911741 -0.0932458 0.0685747
915 -19021.3 -19068.8 47.4727 0 0 0 0 0.05 0 0 0.912056 -0.0931603 0.0685342
916 -19021.5 -19068.8 47.2617 0 0 0 0 0.05 0 0 0.912371 -0.093075 0.0684935
917 -19021.7 -19068.8 47.0684 0 0 0 0 0.05 0 0 0.912684 -0.0929898 0.0684528
918 -19021.9 -19068.8 46.8652 0 0 0 0 0.05 0 0 0.912996 -0.0929048 0.0684121
919 -19022.1 -19068.8 46.6855 0 0 0 0 0.05 0 0 0.913307 -0.0928199 0.0683713
920 -19022.3 -19068.8 46.4922 0 0 0 0 0.05 0 0 0.913616 -0.0927351 0.0683304
921 -19022.5 -19068.8 46.2871 0 0 0 0 0.05 0 0 0.913925 -0.0926504 0.0682895
922 -19022.6 -19068.8 46.1133 0 0 0 0 0.05 0 0 0.914232 -0.0925659 0.0682486
923 -19022.8 -19068.8 45.9414 0 0 0 0 0.05 0 0 0.914538 -0.0924814 0.0682076
924 -19023 -19068.8 45.7344 0 0 0 0 0.05 0 0 0.914843 -0.0923972 0.0681665
925 -19023.2 -19068.8 45.5117 0 0 0 0 0.05 0 0 0.915147 -0.092313 0.0681254
926 -19023.4 -19068.8 45.3477 0 0 0 0 0.05 0 0 0.915449 -0.092229 0.0680842
927 -19023.6 -19068.8 45.1426 0 0 0 0 0.05 0 0 0.915751 -0.0921451 0.068043
928 -19023.8 -19068.8 44.9609 0 0 0 0 0.05 0 0 0.916051 -0.0920613 0.0680018
929 -19024 -19068.8 44.7734 0 0 0 0 0.05 0 0 0.916351 -0.0919777 0.0679605
930 -19024.2 -19068.8 44.5801 0 0 0 0 0.05 0 0 0.916649 -0.0918941 0.0679191
931 -19024.4 -19068.8 44.3594 0 0 0 0 0.05 0 0 0.916946 -0.0918107 0.0678777
932 -19024.6 -19068.8 44.1621 0 0 0 0 0.05 0 0 0.917242 -0.0917274 0.0678362
933 -19024.8 -19068.8 43.9688 0 0 0 0 0.05 0 0 0.917537 -0.0916443 0.0677947
934 -19025 -19068.8 43.7754 0 0 0 0 0.05 0 0 0.91783 -0.0915612 0.0677532
935 -19025.2 -19068.8 43.5664 0 0 0 0 0.05 0 0 0.918123 -0.0914783 0.0677115
936 -19025.4 -19068.8 43.3691 0 0 0 0 0.05 0 0 0.918415 -0.0913955 0.0676699
937 -19025.6 -19068.8 43.166 0 0 0 0 0.05 0 0 0.918705 -0.0913128 0.0676282
938 -19025.8 -19068.8 42.9883 0 0 0 0 0.05 0 0 0.918994 -0.0912302 0.0675865
939 -19025.9 -19068.8 42.8223 0 0 0 0 0.05 0 0 0.919283 -0.0911477 0.0675447
940 -19026.1 -19068.8 42.6367 0 0 0 0 0.05 0 0 0.91957 -0.0910654 0.0675028
941 -19026.3 -19068.8 42.4629 0 0 0 0 0.05 0 0 0.919856 -0.0909832 0.0674609
942 -19026.4 -19068.8 42.3047 0 0 0 0 0.05 0 0 0.920141 -0.0909011 0.067419
943 -19026.6 -19068.8 42.1309 0 0 0 0 0.05 0 0 0.920425 -0.090819 0.067377
944 -19026.8 -19068.8 41.9297 0 0 0 0 0.05 0 0 0.920708 -0.0907372 0.067335
945 -19027 -19068.8 41.7676 0 0 0 0 0.05 0 0 0.92099 -0.0906554 0.067293
946 -19027.2 -19068.8 41.6016 0 0 0 0 0.05 0 0 0.921271 -0.0905737 0.0672509
947 -19027.3 -19068.8 41.457 0 0 0 0 0.05 0 0 0.921551 -0.0904922 0.0672087
948 -19027.5 -19068.8 41.2891 0 0 0 0 0.05 0 0 0.921829 -0.0904107 0.0671665
949 -19027.6 -19068.8 41.127 0 0 0 0 0.05 0 0 0.922107 -0.0903294 0.0671243
950 -19027.8 -19068.8 40.9473 0 0 0 0 0.05 0 0 0.922384 -0.0902481 0.067082
951 -19028 -19068.8 40.8027 0 0 0 0 0.05 0 0 0.922659 -0.090167 0.0670397
952 -19028.1 -19068.8 40.6426 0 0 0 0 0.05 0 0 0.922934 -0.090086 0.0669973
953 -19028.3 -19068.8 40.4609 0 0 0 0 0.05 0 0 0.923207 -0.0900051 0.0669549
954 -19028.4 -19068.8 40.3105 0 0 0 0 0.05 0 0 0.92348 -0.0899243 0.0669125
955 -19028.6 -19068.8 40.1289 0 0 0 0 0.05 0 0 0.923752 -0.0898436 0.06687
956 -19028.8 -19068.8 39.9707 0 0 0 0 0.05 0 0 0.924022 -0.089763 0.0668275
957 -19028.9 -19068.8 39.8301 0 0 0 0 0.05 0 0 0.924292 -0.0896825 0.0667849
958 -19029.1 -19068.8 39.6484 0 0 0 0 0.05 0 0 0.92456 -0.0896022 0.0667423
959 -19029.3 -19068.8 39.4844 0 0 0 0 0.05 0 0 0.924828 -0.0895219 0.0666997
960 -19029.4 -19068.8 39.3105 0 0 0 0 0.05 0 0 0.925094 -0.0894417 0.066657
961 -19029.6 -19068.8 39.1504 0 0 0 0 0.05 0 0 0.92536 -0.0893616 0.0666143
962 -19029.7 -19068.8 39.0137 0 0 0 0 0.05 0 0 0.925624 -0.0892817 0.0665715
963 -19029.9 -19068.8 38.8672 0 0 0 0 0.05 0 0 0.925888 -0.0892018 0.0665287
964 -19030 -19068.8 38.7168 0 0 0 0 0.05 0 0 0.92615 -0.089122 0.0664859
965 -19030.2 -19068.8 38.5684 0 0 0 0 0.05 0 0 0.926412 -0.0890424 0.066443
966 -19030.3 -19068.8 38.4121 0 0 0 0 0.05 0 0 0.926673 -0.0889628 0.0664001
967 -19030.5 -19068.8 38.252 0 0 0 0 0.05 0 0 0.926932 -0.0888833 0.0663572
968 -19030.7 -19068.8 38.0957 0 0 0 0 0.05 0 0 0.927191 -0.0888039 0.0663142
969 -19030.8 -19068.8 37.9414 0 0 0 0 0.05 0 0 0.927449 -0.0887247 0.0662712
970 -19031 -19068.8 37.7754 0 0 0 0 0.05 0 0 0.927706 -0.0886455 0.0662281
971 -19031.1 -19068.8 37.6367 0 0 0 0 0.05 0 0 0.927961 -0.0885664 0.0661851
972 -19031.3 -19068.8 37.502 0 0 0 0 0.05 0 0 0.928216 -0.0884874 0.0661419
973 -19031.4 -19068.8 37.3535 0 0 0 0 0.05 0 0 0.92847 -0.0884085 0.0660988
974 -19031.5 -19068.8 37.2051 0 0 0 0 0.05 0 0 0.928723 -0.0883298 0.0660556
975 -19031.7 -19068.8 37.0625 0 0 0 0 0.05 0 0 0.928975 -0.0882511 0.0660124
976 -19031.8 -19068.8 36.9238 0 0 0 0 0.05 0 0 0.929226 -0.0881725 0.0659691
977 -19032 -19068.8 36.7715 0 0 0 0 0.05 0 0 0.929477 -0.0880939 0.0659258
978 -19032.1 -19068.8 36.6133 0 0 0 0 0.05 0 0 0.929726 -0.0880155 0.0658825
979 -19032.3 -19068.8 36.4629 0 0 0 0 0.05 0 0 0.929974 -0.0879372 0.0658392
980 -19032.4 -19068.8 36.3242 0 0 0 0 0.05 0 0 0.930222 -0.087859 0.0657958
981 -19032.6 -19068.8 36.1777 0 0 0 0 0.05 0 0 0.930468 -0.0877809 0.0657523
982 -19032.7 -19068.8 36.0352 0 0 0 0 0.05 0 0 0.930714 -0.0877028 0.0657089
983 -19032.9 -19068.8 35.8984 0 0 0 0 0.05 0 0 0.930958 -0.0876249 0.0656654
984 -19033 -19068.8 35.752 0 0 0 0 0.05 0 0 0.931202 -0.087547 0.0656219
985 -19033.2 -19068.8 35.6016 0 0 0 0 0.05 0 0 0.931445 -0.0874692 0.0655784
986 -19033.3 -19068.8 35.4473 0 0 0 0 0.05 0 0 0.931687 -0.0873915 0.0655348
987 -19033.4 -19068.8 35.3203 0 0 0 0 0.05 0 0 0.931928 -0.087314 0.0654912
988 -19033.6 -19068.8 35.1738 0 0 0 0 0.05 0 0 0.932168 -0.0872365 0.0654475
989 -19033.7 -19068.8 35.0293 0 0 0 0 0.05 0 0 0.932407 -0.087159 0.0654039
990 -19033.9 -19068.8 34.8691 0 0 0 0 0.05 0 0 0.932646 -0.0870817 0.0653602
991 -19034 -19068.8 34.7363 0 0 0 0 0.05 0 0 0.932883 -0.0870045 0.0653165
992 -19034.2 -19068.8 34.5801 0 0 0 0 0.05 0 0 0.93312 -0.0869273 0.0652727
993 -19034.3 -19068.8 34.4492 0 0 0 0 0.05 0 0 0.933356 -0.0868503 0.0652289
994 -19034.5 -19068.8 34.3027 0 0 0 0 0.05 0 0 0.933591 -0.0867733 0.0651851
995 -19034.6 -19068.8 34.1699 0 0 0 0 0.05 0 0 0.933825 -0.0866964 0.0651413
996 -19034.7 -19068.8 34.0332 0 0 0 0 0.05 0 0 0.934058 -0.0866196 0.0650974
997 -19034.8 -19068.8 33.9082 0 0 0 0 0.05 0 0 0.93429 -0.0865429 0.0650535
998 -19035 -19068.8 33.7793 0 0 0 0 0.05 0 0 0.934521 -0.0864663 0.0650096
999 -19035.1 -19068.8 33.6309 0 0 0 0 0.05 0 0 0.934752 -0.0863897 0.0649657
1000 -19035.3 -19068.8 33.4883 0 0 0 0 0.05 0 0 0.934982 -0.0863133 0.0649217
