# Iteration Energy MinEnergy Delta temp realtemp dtheta realdtheta MagneticFieldX Y Z MagnetizationX Y Z
1 -735.968 -19102.2 18366.3 0 0 0 0 0.06 0 0 -0.00317557 -0.00729618 -9.69536e-05
2 -1229.42 -19102.2 17872.8 0 0 0 0 0.06 0 0 -0.00241439 -0.00804501 -3.44343e-05
3 -1692.91 -19102.2 17409.3 0 0 0 0 0.06 0 0 -0.00164384 -0.00886487 4.98472e-05
4 -2135.55 -19102.2 16966.7 0 0 0 0 0.06 0 0 -0.000839898 -0.00976242 0.000162917
5 -2563.67 -19102.2 16538.6 0 0 0 0 0.06 0 0 1.35481e-05 -0.0107507 0.000299458
6 -2982.32 -19102.2 16119.9 0 0 0 0 0.06 0 0 0.000900413 -0.0117842 0.000455469
7 -3393.51 -19102.2 15708.7 0 0 0 0 0.06 0 0 0.00183784 -0.0128447 0.000610538
8 -3803.19 -19102.2 15299.1 0 0 0 0 0.06 0 0 0.00281834 -0.0139634 0.000800467
9 -4215.12 -19102.2 14887.1 0 0 0 0 0.06 0 0 0.00382047 -0.0151278 0.00100294
10 -4630.26 -19102.2 14472 0 0 0 0 0.06 0 0 0.0048032 -0.0163592 0.00121297
11 -5049.5 -19102.2 14052.7 0 0 0 0 0.06 0 0 0.00582906 -0.0176191 0.0014295
12 -5469.74 -19102.2 13632.5 0 0 0 0 0.06 0 0 0.00691598 -0.0189546 0.00163147
13 -5888.34 -19102.2 13213.9 0 0 0 0 0.06 0 0 0.007991 -0.0203204 0.00179689
14 -6307.12 -19102.2 12795.1 0 0 0 0 0.06 0 0 0.00911829 -0.0216924 0.00194659
15 -6725.17 -19102.2 12377.1 0 0 0 0 0.06 0 0 0.0103163 -0.0231741 0.0021368
16 -7139.3 -19102.2 11962.9 0 0 0 0 0.06 0 0 0.0116111 -0.0247596 0.00235398
17 -7548.96 -19102.2 11553.3 0 0 0 0 0.06 0 0 0.0129882 -0.0263962 0.00252281
18 -7953.18 -19102.2 11149.1 0 0 0 0 0.06 0 0 0.0144312 -0.0281179 0.00269416
19 -8347.67 -19102.2 10754.6 0 0 0 0 0.06 0 0 0.0158141 -0.0297802 0.00294345
20 -8731.66 -19102.2 10370.6 0 0 0 0 0.06 0 0 0.0170921 -0.031416 0.00317504
21 -9109.5 -19102.2 9992.74 0 0 0 0 0.06 0 0 0.0183071 -0.0330582 0.0033827
22 -9480.52 -19102.2 9621.73 0 0 0 0 0.06 0 0 0.0194407 -0.0346486 0.00353026
23 -9842.08 -19102.2 9260.16 0 0 0 0 0.06 0 0 0.0205883 -0.0362709 0.00368101
24 -10192.9 -19102.2 8909.32 0 0 0 0 0.06 0 0 0.0218188 -0.0379294 0.00386801
25 -10531.5 -19102.2 8570.73 0 0 0 0 0.06 0 0 0.0230671 -0.0395586 0.00400394
26 -10859.3 -19102.2 8242.95 0 0 0 0 0.06 0 0 0.0242834 -0.0412203 0.00413867
27 -11171.6 -19102.2 7930.67 0 0 0 0 0.06 0 0 0.0253927 -0.0429208 0.00422513
28 -11469.6 -19102.2 7632.69 0 0 0 0 0.06 0 0 0.0264536 -0.044562 0.00441727
29 -11751.7 -19102.2 7350.59 0 0 0 0 0.06 0 0 0.0274569 -0.0461598 0.00465104
30 -12016.9 -19102.2 7085.39 0 0 0 0 0.06 0 0 0.028462 -0.0477592 0.00476552
31 -12266.1 -19102.2 6836.14 0 0 0 0 0.06 0 0 0.0294147 -0.0493475 0.00485773
32 -12499 -19102.2 6603.26 0 0 0 0 0.06 0 0 0.0303922 -0.0509392 0.00485238
33 -12720.1 -19102.2 6382.17 0 0 0 0 0.06 0 0 0.0313683 -0.0525037 0.00481526
34 -12929.8 -19102.2 6172.41 0 0 0 0 0.06 0 0 0.0323693 -0.0540476 0.00478994
35 -13128.4 -19102.2 5973.86 0 0 0 0 0.06 0 0 0.0334467 -0.0555707 0.00472781
36 -13315.8 -19102.2 5786.46 0 0 0 0 0.06 0 0 0.0345566 -0.0570714 0.00467109
37 -13491.3 -19102.2 5610.93 0 0 0 0 0.06 0 0 0.0356641 -0.0586381 0.00462553
38 -13658.7 -19102.2 5443.55 0 0 0 0 0.06 0 0 0.0367736 -0.0602213 0.00458306
39 -13816.1 -19102.2 5286.16 0 0 0 0 0.06 0 0 0.0378709 -0.0617963 0.00455214
40 -13965.6 -19102.2 5136.63 0 0 0 0 0.06 0 0 0.0389881 -0.0633824 0.00454138
41 -14106.9 -19102.2 4995.35 0 0 0 0 0.06 0 0 0.0402007 -0.0649538 0.00454234
42 -14239.4 -19102.2 4862.87 0 0 0 0 0.06 0 0 0.0414788 -0.0664383 0.00455955
43 -14362.8 -19102.2 4739.42 0 0 0 0 0.06 0 0 0.0427711 -0.0678751 0.00460327
44 -14479.6 -19102.2 4622.68 0 0 0 0 0.06 0 0 0.0440797 -0.0692717 0.00465453
45 -14590.3 -19102.2 4511.94 0 0 0 0 0.06 0 0 0.0454029 -0.070629 0.00473442
46 -14694.3 -19102.2 4407.96 0 0 0 0 0.06 0 0 0.0467431 -0.071897 0.00477923
47 -14792.8 -19102.2 4309.42 0 0 0 0 0.06 0 0 0.0480442 -0.0731169 0.00480725
48 -14886.5 -19102.2 4215.78 0 0 0 0 0.06 0 0 0.0493452 -0.074311 0.00482632
49 -14975.1 -19102.2 4127.15 0 0 0 0 0.06 0 0 0.0506877 -0.075503 0.0048029
50 -15059.2 -19102.2 4043.04 0 0 0 0 0.06 0 0 0.0520533 -0.0766956 0.00479293
51 -15139.2 -19102.2 3963.03 0 0 0 0 0.06 0 0 0.053439 -0.0779032 0.00481194
52 -15216.5 -19102.2 3885.75 0 0 0 0 0.06 0 0 0.0548292 -0.0791117 0.00483873
53 -15290.8 -19102.2 3811.4 0 0 0 0 0.06 0 0 0.0562071 -0.0803078 0.00486932
54 -15362.7 -19102.2 3739.5 0 0 0 0 0.06 0 0 0.0575844 -0.0814865 0.00489677
55 -15431.8 -19102.2 3670.42 0 0 0 0 0.06 0 0 0.0589566 -0.0826379 0.00493574
56 -15498.5 -19102.2 3603.75 0 0 0 0 0.06 0 0 0.0603331 -0.0837659 0.00497397
57 -15562.2 -19102.2 3540.06 0 0 0 0 0.06 0 0 0.0617315 -0.0848836 0.00499466
58 -15623.4 -19102.2 3478.85 0 0 0 0 0.06 0 0 0.0631416 -0.0859955 0.00503052
59 -15682.6 -19102.2 3419.62 0 0 0 0 0.06 0 0 0.0645704 -0.0870964 0.00508457
60 -15739.9 -19102.2 3362.37 0 0 0 0 0.06 0 0 0.0659999 -0.0881764 0.00514953
61 -15794.4 -19102.2 3307.87 0 0 0 0 0.06 0 0 0.0674034 -0.0892479 0.00523409
62 -15846.8 -19102.2 3255.48 0 0 0 0 0.06 0 0 0.0688052 -0.0902985 0.0053362
63 -15897.2 -19102.2 3205.06 0 0 0 0 0.06 0 0 0.0702186 -0.0913472 0.00545732
64 -15945.7 -19102.2 3156.5 0 0 0 0 0.06 0 0 0.0716462 -0.0923942 0.0056001
65 -15992.5 -19102.2 3109.77 0 0 0 0 0.06 0 0 0.0730737 -0.0934298 0.00575646
66 -16037 -19102.2 3065.25 0 0 0 0 0.06 0 0 0.0745007 -0.0944383 0.00594196
67 -16080.4 -19102.2 3021.88 0 0 0 0 0.06 0 0 0.0759324 -0.0954409 0.00613738
68 -16122.6 -19102.2 2979.6 0 0 0 0 0.06 0 0 0.0773717 -0.0964366 0.00634285
69 -16163.9 -19102.2 2938.35 0 0 0 0 0.06 0 0 0.078818 -0.097426 0.00655857
70 -16204.1 -19102.2 2898.14 0 0 0 0 0.06 0 0 0.080265 -0.0984116 0.00677856
71 -16243.4 -19102.2 2858.83 0 0 0 0 0.06 0 0 0.0817196 -0.0993948 0.00700497
72 -16281.9 -19102.2 2820.34 0 0 0 0 0.06 0 0 0.0831783 -0.100375 0.0072382
73 -16319.6 -19102.2 2782.64 0 0 0 0 0.06 0 0 0.0846344 -0.101352 0.00747682
74 -16356.2 -19102.2 2746.09 0 0 0 0 0.06 0 0 0.0860945 -0.102317 0.00773168
75 -16391.9 -19102.2 2710.34 0 0 0 0 0.06 0 0 0.0875556 -0.103279 0.00799958
76 -16426.7 -19102.2 2675.5 0 0 0 0 0.06 0 0 0.0890144 -0.104238 0.00828425
77 -16460.9 -19102.2 2641.36 0 0 0 0 0.06 0 0 0.0904732 -0.105194 0.00857647
78 -16494.3 -19102.2 2607.92 0 0 0 0 0.06 0 0 0.0919302 -0.10615 0.0088746
79 -16526.9 -19102.2 2575.39 0 0 0 0 0.06 0 0 0.093386 -0.107106 0.00917674
80 -16558.6 -19102.2 2543.65 0 0 0 0 0.06 0 0 0.0948376 -0.108056 0.0094902
81 -16589.7 -19102.2 2512.53 0 0 0 0 0.06 0 0 0.096288 -0.109003 0.00980906
82 -16620.2 -19102.2 2482.08 0 0 0 0 0.06 0 0 0.0977397 -0.109951 0.0101337
83 -16649.8 -19102.2 2452.4 0 0 0 0 0.06 0 0 0.0991957 -0.110905 0.0104652
84 -16679 -19102.2 2423.25 0 0 0 0 0.06 0 0 0.100651 -0.111858 0.0108004
85 -16707.6 -19102.2 2394.68 0 0 0 0 0.06 0 0 0.102106 -0.112809 0.0111388
86 -16735.5 -19102.2 2366.79 0 0 0 0 0.06 0 0 0.103563 -0.113766 0.0114773
87 -16762.7 -19102.2 2339.57 0 0 0 0 0.06 0 0 0.105023 -0.114724 0.0118195
88 -16789.3 -19102.2 2312.97 0 0 0 0 0.06 0 0 0.106483 -0.115681 0.0121662
89 -16815.2 -19102.2 2287 0 0 0 0 0.06 0 0 0.10794 -0.116632 0.0125171
90 -16840.8 -19102.2 2261.49 0 0 0 0 0.06 0 0 0.109397 -0.117582 0.0128687
91 -16865.7 -19102.2 2236.5 0 0 0 0 0.06 0 0 0.110854 -0.11853 0.0132204
92 -16890.1 -19102.2 2212.1 0 0 0 0 0.06 0 0 0.112311 -0.119474 0.0135779
93 -16914 -19102.2 2188.25 0 0 0 0 0.06 0 0 0.113771 -0.120416 0.0139348
94 -16937.4 -19102.2 2164.87 0 0 0 0 0.06 0 0 0.115234 -0.121356 0.0142911
95 -16960.2 -19102.2 2142.09 0 0 0 0 0.06 0 0 0.116701 -0.122291 0.0146527
96 -16982.5 -19102.2 2119.77 0 0 0 0 0.06 0 0 0.118169 -0.123224 0.0150128
97 -17004.4 -19102.2 2097.84 0 0 0 0 0.06 0 0 0.11964 -0.124153 0.0153712
98 -17025.9 -19102.2 2076.32 0 0 0 0 0.06 0 0 0.121113 -0.125079 0.0157275
99 -17047.1 -19102.2 2055.18 0 0 0 0 0.06 0 0 0.122588 -0.126001 0.0160815
100 -17067.8 -19102.2 2034.42 0 0 0 0 0.06 0 0 0.124066 -0.126919 0.016433
101 -17088.2 -19102.2 2014.02 0 0 0 0 0.06 0 0 0.125546 -0.127833 0.0167818
102 -17108.3 -19102.2 1993.95 0 0 0 0 0.06 0 0 0.127029 -0.128743 0.017128
103 -17127.8 -19102.2 1974.47 0 0 0 0 0.06 0 0 0.128508 -0.129638 0.0174687
104 -17146.9 -19102.2 1955.31 0 0 0 0 0.06 0 0 0.12999 -0.130528 0.0178065
105 -17165.7 -19102.2 1936.5 0 0 0 0 0.06 0 0 0.131474 -0.131412 0.0181413
106 -17184.2 -19102.2 1918 0 0 0 0 0.06 0 0 0.132961 -0.13229 0.0184733
107 -17202.5 -19102.2 1899.79 0 0 0 0 0.06 0 0 0.134451 -0.133161 0.0188024
108 -17220.4 -19102.2 1881.88 0 0 0 0 0.06 0 0 0.135945 -0.134025 0.01913
109 -17237.9 -19102.2 1864.33 0 0 0 0 0.06 0 0 0.137443 -0.134881 0.0194562
110 -17255.2 -19102.2 1847.04 0 0 0 0 0.06 0 0 0.138945 -0.135729 0.0197787
111 -17272 -19102.2 1830.27 0 0 0 0 0.06 0 0 0.140451 -0.136567 0.0200875
112 -17288.4 -19102.2 1813.8 0 0 0 0 0.06 0 0 0.141961 -0.137398 0.0203935
113 -17304.7 -19102.2 1797.58 0 0 0 0 0.06 0 0 0.143475 -0.138221 0.0206969
114 -17320.5 -19102.2 1781.76 0 0 0 0 0.06 0 0 0.144995 -0.13904 0.0209947
115 -17336 -19102.2 1766.22 0 0 0 0 0.06 0 0 0.14652 -0.139853 0.0212884
116 -17351.3 -19102.2 1750.94 0 0 0 0 0.06 0 0 0.148049 -0.140659 0.0215795
117 -17366.3 -19102.2 1735.91 0 0 0 0 0.06 0 0 0.149582 -0.141458 0.0218683
118 -17381.1 -19102.2 1721.15 0 0 0 0 0.06 0 0 0.151119 -0.142249 0.0221549
119 -17395.7 -19102.2 1706.59 0 0 0 0 0.06 0 0 0.15266 -0.143031 0.0224396
120 -17410 -19102.2 1692.29 0 0 0 0 0.06 0 0 0.154205 -0.143806 0.0227226
121 -17424.1 -19102.2 1678.18 0 0 0 0 0.06 0 0 0.155754 -0.144573 0.0230041
122 -17437.9 -19102.2 1664.3 0 0 0 0 0.06 0 0 0.157306 -0.145332 0.0232843
123 -17451.6 -19102.2 1650.69 0 0 0 0 0.06 0 0 0.158863 -0.146082 0.0235634
124 -17465 -19102.2 1637.23 0 0 0 0 0.06 0 0 0.160423 -0.146824 0.0238416
125 -17478.2 -19102.2 1624 0 0 0 0 0.06 0 0 0.161986 -0.147557 0.0241191
126 -17491.3 -19102.2 1610.92 0 0 0 0 0.06 0 0 0.163553 -0.148282 0.024396
127 -17504.2 -19102.2 1598.05 0 0 0 0 0.06 0 0 0.165122 -0.148998 0.0246725
128 -17516.8 -19102.2 1585.41 0 0 0 0 0.06 0 0 0.166695 -0.149705 0.0249487
129 -17529.3 -19102.2 1572.92 0 0 0 0 0.06 0 0 0.168271 -0.150403 0.0252248
130 -17541.6 -19102.2 1560.62 0 0 0 0 0.06 0 0 0.169849 -0.151093 0.0255008
131 -17553.7 -19102.2 1548.5 0 0 0 0 0.06 0 0 0.17143 -0.151773 0.0257768
132 -17565.7 -19102.2 1536.51 0 0 0 0 0.06 0 0 0.173013 -0.152445 0.0260528
133 -17577.5 -19102.2 1524.71 0 0 0 0 0.06 0 0 0.174598 -0.153108 0.026329
134 -17589.2 -19102.2 1513.08 0 0 0 0 0.06 0 0 0.176185 -0.153761 0.0266053
135 -17600.6 -19102.2 1501.68 0 0 0 0 0.06 0 0 0.177773 -0.154406 0.0268817
136 -17611.8 -19102.2 1490.4 0 0 0 0 0.06 0 0 0.179364 -0.155042 0.0271583
137 -17622.9 -19102.2 1479.32 0 0 0 0 0.06 0 0 0.180955 -0.155668 0.027435
138 -17633.9 -19102.2 1468.34 0 0 0 0 0.06 0 0 0.182549 -0.156286 0.0277118
139 -17644.7 -19102.2 1457.59 0 0 0 0 0.06 0 0 0.184143 -0.156895 0.0279888
140 -17655.3 -19102.2 1446.97 0 0 0 0 0.06 0 0 0.185739 -0.157494 0.0282659
141 -17665.7 -19102.2 1436.55 0 0 0 0 0.06 0 0 0.187335 -0.158085 0.0285429
142 -17676 -19102.2 1426.26 0 0 0 0 0.06 0 0 0.188933 -0.158668 0.0288198
143 -17686.1 -19102.2 1416.12 0 0 0 0 0.06 0 0 0.190531 -0.159241 0.0290965
144 -17696.1 -19102.2 1406.18 0 0 0 0 0.06 0 0 0.19213 -0.159806 0.0293729
145 -17705.9 -19102.2 1396.33 0 0 0 0 0.06 0 0 0.19373 -0.160363 0.0296488
146 -17715.6 -19102.2 1386.67 0 0 0 0 0.06 0 0 0.19533 -0.160911 0.0299243
147 -17725.1 -19102.2 1377.19 0 0 0 0 0.06 0 0 0.196931 -0.161451 0.0301991
148 -17734.4 -19102.2 1367.88 0 0 0 0 0.06 0 0 0.198532 -0.161983 0.0304732
149 -17743.6 -19102.2 1358.66 0 0 0 0 0.06 0 0 0.200134 -0.162507 0.0307465
150 -17752.6 -19102.2 1349.62 0 0 0 0 0.06 0 0 0.201737 -0.163023 0.0310188
151 -17761.5 -19102.2 1340.71 0 0 0 0 0.06 0 0 0.203339 -0.163531 0.0312901
152 -17770.3 -19102.2 1331.96 0 0 0 0 0.06 0 0 0.204942 -0.164032 0.0315602
153 -17778.9 -19102.2 1323.35 0 0 0 0 0.06 0 0 0.206546 -0.164525 0.0318291
154 -17787.4 -19102.2 1314.87 0 0 0 0 0.06 0 0 0.20815 -0.165011 0.0320966
155 -17795.7 -19102.2 1306.55 0 0 0 0 0.06 0 0 0.209754 -0.165489 0.0323628
156 -17803.9 -19102.2 1298.36 0 0 0 0 0.06 0 0 0.211359 -0.16596 0.0326274
157 -17811.9 -19102.2 1290.3 0 0 0 0 0.06 0 0 0.212965 -0.166424 0.0328905
158 -17819.9 -19102.2 1282.37 0 0 0 0 0.06 0 0 0.21457 -0.166881 0.033152
159 -17827.7 -19102.2 1274.55 0 0 0 0 0.06 0 0 0.216177 -0.167331 0.0334119
160 -17835.3 -19102.2 1266.9 0 0 0 0 0.06 0 0 0.217784 -0.167775 0.0336701
161 -17842.9 -19102.2 1259.31 0 0 0 0 0.06 0 0 0.219392 -0.168211 0.0339265
162 -17850.4 -19102.2 1251.87 0 0 0 0 0.06 0 0 0.221 -0.168641 0.0341812
163 -17857.7 -19102.2 1244.57 0 0 0 0 0.06 0 0 0.222609 -0.169064 0.0344341
164 -17864.9 -19102.2 1237.34 0 0 0 0 0.06 0 0 0.224219 -0.169481 0.0346852
165 -17872 -19102.2 1230.22 0 0 0 0 0.06 0 0 0.22583 -0.169891 0.0349346
166 -17879 -19102.2 1223.25 0 0 0 0 0.06 0 0 0.227442 -0.170296 0.0351821
167 -17885.9 -19102.2 1216.36 0 0 0 0 0.06 0 0 0.229054 -0.170693 0.0354279
168 -17892.7 -19102.2 1209.58 0 0 0 0 0.06 0 0 0.230668 -0.171085 0.0356719
169 -17899.3 -19102.2 1202.9 0 0 0 0 0.06 0 0 0.232282 -0.171471 0.0359142
170 -17905.9 -19102.2 1196.33 0 0 0 0 0.06 0 0 0.233897 -0.17185 0.0361547
171 -17912.4 -19102.2 1189.81 0 0 0 0 0.06 0 0 0.235514 -0.172224 0.0363936
172 -17918.8 -19102.2 1183.42 0 0 0 0 0.06 0 0 0.237132 -0.172592 0.0366307
173 -17925.1 -19102.2 1177.12 0 0 0 0 0.06 0 0 0.23875 -0.172954 0.0368662
174 -17931.4 -19102.2 1170.87 0 0 0 0 0.06 0 0 0.24037 -0.173311 0.0371001
175 -17937.5 -19102.2 1164.73 0 0 0 0 0.06 0 0 0.241991 -0.173662 0.0373324
176 -17943.6 -19102.2 1158.69 0 0 0 0 0.06 0 0 0.243614 -0.174007 0.0375631
177 -17949.6 -19102.2 1152.69 0 0 0 0 0.06 0 0 0.245237 -0.174348 0.0377924
178 -17955.5 -19102.2 1146.75 0 0 0 0 0.06 0 0 0.246862 -0.174682 0.0380201
179 -17961.4 -19102.2 1140.88 0 0 0 0 0.06 0 0 0.248489 -0.175012 0.0382464
180 -17967.1 -19102.2 1135.16 0 0 0 0 0.06 0 0 0.250116 -0.175336 0.0384713
181 -17972.8 -19102.2 1129.43 0 0 0 0 0.06 0 0 0.251745 -0.175655 0.0386948
182 -17978.5 -19102.2 1123.77 0 0 0 0 0.06 0 0 0.253376 -0.17597 0.0389169
183 -17984.1 -19102.2 1118.18 0 0 0 0 0.06 0 0 0.255008 -0.176279 0.0391377
184 -17989.6 -19102.2 1112.66 0 0 0 0 0.06 0 0 0.256641 -0.176583 0.0393573
185 -17995.1 -19102.2 1107.19 0 0 0 0 0.06 0 0 0.258276 -0.176882 0.0395756
186 -18000.4 -19102.2 1101.8 0 0 0 0 0.06 0 0 0.259913 -0.177177 0.0397927
187 -18005.8 -19102.2 1096.46 0 0 0 0 0.06 0 0 0.261551 -0.177467 0.0400085
188 -18011.1 -19102.2 1091.11 0 0 0 0 0.06 0 0 0.263191 -0.177752 0.0402232
189 -18016.4 -19102.2 1085.85 0 0 0 0 0.06 0 0 0.264832 -0.178032 0.0404368
190 -18021.6 -19102.2 1080.63 0 0 0 0 0.06 0 0 0.266475 -0.178308 0.0406493
191 -18026.8 -19102.2 1075.46 0 0 0 0 0.06 0 0 0.268119 -0.17858 0.0408607
192 -18031.9 -19102.2 1070.34 0 0 0 0 0.06 0 0 0.269765 -0.178847 0.041071
193 -18037 -19102.2 1065.22 0 0 0 0 0.06 0 0 0.271413 -0.179109 0.0412803
194 -18042.1 -19102.2 1060.19 0 0 0 0 0.06 0 0 0.273063 -0.179367 0.0414885
195 -18047.1 -19102.2 1055.15 0 0 0 0 0.06 0 0 0.274714 -0.179621 0.0416957
196 -18052.1 -19102.2 1050.17 0 0 0 0 0.06 0 0 0.276367 -0.179871 0.041902
197 -18057 -19102.2 1045.21 0 0 0 0 0.06 0 0 0.278021 -0.180116 0.0421073
198 -18061.9 -19102.2 1040.31 0 0 0 0 0.06 0 0 0.279678 -0.180357 0.0423116
199 -18066.8 -19102.2 1035.46 0 0 0 0 0.06 0 0 0.281336 -0.180594 0.042515
200 -18071.7 -19102.2 1030.59 0 0 0 0 0.06 0 0 0.282996 -0.180827 0.0427175
201 -18076.5 -19102.2 1025.77 0 0 0 0 0.06 0 0 0.284657 -0.181056 0.042919
202 -18081.3 -19102.2 1020.97 0 0 0 0 0.06 0 0 0.286321 -0.18128 0.0431196
203 -18086 -19102.2 1016.2 0 0 0 0 0.06 0 0 0.287986 -0.181501 0.0433193
204 -18090.8 -19102.2 1011.43 0 0 0 0 0.06 0 0 0.289653 -0.181717 0.0435182
205 -18095.6 -19102.2 1006.69 0 0 0 0 0.06 0 0 0.291321 -0.18193 0.0437161
206 -18100.2 -19102.2 1002.06 0 0 0 0 0.06 0 0 0.292989 -0.182136 0.0439139
207 -18104.7 -19102.2 997.584 0 0 0 0 0.06 0 0 0.294654 -0.182334 0.0441122
208 -18109.1 -19102.2 993.15 0 0 0 0 0.06 0 0 0.296319 -0.182527 0.0443097
209 -18113.5 -19102.2 988.791 0 0 0 0 0.06 0 0 0.297985 -0.182715 0.0445064
210 -18117.8 -19102.2 984.416 0 0 0 0 0.06 0 0 0.299652 -0.182899 0.0447024
211 -18122.1 -19102.2 980.131 0 0 0 0 0.06 0 0 0.301319 -0.183079 0.0448976
212 -18126.4 -19102.2 975.848 0 0 0 0 0.06 0 0 0.302988 -0.183255 0.0450921
213 -18130.6 -19102.2 971.619 0 0 0 0 0.06 0 0 0.304657 -0.183426 0.0452858
214 -18134.9 -19102.2 967.379 0 0 0 0 0.06 0 0 0.306327 -0.183593 0.0454786
215 -18139 -19102.2 963.213 0 0 0 0 0.06 0 0 0.307997 -0.183757 0.0456707
216 -18143.2 -19102.2 959.066 0 0 0 0 0.06 0 0 0.309669 -0.183916 0.045862
217 -18147.3 -19102.2 954.982 0 0 0 0 0.06 0 0 0.311341 -0.184071 0.0460526
218 -18151.3 -19102.2 950.916 0 0 0 0 0.06 0 0 0.313014 -0.184222 0.0462423
219 -18155.4 -19102.2 946.848 0 0 0 0 0.06 0 0 0.314688 -0.184369 0.0464312
220 -18159.4 -19102.2 942.83 0 0 0 0 0.06 0 0 0.316362 -0.184512 0.0466193
221 -18163.4 -19102.2 938.838 0 0 0 0 0.06 0 0 0.318038 -0.184652 0.0468066
222 -18167.4 -19102.2 934.84 0 0 0 0 0.06 0 0 0.319714 -0.184788 0.0469931
223 -18171.3 -19102.2 930.928 0 0 0 0 0.06 0 0 0.321391 -0.18492 0.0471788
224 -18175.2 -19102.2 927.045 0 0 0 0 0.06 0 0 0.323069 -0.185048 0.0473637
225 -18179.1 -19102.2 923.115 0 0 0 0 0.06 0 0 0.324748 -0.185172 0.0475478
226 -18183 -19102.2 919.268 0 0 0 0 0.06 0 0 0.326427 -0.185293 0.0477312
227 -18186.8 -19102.2 915.465 0 0 0 0 0.06 0 0 0.328108 -0.185411 0.0479137
228 -18190.6 -19102.2 911.623 0 0 0 0 0.06 0 0 0.329789 -0.185524 0.0480955
229 -18194.4 -19102.2 907.797 0 0 0 0 0.06 0 0 0.331472 -0.185635 0.0482765
230 -18198.2 -19102.2 904.014 0 0 0 0 0.06 0 0 0.333155 -0.185741 0.0484568
231 -18202 -19102.2 900.26 0 0 0 0 0.06 0 0 0.33484 -0.185845 0.0486363
232 -18205.7 -19102.2 896.525 0 0 0 0 0.06 0 0 0.336525 -0.185944 0.0488151
233 -18209.5 -19102.2 892.75 0 0 0 0 0.06 0 0 0.338211 -0.186041 0.0489932
234 -18213.2 -19102.2 889.07 0 0 0 0 0.06 0 0 0.339899 -0.186134 0.0491706
235 -18216.9 -19102.2 885.322 0 0 0 0 0.06 0 0 0.341587 -0.186223 0.0493473
236 -18220.6 -19102.2 881.66 0 0 0 0 0.06 0 0 0.343277 -0.18631 0.0495233
237 -18224.3 -19102.2 877.973 0 0 0 0 0.06 0 0 0.344968 -0.186393 0.0496987
238 -18227.9 -19102.2 874.314 0 0 0 0 0.06 0 0 0.346659 -0.186473 0.0498734
239 -18231.6 -19102.2 870.631 0 0 0 0 0.06 0 0 0.348352 -0.186549 0.0500475
240 -18235.2 -19102.2 866.996 0 0 0 0 0.06 0 0 0.350046 -0.186622 0.050221
241 -18238.9 -19102.2 863.32 0 0 0 0 0.06 0 0 0.351741 -0.186693 0.0503939
242 -18242.5 -19102.2 859.695 0 0 0 0 0.06 0 0 0.353437 -0.186759 0.0505663
243 -18246.2 -19102.2 856.064 0 0 0 0 0.06 0 0 0.355134 -0.186823 0.050738
244 -18249.8 -19102.2 852.441 0 0 0 0 0.06 0 0 0.356832 -0.186884 0.0509092
245 -18253.5 -19102.2 848.777 0 0 0 0 0.06 0 0 0.358532 -0.186942 0.0510798
246 -18257 -19102.2 845.199 0 0 0 0 0.06 0 0 0.360232 -0.186996 0.0512499
247 -18260.7 -19102.2 841.557 0 0 0 0 0.06 0 0 0.361932 -0.187048 0.0514194
248 -18264.3 -19102.2 837.943 0 0 0 0 0.06 0 0 0.363634 -0.187096 0.0515884
249 -18267.9 -19102.2 834.312 0 0 0 0 0.06 0 0 0.365337 -0.187142 0.0517568
250 -18271.5 -19102.2 830.713 0 0 0 0 0.06 0 0 0.36704 -0.187184 0.0519247
251 -18275.1 -19102.2 827.121 0 0 0 0 0.06 0 0 0.368743 -0.187224 0.052092
252 -18278.7 -19102.2 823.502 0 0 0 0 0.06 0 0 0.370447 -0.187261 0.0522587
253 -18282.3 -19102.2 819.959 0 0 0 0 0.06 0 0 0.372152 -0.187295 0.0524248
254 -18285.9 -19102.2 816.369 0 0 0 0 0.06 0 0 0.373857 -0.187326 0.0525903
255 -18289.5 -19102.2 812.768 0 0 0 0 0.06 0 0 0.375561 -0.187355 0.0527552
256 -18293 -19102.2 809.195 0 0 0 0 0.06 0 0 0.377266 -0.187381 0.0529193
257 -18296.6 -19102.2 805.627 0 0 0 0 0.06 0 0 0.378971 -0.187404 0.0530828
258 -18300.2 -19102.2 802.08 0 0 0 0 0.06 0 0 0.380675 -0.187425 0.0532456
259 -18303.7 -19102.2 798.557 0 0 0 0 0.06 0 0 0.382379 -0.187443 0.0534075
260 -18307.2 -19102.2 795.035 0 0 0 0 0.06 0 0 0.384083 -0.187459 0.0535687
261 -18310.7 -19102.2 791.521 0 0 0 0 0.06 0 0 0.385785 -0.187472 0.053729
262 -18314.3 -19102.2 787.986 0 0 0 0 0.06 0 0 0.387487 -0.187483 0.0538884
263 -18317.7 -19102.2 784.525 0 0 0 0 0.06 0 0 0.389188 -0.187492 0.0540468
264 -18321.2 -19102.2 781.08 0 0 0 0 0.06 0 0 0.390888 -0.187498 0.0542043
265 -18324.6 -19102.2 777.635 0 0 0 0 0.06 0 0 0.392586 -0.187502 0.0543608
266 -18328 -19102.2 774.219 0 0 0 0 0.06 0 0 0.394283 -0.187504 0.0545162
267 -18331.4 -19102.2 770.83 0 0 0 0 0.06 0 0 0.395979 -0.187504 0.0546704
268 -18334.8 -19102.2 767.441 0 0 0 0 0.06 0 0 0.397673 -0.187502 0.0548236
269 -18338.2 -19102.2 764.062 0 0 0 0 0.06 0 0 0.399366 -0.187497 0.0549755
270 -18341.5 -19102.2 760.738 0 0 0 0 0.06 0 0 0.401056 -0.187491 0.0551263
271 -18344.8 -19102.2 757.42 0 0 0 0 0.06 0 0 0.402745 -0.187483 0.0552757
272 -18348.1 -19102.2 754.143 0 0 0 0 0.06 0 0 0.404432 -0.187472 0.0554239
273 -18351.3 -19102.2 750.904 0 0 0 0 0.06 0 0 0.406117 -0.18746 0.0555708
274 -18354.6 -19102.2 747.654 0 0 0 0 0.06 0 0 0.4078 -0.187446 0.0557163
275 -18357.8 -19102.2 744.426 0 0 0 0 0.06 0 0 0.40948 -0.18743 0.0558604
276 -18361 -19102.2 741.26 0 0 0 0 0.06 0 0 0.411159 -0.187412 0.0560032
277 -18364.1 -19102.2 738.098 0 0 0 0 0.06 0 0 0.412835 -0.187393 0.0561445
278 -18367.3 -19102.2 734.945 0 0 0 0 0.06 0 0 0.414509 -0.187371 0.0562844
279 -18370.4 -19102.2 731.852 0 0 0 0 0.06 0 0 0.416181 -0.187348 0.0564228
280 -18373.5 -19102.2 728.744 0 0 0 0 0.06 0 0 0.417851 -0.187323 0.0565597
281 -18376.6 -19102.2 725.682 0 0 0 0 0.06 0 0 0.419518 -0.187297 0.0566952
282 -18379.6 -19102.2 722.652 0 0 0 0 0.06 0 0 0.421183 -0.187268 0.0568293
283 -18382.6 -19102.2 719.613 0 0 0 0 0.06 0 0 0.422845 -0.187238 0.0569619
284 -18385.6 -19102.2 716.633 0 0 0 0 0.06 0 0 0.424506 -0.187206 0.0570931
285 -18388.6 -19102.2 713.635 0 0 0 0 0.06 0 0 0.426163 -0.187173 0.0572228
286 -18391.6 -19102.2 710.676 0 0 0 0 0.06 0 0 0.427819 -0.187137 0.0573512
287 -18394.5 -19102.2 707.738 0 0 0 0 0.06 0 0 0.429472 -0.1871 0.0574781
288 -18397.4 -19102.2 704.828 0 0 0 0 0.06 0 0 0.431122 -0.187061 0.0576036
289 -18400.3 -19102.2 701.906 0 0 0 0 0.06 0 0 0.43277 -0.18702 0.0577277
290 -18403.2 -19102.2 699.035 0 0 0 0 0.06 0 0 0.434416 -0.186978 0.0578504
291 -18406.1 -19102.2 696.166 0 0 0 0 0.06 0 0 0.436059 -0.186934 0.0579717
292 -18408.9 -19102.2 693.328 0 0 0 0 0.06 0 0 0.4377 -0.186888 0.0580916
293 -18411.8 -19102.2 690.473 0 0 0 0 0.06 0 0 0.439338 -0.18684 0.0582102
294 -18414.6 -19102.2 687.68 0 0 0 0 0.06 0 0 0.440974 -0.18679 0.0583274
295 -18417.4 -19102.2 684.863 0 0 0 0 0.06 0 0 0.442607 -0.186739 0.0584433
296 -18420.2 -19102.2 682.076 0 0 0 0 0.06 0 0 0.444238 -0.186686 0.0585578
297 -18422.9 -19102.2 679.301 0 0 0 0 0.06 0 0 0.445867 -0.186631 0.058671
298 -18425.7 -19102.2 676.557 0 0 0 0 0.06 0 0 0.447493 -0.186574 0.0587829
299 -18428.5 -19102.2 673.791 0 0 0 0 0.06 0 0 0.449116 -0.186515 0.0588934
300 -18431.2 -19102.2 671.047 0 0 0 0 0.06 0 0 0.450738 -0.186455 0.0590026
301 -18433.9 -19102.2 668.328 0 0 0 0 0.06 0 0 0.452357 -0.186393 0.0591104
302 -18436.6 -19102.2 665.658 0 0 0 0 0.06 0 0 0.453974 -0.186329 0.0592169
303 -18439.3 -19102.2 662.969 0 0 0 0 0.06 0 0 0.455588 -0.186264 0.0593221
304 -18442 -19102.2 660.209 0 0 0 0 0.06 0 0 0.4572 -0.186197 0.059426
305 -18444.6 -19102.2 657.607 0 0 0 0 0.06 0 0 0.45881 -0.186128 0.0595286
306 -18447.3 -19102.2 654.908 0 0 0 0 0.06 0 0 0.460417 -0.186057 0.05963
307 -18450 -19102.2 652.268 0 0 0 0 0.06 0 0 0.462023 -0.185985 0.0597301
308 -18452.6 -19102.2 649.652 0 0 0 0 0.06 0 0 0.463626 -0.185911 0.059829
309 -18455.3 -19102.2 646.984 0 0 0 0 0.06 0 0 0.465226 -0.185835 0.0599267
310 -18457.9 -19102.2 644.361 0 0 0 0 0.06 0 0 0.466825 -0.185757 0.0600232
311 -18460.5 -19102.2 641.742 0 0 0 0 0.06 0 0 0.468421 -0.185677 0.0601186
312 -18463.2 -19102.2 639.086 0 0 0 0 0.06 0 0 0.470015 -0.185596 0.0602127
313 -18465.8 -19102.2 636.494 0 0 0 0 0.06 0 0 0.471606 -0.185513 0.0603058
314 -18468.4 -19102.2 633.879 0 0 0 0 0.06 0 0 0.473196 -0.185428 0.0603977
315 -18471 -19102.2 631.254 0 0 0 0 0.06 0 0 0.474783 -0.185341 0.0604885
316 -18473.5 -19102.2 628.727 0 0 0 0 0.06 0 0 0.476368 -0.185252 0.0605782
317 -18476.2 -19102.2 626.059 0 0 0 0 0.06 0 0 0.47795 -0.185162 0.0606669
318 -18478.8 -19102.2 623.461 0 0 0 0 0.06 0 0 0.479531 -0.18507 0.0607545
319 -18481.4 -19102.2 620.848 0 0 0 0 0.06 0 0 0.481109 -0.184976 0.060841
320 -18484 -19102.2 618.27 0 0 0 0 0.06 0 0 0.482686 -0.18488 0.0609266
321 -18486.6 -19102.2 615.641 0 0 0 0 0.06 0 0 0.48426 -0.184782 0.0610111
322 -18489.2 -19102.2 613.037 0 0 0 0 0.06 0 0 0.485832 -0.184682 0.0610947
323 -18491.8 -19102.2 610.482 0 0 0 0 0.06 0 0 0.487401 -0.184581 0.0611773
324 -18494.4 -19102.2 607.797 0 0 0 0 0.06 0 0 0.488969 -0.184478 0.0612589
325 -18497 -19102.2 605.197 0 0 0 0 0.06 0 0 0.490535 -0.184372 0.0613395
326 -18499.7 -19102.2 602.568 0 0 0 0 0.06 0 0 0.492098 -0.184265 0.0614193
327 -18502.3 -19102.2 599.904 0 0 0 0 0.06 0 0 0.49366 -0.184157 0.0614981
328 -18505 -19102.2 597.271 0 0 0 0 0.06 0 0 0.49522 -0.184046 0.061576
329 -18507.6 -19102.2 594.609 0 0 0 0 0.06 0 0 0.496777 -0.183933 0.061653
330 -18510.3 -19102.2 591.928 0 0 0 0 0.06 0 0 0.498333 -0.183818 0.0617291
331 -18513 -19102.2 589.26 0 0 0 0 0.06 0 0 0.499887 -0.183702 0.0618044
332 -18515.7 -19102.2 586.531 0 0 0 0 0.06 0 0 0.501438 -0.183583 0.0618787
333 -18518.4 -19102.2 583.842 0 0 0 0 0.06 0 0 0.502988 -0.183463 0.0619522
334 -18521.2 -19102.2 581.057 0 0 0 0 0.06 0 0 0.504536 -0.183341 0.0620248
335 -18524 -19102.2 578.258 0 0 0 0 0.06 0 0 0.506082 -0.183216 0.0620966
336 -18526.7 -19102.2 575.5 0 0 0 0 0.06 0 0 0.507627 -0.18309 0.0621675
337 -18529.6 -19102.2 572.672 0 0 0 0 0.06 0 0 0.509169 -0.182962 0.0622375
338 -18532.4 -19102.2 569.824 0 0 0 0 0.06 0 0 0.51071 -0.182831 0.0623067
339 -18535.3 -19102.2 566.949 0 0 0 0 0.06 0 0 0.512249 -0.182698 0.062375
340 -18538.2 -19102.2 564.053 0 0 0 0 0.06 0 0 0.513785 -0.182564 0.0624429
341 -18541.1 -19102.2 561.152 0 0 0 0 0.06 0 0 0.515318 -0.182428 0.0625126
342 -18544 -19102.2 558.244 0 0 0 0 0.06 0 0 0.51685 -0.182291 0.0625817
343 -18546.9 -19102.2 555.305 0 0 0 0 0.06 0 0 0.518379 -0.182151 0.0626503
344 -18549.9 -19102.2 552.303 0 0 0 0 0.06 0 0 0.519905 -0.18201 0.0627185
345 -18552.9 -19102.2 549.312 0 0 0 0 0.06 0 0 0.52143 -0.181866 0.0627862
346 -18556 -19102.2 546.258 0 0 0 0 0.06 0 0 0.522952 -0.18172 0.0628534
347 -18559.1 -19102.2 543.191 0 0 0 0 0.06 0 0 0.524473 -0.181572 0.0629201
348 -18562.2 -19102.2 540.07 0 0 0 0 0.06 0 0 0.52599 -0.181422 0.0629864
349 -18565.3 -19102.2 536.963 0 0 0 0 0.06 0 0 0.527506 -0.181269 0.0630522
350 -18568.5 -19102.2 533.787 0 0 0 0 0.06 0 0 0.529018 -0.181114 0.0631175
351 -18571.7 -19102.2 530.551 0 0 0 0 0.06 0 0 0.530528 -0.180957 0.0631824
352 -18574.9 -19102.2 527.344 0 0 0 0 0.06 0 0 0.532036 -0.180797 0.0632468
353 -18578.2 -19102.2 524.072 0 0 0 0 0.06 0 0 0.53354 -0.180634 0.0633109
354 -18581.4 -19102.2 520.82 0 0 0 0 0.06 0 0 0.535042 -0.180469 0.0633745
355 -18584.8 -19102.2 517.467 0 0 0 0 0.06 0 0 0.53654 -0.180301 0.0634377
356 -18588.1 -19102.2 514.121 0 0 0 0 0.06 0 0 0.538035 -0.18013 0.0635005
357 -18591.5 -19102.2 510.752 0 0 0 0 0.06 0 0 0.539527 -0.179956 0.063563
358 -18594.9 -19102.2 507.377 0 0 0 0 0.06 0 0 0.541016 -0.17978 0.0636252
359 -18598.2 -19102.2 504 0 0 0 0 0.06 0 0 0.5425 -0.179601 0.063687
360 -18601.5 -19102.2 500.719 0 0 0 0 0.06 0 0 0.543977 -0.179417 0.0637467
361 -18604.5 -19102.2 497.748 0 0 0 0 0.06 0 0 0.545439 -0.179228 0.0638026
362 -18607.5 -19102.2 494.791 0 0 0 0 0.06 0 0 0.546895 -0.179035 0.0638581
363 -18610.4 -19102.2 491.844 0 0 0 0 0.06 0 0 0.548347 -0.178839 0.0639133
364 -18613.3 -19102.2 488.975 0 0 0 0 0.06 0 0 0.549793 -0.17864 0.0639682
365 -18616.2 -19102.2 486.092 0 0 0 0 0.06 0 0 0.551234 -0.178437 0.0640229
366 -18618.9 -19102.2 483.295 0 0 0 0 0.06 0 0 0.55267 -0.178231 0.0640772
367 -18621.8 -19102.2 480.494 0 0 0 0 0.06 0 0 0.5541 -0.178022 0.0641314
368 -18624.5 -19102.2 477.754 0 0 0 0 0.06 0 0 0.555526 -0.17781 0.0641852
369 -18627.2 -19102.2 474.994 0 0 0 0 0.06 0 0 0.556946 -0.177594 0.0642388
370 -18629.9 -19102.2 472.305 0 0 0 0 0.06 0 0 0.558361 -0.177376 0.0642921
371 -18632.6 -19102.2 469.662 0 0 0 0 0.06 0 0 0.55977 -0.177155 0.0643451
372 -18635.2 -19102.2 467.045 0 0 0 0 0.06 0 0 0.561175 -0.176931 0.0643978
373 -18637.8 -19102.2 464.461 0 0 0 0 0.06 0 0 0.562575 -0.176704 0.0644501
374 -18640.4 -19102.2 461.871 0 0 0 0 0.06 0 0 0.56397 -0.176474 0.0645021
375 -18642.9 -19102.2 459.383 0 0 0 0 0.06 0 0 0.56536 -0.176242 0.0645536
376 -18645.4 -19102.2 456.869 0 0 0 0 0.06 0 0 0.566746 -0.176007 0.0646047
377 -18647.9 -19102.2 454.387 0 0 0 0 0.06 0 0 0.568126 -0.175769 0.0646553
378 -18650.3 -19102.2 451.963 0 0 0 0 0.06 0 0 0.569503 -0.175529 0.0647055
379 -18652.7 -19102.2 449.576 0 0 0 0 0.06 0 0 0.570874 -0.175287 0.0647551
380 -18655.1 -19102.2 447.186 0 0 0 0 0.06 0 0 0.572241 -0.175042 0.0648042
381 -18657.4 -19102.2 444.816 0 0 0 0 0.06 0 0 0.573604 -0.174795 0.0648527
382 -18659.8 -19102.2 442.488 0 0 0 0 0.06 0 0 0.574962 -0.174546 0.0649006
383 -18662.1 -19102.2 440.191 0 0 0 0 0.06 0 0 0.576316 -0.174294 0.0649479
384 -18664.3 -19102.2 437.918 0 0 0 0 0.06 0 0 0.577666 -0.174041 0.0649946
385 -18666.6 -19102.2 435.643 0 0 0 0 0.06 0 0 0.579012 -0.173785 0.0650406
386 -18668.8 -19102.2 433.404 0 0 0 0 0.06 0 0 0.580353 -0.173528 0.065086
387 -18671 -19102.2 431.24 0 0 0 0 0.06 0 0 0.581691 -0.173268 0.0651306
388 -18673.2 -19102.2 429.072 0 0 0 0 0.06 0 0 0.583025 -0.173007 0.0651746
389 -18675.4 -19102.2 426.859 0 0 0 0 0.06 0 0 0.584354 -0.172744 0.0652178
390 -18677.5 -19102.2 424.727 0 0 0 0 0.06 0 0 0.58568 -0.172479 0.0652603
391 -18679.6 -19102.2 422.617 0 0 0 0 0.06 0 0 0.587002 -0.172212 0.0653021
392 -18681.7 -19102.2 420.553 0 0 0 0 0.06 0 0 0.588321 -0.171944 0.0653431
393 -18683.8 -19102.2 418.484 0 0 0 0 0.06 0 0 0.589635 -0.171674 0.0653833
394 -18685.8 -19102.2 416.398 0 0 0 0 0.06 0 0 0.590946 -0.171403 0.0654228
395 -18687.9 -19102.2 414.373 0 0 0 0 0.06 0 0 0.592254 -0.17113 0.0654615
396 -18689.9 -19102.2 412.373 0 0 0 0 0.06 0 0 0.593558 -0.170855 0.0654994
397 -18691.9 -19102.2 410.373 0 0 0 0 0.06 0 0 0.594858 -0.170579 0.0655365
398 -18693.8 -19102.2 408.395 0 0 0 0 0.06 0 0 0.596155 -0.170301 0.0655729
399 -18695.8 -19102.2 406.463 0 0 0 0 0.06 0 0 0.597449 -0.170022 0.0656084
400 -18697.7 -19102.2 404.525 0 0 0 0 0.06 0 0 0.598739 -0.169742 0.0656431
401 -18699.7 -19102.2 402.57 0 0 0 0 0.06 0 0 0.600026 -0.169461 0.0656771
402 -18701.6 -19102.2 400.684 0 0 0 0 0.06 0 0 0.60131 -0.169178 0.0657102
403 -18703.5 -19102.2 398.785 0 0 0 0 0.06 0 0 0.60259 -0.168893 0.0657425
404 -18705.3 -19102.2 396.922 0 0 0 0 0.06 0 0 0.603868 -0.168608 0.0657741
405 -18707.2 -19102.2 395.045 0 0 0 0 0.06 0 0 0.605142 -0.168322 0.0658048
406 -18709.1 -19102.2 393.188 0 0 0 0 0.06 0 0 0.606413 -0.168034 0.0658347
407 -18710.9 -19102.2 391.377 0 0 0 0 0.06 0 0 0.607681 -0.167745 0.0658638
408 -18712.7 -19102.2 389.557 0 0 0 0 0.06 0 0 0.608946 -0.167455 0.0658921
409 -18714.5 -19102.2 387.756 0 0 0 0 0.06 0 0 0.610208 -0.167164 0.0659196
410 -18716.3 -19102.2 385.939 0 0 0 0 0.06 0 0 0.611467 -0.166872 0.0659463
411 -18718.1 -19102.2 384.17 0 0 0 0 0.06 0 0 0.612723 -0.166578 0.0659722
412 -18719.8 -19102.2 382.422 0 0 0 0 0.06 0 0 0.613977 -0.166284 0.0659973
413 -18721.6 -19102.2 380.654 0 0 0 0 0.06 0 0 0.615227 -0.165989 0.0660216
414 -18723.3 -19102.2 378.939 0 0 0 0 0.06 0 0 0.616475 -0.165693 0.0660451
415 -18725 -19102.2 377.232 0 0 0 0 0.06 0 0 0.617719 -0.165396 0.0660677
416 -18726.7 -19102.2 375.525 0 0 0 0 0.06 0 0 0.618961 -0.165098 0.0660897
417 -18728.4 -19102.2 373.795 0 0 0 0 0.06 0 0 0.620201 -0.164799 0.0661108
418 -18730.1 -19102.2 372.119 0 0 0 0 0.06 0 0 0.621437 -0.1645 0.0661311
419 -18731.8 -19102.2 370.453 0 0 0 0 0.06 0 0 0.622671 -0.1642 0.0661507
420 -18733.5 -19102.2 368.775 0 0 0 0 0.06 0 0 0.623903 -0.163898 0.0661694
421 -18735.1 -19102.2 367.127 0 0 0 0 0.06 0 0 0.625131 -0.163597 0.0661874
422 -18736.8 -19102.2 365.459 0 0 0 0 0.06 0 0 0.626357 -0.163294 0.0662046
423 -18738.4 -19102.2 363.826 0 0 0 0 0.06 0 0 0.627581 -0.162991 0.0662211
424 -18740 -19102.2 362.201 0 0 0 0 0.06 0 0 0.628802 -0.162687 0.0662368
425 -18741.6 -19102.2 360.605 0 0 0 0 0.06 0 0 0.63002 -0.162382 0.0662517
426 -18743.3 -19102.2 358.945 0 0 0 0 0.06 0 0 0.631236 -0.162077 0.0662659
427 -18744.9 -19102.2 357.346 0 0 0 0 0.06 0 0 0.632449 -0.161771 0.0662793
428 -18746.5 -19102.2 355.729 0 0 0 0 0.06 0 0 0.63366 -0.161464 0.066292
429 -18748.1 -19102.2 354.186 0 0 0 0 0.06 0 0 0.634868 -0.161157 0.0663039
430 -18749.6 -19102.2 352.596 0 0 0 0 0.06 0 0 0.636074 -0.16085 0.0663151
431 -18751.2 -19102.2 351.023 0 0 0 0 0.06 0 0 0.637278 -0.160542 0.0663256
432 -18752.8 -19102.2 349.465 0 0 0 0 0.06 0 0 0.638479 -0.160234 0.0663354
433 -18754.3 -19102.2 347.914 0 0 0 0 0.06 0 0 0.639678 -0.159925 0.0663444
434 -18755.9 -19102.2 346.359 0 0 0 0 0.06 0 0 0.640874 -0.159616 0.0663527
435 -18757.4 -19102.2 344.795 0 0 0 0 0.06 0 0 0.642068 -0.159306 0.0663603
436 -18759 -19102.2 343.27 0 0 0 0 0.06 0 0 0.64326 -0.158996 0.0663672
437 -18760.5 -19102.2 341.775 0 0 0 0 0.06 0 0 0.644449 -0.158686 0.0663734
438 -18762 -19102.2 340.273 0 0 0 0 0.06 0 0 0.645636 -0.158375 0.0663789
439 -18763.5 -19102.2 338.76 0 0 0 0 0.06 0 0 0.646821 -0.158064 0.0663837
440 -18765 -19102.2 337.266 0 0 0 0 0.06 0 0 0.648003 -0.157753 0.0663879
441 -18766.5 -19102.2 335.76 0 0 0 0 0.06 0 0 0.649183 -0.157442 0.0663913
442 -18768 -19102.2 334.289 0 0 0 0 0.06 0 0 0.650361 -0.15713 0.0663941
443 -18769.4 -19102.2 332.818 0 0 0 0 0.06 0 0 0.651536 -0.156818 0.0663962
444 -18770.9 -19102.2 331.346 0 0 0 0 0.06 0 0 0.652709 -0.156507 0.0663977
445 -18772.4 -19102.2 329.867 0 0 0 0 0.06 0 0 0.65388 -0.156195 0.0663985
446 -18773.8 -19102.2 328.406 0 0 0 0 0.06 0 0 0.655048 -0.155882 0.0663987
447 -18775.3 -19102.2 326.961 0 0 0 0 0.06 0 0 0.656214 -0.15557 0.0663982
448 -18776.7 -19102.2 325.549 0 0 0 0 0.06 0 0 0.657378 -0.155258 0.0663971
449 -18778.1 -19102.2 324.123 0 0 0 0 0.06 0 0 0.65854 -0.154946 0.0663954
450 -18779.6 -19102.2 322.682 0 0 0 0 0.06 0 0 0.659699 -0.154634 0.066393
451 -18781 -19102.2 321.275 0 0 0 0 0.06 0 0 0.660856 -0.154321 0.0663901
452 -18782.4 -19102.2 319.865 0 0 0 0 0.06 0 0 0.662011 -0.154009 0.0663865
453 -18783.8 -19102.2 318.422 0 0 0 0 0.06 0 0 0.663163 -0.153697 0.0663823
454 -18785.2 -19102.2 317.016 0 0 0 0 0.06 0 0 0.664313 -0.153385 0.0663775
455 -18786.6 -19102.2 315.627 0 0 0 0 0.06 0 0 0.665461 -0.153073 0.0663722
456 -18788 -19102.2 314.246 0 0 0 0 0.06 0 0 0.666607 -0.152761 0.0663662
457 -18789.4 -19102.2 312.855 0 0 0 0 0.06 0 0 0.66775 -0.15245 0.0663597
458 -18790.7 -19102.2 311.496 0 0 0 0 0.06 0 0 0.668891 -0.152138 0.0663526
459 -18792.1 -19102.2 310.125 0 0 0 0 0.06 0 0 0.670029 -0.151827 0.066345
460 -18793.5 -19102.2 308.777 0 0 0 0 0.06 0 0 0.671166 -0.151515 0.0663367
461 -18794.8 -19102.2 307.424 0 0 0 0 0.06 0 0 0.6723 -0.151204 0.066328
462 -18796.2 -19102.2 306.082 0 0 0 0 0.06 0 0 0.673432 -0.150894 0.0663187
463 -18797.5 -19102.2 304.73 0 0 0 0 0.06 0 0 0.674561 -0.150583 0.0663088
464 -18798.8 -19102.2 303.398 0 0 0 0 0.06 0 0 0.675688 -0.150273 0.0662984
465 -18800.2 -19102.2 302.082 0 0 0 0 0.06 0 0 0.676813 -0.149963 0.0662875
466 -18801.5 -19102.2 300.764 0 0 0 0 0.06 0 0 0.677936 -0.149653 0.0662761
467 -18802.8 -19102.2 299.428 0 0 0 0 0.06 0 0 0.679056 -0.149343 0.0662642
468 -18804.1 -19102.2 298.115 0 0 0 0 0.06 0 0 0.680174 -0.149034 0.0662517
469 -18805.4 -19102.2 296.805 0 0 0 0 0.06 0 0 0.681289 -0.148725 0.0662388
470 -18806.8 -19102.2 295.49 0 0 0 0 0.06 0 0 0.682403 -0.148417 0.0662253
471 -18808 -19102.2 294.209 0 0 0 0 0.06 0 0 0.683514 -0.148108 0.0662114
472 -18809.3 -19102.2 292.936 0 0 0 0 0.06 0 0 0.684622 -0.1478 0.066197
473 -18810.6 -19102.2 291.691 0 0 0 0 0.06 0 0 0.685729 -0.147493 0.0661821
474 -18811.9 -19102.2 290.373 0 0 0 0 0.06 0 0 0.686833 -0.147185 0.0661668
475 -18813.1 -19102.2 289.119 0 0 0 0 0.06 0 0 0.687935 -0.146878 0.066151
476 -18814.4 -19102.2 287.873 0 0 0 0 0.06 0 0 0.689035 -0.146572 0.0661348
477 -18815.6 -19102.2 286.605 0 0 0 0 0.06 0 0 0.690132 -0.146265 0.0661181
478 -18816.9 -19102.2 285.354 0 0 0 0 0.06 0 0 0.691227 -0.145959 0.0661009
479 -18818.1 -19102.2 284.098 0 0 0 0 0.06 0 0 0.69232 -0.145654 0.0660833
480 -18819.4 -19102.2 282.826 0 0 0 0 0.06 0 0 0.69341 -0.145348 0.0660654
481 -18820.6 -19102.2 281.604 0 0 0 0 0.06 0 0 0.694499 -0.145043 0.0660469
482 -18821.8 -19102.2 280.395 0 0 0 0 0.06 0 0 0.695585 -0.144739 0.0660281
483 -18823.1 -19102.2 279.174 0 0 0 0 0.06 0 0 0.696668 -0.144435 0.0660089
484 -18824.3 -19102.2 277.951 0 0 0 0 0.06 0 0 0.69775 -0.144131 0.0659892
485 -18825.5 -19102.2 276.701 0 0 0 0 0.06 0 0 0.698829 -0.143827 0.0659692
486 -18826.8 -19102.2 275.477 0 0 0 0 0.06 0 0 0.699906 -0.143524 0.0659488
487 -18828 -19102.2 274.26 0 0 0 0 0.06 0 0 0.700981 -0.143221 0.065928
488 -18829.2 -19102.2 273.021 0 0 0 0 0.06 0 0 0.702054 -0.142919 0.0659068
489 -18830.4 -19102.2 271.836 0 0 0 0 0.06 0 0 0.703125 -0.142617 0.0658853
490 -18831.6 -19102.2 270.682 0 0 0 0 0.06 0 0 0.704193 -0.142315 0.0658634
491 -18832.8 -19102.2 269.465 0 0 0 0 0.06 0 0 0.705259 -0.142014 0.0658412
492 -18834 -19102.2 268.244 0 0 0 0 0.06 0 0 0.706323 -0.141713 0.0658186
493 -18835.2 -19102.2 267.068 0 0 0 0 0.06 0 0 0.707385 -0.141413 0.0657957
494 -18836.3 -19102.2 265.904 0 0 0 0 0.06 0 0 0.708445 -0.141112 0.0657724
495 -18837.5 -19102.2 264.709 0 0 0 0 0.06 0 0 0.709503 -0.140812 0.0657489
496 -18838.7 -19102.2 263.5 0 0 0 0 0.06 0 0 0.710558 -0.140513 0.065725
497 -18839.9 -19102.2 262.336 0 0 0 0 0.06 0 0 0.711612 -0.140214 0.0657008
498 -18841.1 -19102.2 261.16 0 0 0 0 0.06 0 0 0.712663 -0.139915 0.0656763
499 -18842.3 -19102.2 259.99 0 0 0 0 0.06 0 0 0.713712 -0.139616 0.0656515
500 -18843.4 -19102.2 258.799 0 0 0 0 0.06 0 0 0.71476 -0.139318 0.0656264
501 -18844.6 -19102.2 257.619 0 0 0 0 0.06 0 0 0.715805 -0.139021 0.065601
502 -18845.8 -19102.2 256.457 0 0 0 0 0.06 0 0 0.716848 -0.138723 0.0655754
503 -18846.9 -19102.2 255.303 0 0 0 0 0.06 0 0 0.717889 -0.138426 0.0655495
504 -18848.1 -19102.2 254.156 0 0 0 0 0.06 0 0 0.718928 -0.138129 0.0655233
505 -18849.3 -19102.2 252.951 0 0 0 0 0.06 0 0 0.719965 -0.137833 0.0654969
506 -18850.5 -19102.2 251.783 0 0 0 0 0.06 0 0 0.721001 -0.137537 0.0654703
507 -18851.6 -19102.2 250.625 0 0 0 0 0.06 0 0 0.722034 -0.137241 0.0654434
508 -18852.8 -19102.2 249.457 0 0 0 0 0.06 0 0 0.723065 -0.136946 0.0654163
509 -18853.9 -19102.2 248.307 0 0 0 0 0.06 0 0 0.724094 -0.136651 0.065389
510 -18855.1 -19102.2 247.127 0 0 0 0 0.06 0 0 0.725122 -0.136356 0.0653614
511 -18856.3 -19102.2 245.938 0 0 0 0 0.06 0 0 0.726147 -0.136062 0.0653337
512 -18857.5 -19102.2 244.779 0 0 0 0 0.06 0 0 0.727171 -0.135768 0.0653057
513 -18858.7 -19102.2 243.59 0 0 0 0 0.06 0 0 0.728192 -0.135475 0.0652776
514 -18859.8 -19102.2 242.436 0 0 0 0 0.06 0 0 0.729212 -0.135182 0.0652493
515 -18860.9 -19102.2 241.307 0 0 0 0 0.06 0 0 0.73023 -0.134889 0.0652208
516 -18862.1 -19102.2 240.123 0 0 0 0 0.06 0 0 0.731246 -0.134596 0.0651921
517 -18863.3 -19102.2 238.936 0 0 0 0 0.06 0 0 0.73226 -0.134304 0.0651633
518 -18864.5 -19102.2 237.787 0 0 0 0 0.06 0 0 0.733272 -0.134013 0.0651343
519 -18865.6 -19102.2 236.631 0 0 0 0 0.06 0 0 0.734282 -0.133722 0.0651052
520 -18866.8 -19102.2 235.467 0 0 0 0 0.06 0 0 0.735291 -0.133431 0.0650759
521 -18868 -19102.2 234.26 0 0 0 0 0.06 0 0 0.736297 -0.133141 0.0650465
522 -18869.2 -19102.2 233.094 0 0 0 0 0.06 0 0 0.737302 -0.132851 0.065017
523 -18870.3 -19102.2 231.912 0 0 0 0 0.06 0 0 0.738305 -0.132561 0.0649874
524 -18871.5 -19102.2 230.748 0 0 0 0 0.06 0 0 0.739306 -0.132272 0.0649576
525 -18872.7 -19102.2 229.568 0 0 0 0 0.06 0 0 0.740305 -0.131984 0.0649278
526 -18873.8 -19102.2 228.408 0 0 0 0 0.06 0 0 0.741302 -0.131696 0.0648978
527 -18875 -19102.2 227.221 0 0 0 0 0.06 0 0 0.742298 -0.131408 0.0648677
528 -18876.2 -19102.2 226.047 0 0 0 0 0.06 0 0 0.743291 -0.131121 0.0648376
529 -18877.4 -19102.2 224.871 0 0 0 0 0.06 0 0 0.744283 -0.130834 0.0648074
530 -18878.6 -19102.2 223.658 0 0 0 0 0.06 0 0 0.745273 -0.130548 0.064777
531 -18879.7 -19102.2 222.504 0 0 0 0 0.06 0 0 0.746261 -0.130263 0.0647467
532 -18881 -19102.2 221.285 0 0 0 0 0.06 0 0 0.747247 -0.129978 0.0647162
533 -18882.1 -19102.2 220.104 0 0 0 0 0.06 0 0 0.748231 -0.129693 0.0646857
534 -18883.4 -19102.2 218.883 0 0 0 0 0.06 0 0 0.749213 -0.129409 0.0646551
535 -18884.5 -19102.2 217.705 0 0 0 0 0.06 0 0 0.750194 -0.129126 0.0646245
536 -18885.8 -19102.2 216.492 0 0 0 0 0.06 0 0 0.751172 -0.128843 0.0645938
537 -18887 -19102.2 215.277 0 0 0 0 0.06 0 0 0.752149 -0.12856 0.0645631
538 -18888.2 -19102.2 214.07 0 0 0 0 0.06 0 0 0.753124 -0.128279 0.0645324
539 -18889.4 -19102.2 212.871 0 0 0 0 0.06 0 0 0.754097 -0.127998 0.0645016
540 -18890.6 -19102.2 211.641 0 0 0 0 0.06 0 0 0.755068 -0.127717 0.0644708
541 -18891.8 -19102.2 210.447 0 0 0 0 0.06 0 0 0.756037 -0.127437 0.06444
542 -18893 -19102.2 209.254 0 0 0 0 0.06 0 0 0.757004 -0.127158 0.0644092
543 -18894.2 -19102.2 208.039 0 0 0 0 0.06 0 0 0.75797 -0.126879 0.0643783
544 -18895.4 -19102.2 206.809 0 0 0 0 0.06 0 0 0.758933 -0.126601 0.0643475
545 -18896.7 -19102.2 205.586 0 0 0 0 0.06 0 0 0.759895 -0.126323 0.0643167
546 -18897.9 -19102.2 204.357 0 0 0 0 0.06 0 0 0.760854 -0.126047 0.0642859
547 -18899.1 -19102.2 203.143 0 0 0 0 0.06 0 0 0.761812 -0.12577 0.0642552
548 -18900.4 -19102.2 201.887 0 0 0 0 0.06 0 0 0.762768 -0.125495 0.0642244
549 -18901.6 -19102.2 200.635 0 0 0 0 0.06 0 0 0.763722 -0.125221 0.0641937
550 -18902.8 -19102.2 199.395 0 0 0 0 0.06 0 0 0.764674 -0.124947 0.0641631
551 -18904.1 -19102.2 198.135 0 0 0 0 0.06 0 0 0.765624 -0.124674 0.0641325
552 -18905.4 -19102.2 196.873 0 0 0 0 0.06 0 0 0.766572 -0.124401 0.0641019
553 -18906.6 -19102.2 195.621 0 0 0 0 0.06 0 0 0.767518 -0.12413 0.0640714
554 -18907.9 -19102.2 194.35 0 0 0 0 0.06 0 0 0.768462 -0.12386 0.064041
555 -18909.2 -19102.2 193.076 0 0 0 0 0.06 0 0 0.769404 -0.12359 0.0640106
556 -18910.5 -19102.2 191.781 0 0 0 0 0.06 0 0 0.770343 -0.123322 0.0639804
557 -18911.7 -19102.2 190.518 0 0 0 0 0.06 0 0 0.771281 -0.123054 0.0639502
558 -18913 -19102.2 189.23 0 0 0 0 0.06 0 0 0.772217 -0.122788 0.0639201
559 -18914.3 -19102.2 187.955 0 0 0 0 0.06 0 0 0.77315 -0.122522 0.06389
560 -18915.6 -19102.2 186.664 0 0 0 0 0.06 0 0 0.774081 -0.122258 0.0638601
561 -18916.9 -19102.2 185.389 0 0 0 0 0.06 0 0 0.775009 -0.121995 0.0638302
562 -18918.1 -19102.2 184.113 0 0 0 0 0.06 0 0 0.775935 -0.121734 0.0638004
563 -18919.4 -19102.2 182.818 0 0 0 0 0.06 0 0 0.776859 -0.121473 0.0637707
564 -18920.7 -19102.2 181.543 0 0 0 0 0.06 0 0 0.77778 -0.121214 0.0637411
565 -18922 -19102.2 180.281 0 0 0 0 0.06 0 0 0.778698 -0.120957 0.0637115
566 -18923.3 -19102.2 178.988 0 0 0 0 0.06 0 0 0.779614 -0.120701 0.063682
567 -18924.5 -19102.2 177.713 0 0 0 0 0.06 0 0 0.780527 -0.120446 0.0636526
568 -18925.8 -19102.2 176.418 0 0 0 0 0.06 0 0 0.781437 -0.120193 0.0636232
569 -18927.1 -19102.2 175.16 0 0 0 0 0.06 0 0 0.782344 -0.119941 0.0635938
570 -18928.3 -19102.2 173.912 0 0 0 0 0.06 0 0 0.783248 -0.119691 0.0635645
571 -18929.6 -19102.2 172.684 0 0 0 0 0.06 0 0 0.784149 -0.119443 0.0635353
572 -18930.8 -19102.2 171.453 0 0 0 0 0.06 0 0 0.785047 -0.119196 0.0635061
573 -18932 -19102.2 170.229 0 0 0 0 0.06 0 0 0.785942 -0.118951 0.0634768
574 -18933.2 -19102.2 169.027 0 0 0 0 0.06 0 0 0.786833 -0.118707 0.0634476
575 -18934.4 -19102.2 167.83 0 0 0 0 0.06 0 0 0.787722 -0.118465 0.0634184
576 -18935.6 -19102.2 166.658 0 0 0 0 0.06 0 0 0.788607 -0.118225 0.0633892
577 -18936.7 -19102.2 165.521 0 0 0 0 0.06 0 0 0.789488 -0.117986 0.06336
578 -18937.9 -19102.2 164.359 0 0 0 0 0.06 0 0 0.790366 -0.117749 0.0633308
579 -18939.1 -19102.2 163.191 0 0 0 0 0.06 0 0 0.791241 -0.117514 0.0633016
580 -18940.2 -19102.2 162.047 0 0 0 0 0.06 0 0 0.792112 -0.11728 0.0632723
581 -18941.3 -19102.2 160.916 0 0 0 0 0.06 0 0 0.79298 -0.117048 0.0632431
582 -18942.4 -19102.2 159.818 0 0 0 0 0.06 0 0 0.793844 -0.116818 0.0632137
583 -18943.5 -19102.2 158.736 0 0 0 0 0.06 0 0 0.794705 -0.116589 0.0631844
584 -18944.6 -19102.2 157.672 0 0 0 0 0.06 0 0 0.795562 -0.116362 0.063155
585 -18945.7 -19102.2 156.572 0 0 0 0 0.06 0 0 0.796415 -0.116136 0.0631255
586 -18946.7 -19102.2 155.545 0 0 0 0 0.06 0 0 0.797265 -0.115912 0.0630961
587 -18947.7 -19102.2 154.51 0 0 0 0 0.06 0 0 0.798112 -0.11569 0.0630665
588 -18948.8 -19102.2 153.453 0 0 0 0 0.06 0 0 0.798955 -0.115469 0.0630369
589 -18949.8 -19102.2 152.459 0 0 0 0 0.06 0 0 0.799795 -0.115249 0.0630073
590 -18950.8 -19102.2 151.465 0 0 0 0 0.06 0 0 0.800631 -0.115031 0.0629776
591 -18951.8 -19102.2 150.463 0 0 0 0 0.06 0 0 0.801463 -0.114814 0.0629479
592 -18952.8 -19102.2 149.461 0 0 0 0 0.06 0 0 0.802292 -0.114599 0.0629181
593 -18953.7 -19102.2 148.525 0 0 0 0 0.06 0 0 0.803117 -0.114386 0.0628882
594 -18954.7 -19102.2 147.586 0 0 0 0 0.06 0 0 0.803939 -0.114173 0.0628583
595 -18955.6 -19102.2 146.639 0 0 0 0 0.06 0 0 0.804758 -0.113963 0.0628283
596 -18956.5 -19102.2 145.699 0 0 0 0 0.06 0 0 0.805573 -0.113753 0.0627982
597 -18957.4 -19102.2 144.797 0 0 0 0 0.06 0 0 0.806384 -0.113545 0.0627681
598 -18958.4 -19102.2 143.867 0 0 0 0 0.06 0 0 0.807193 -0.113338 0.062738
599 -18959.2 -19102.2 142.996 0 0 0 0 0.06 0 0 0.807997 -0.113133 0.0627078
600 -18960.1 -19102.2 142.1 0 0 0 0 0.06 0 0 0.808798 -0.112929 0.0626775
601 -18961 -19102.2 141.217 0 0 0 0 0.06 0 0 0.809596 -0.112726 0.0626471
602 -18961.9 -19102.2 140.344 0 0 0 0 0.06 0 0 0.810391 -0.112524 0.0626167
603 -18962.8 -19102.2 139.471 0 0 0 0 0.06 0 0 0.811182 -0.112324 0.0625862
604 -18963.7 -19102.2 138.592 0 0 0 0 0.06 0 0 0.81197 -0.112125 0.0625557
605 -18964.5 -19102.2 137.77 0 0 0 0 0.06 0 0 0.812754 -0.111927 0.0625251
606 -18965.3 -19102.2 136.92 0 0 0 0 0.06 0 0 0.813535 -0.111731 0.0624944
607 -18966.1 -19102.2 136.102 0 0 0 0 0.06 0 0 0.814313 -0.111535 0.0624637
608 -18967 -19102.2 135.26 0 0 0 0 0.06 0 0 0.815087 -0.111341 0.0624329
609 -18967.8 -19102.2 134.441 0 0 0 0 0.06 0 0 0.815858 -0.111148 0.062402
610 -18968.6 -19102.2 133.627 0 0 0 0 0.06 0 0 0.816626 -0.110957 0.0623711
611 -18969.4 -19102.2 132.824 0 0 0 0 0.06 0 0 0.817391 -0.110766 0.0623401
612 -18970.2 -19102.2 132.035 0 0 0 0 0.06 0 0 0.818152 -0.110577 0.0623091
613 -18971 -19102.2 131.236 0 0 0 0 0.06 0 0 0.81891 -0.110388 0.062278
614 -18971.7 -19102.2 130.498 0 0 0 0 0.06 0 0 0.819665 -0.110201 0.0622468
615 -18972.5 -19102.2 129.73 0 0 0 0 0.06 0 0 0.820416 -0.110015 0.0622156
616 -18973.3 -19102.2 128.947 0 0 0 0 0.06 0 0 0.821165 -0.10983 0.0621843
617 -18974.1 -19102.2 128.182 0 0 0 0 0.06 0 0 0.82191 -0.109646 0.0621529
618 -18974.8 -19102.2 127.451 0 0 0 0 0.06 0 0 0.822652 -0.109463 0.0621214
619 -18975.6 -19102.2 126.691 0 0 0 0 0.06 0 0 0.823391 -0.109281 0.0620899
620 -18976.3 -19102.2 125.938 0 0 0 0 0.06 0 0 0.824127 -0.1091 0.0620584
621 -18977 -19102.2 125.209 0 0 0 0 0.06 0 0 0.82486 -0.108921 0.0620267
622 -18977.8 -19102.2 124.482 0 0 0 0 0.06 0 0 0.825589 -0.108742 0.061995
623 -18978.5 -19102.2 123.748 0 0 0 0 0.06 0 0 0.826315 -0.108564 0.0619633
624 -18979.2 -19102.2 123.02 0 0 0 0 0.06 0 0 0.827039 -0.108388 0.0619314
625 -18979.9 -19102.2 122.334 0 0 0 0 0.06 0 0 0.827759 -0.108212 0.0618996
626 -18980.6 -19102.2 121.629 0 0 0 0 0.06 0 0 0.828476 -0.108037 0.0618676
627 -18981.3 -19102.2 120.928 0 0 0 0 0.06 0 0 0.82919 -0.107863 0.0618356
628 -18982 -19102.2 120.248 0 0 0 0 0.06 0 0 0.829901 -0.10769 0.0618035
629 -18982.7 -19102.2 119.574 0 0 0 0 0.06 0 0 0.830609 -0.107519 0.0617713
630 -18983.3 -19102.2 118.898 0 0 0 0 0.06 0 0 0.831314 -0.107348 0.0617391
631 -18984 -19102.2 118.232 0 0 0 0 0.06 0 0 0.832016 -0.107178 0.0617068
632 -18984.7 -19102.2 117.582 0 0 0 0 0.06 0 0 0.832715 -0.107008 0.0616744
633 -18985.4 -19102.2 116.891 0 0 0 0 0.06 0 0 0.833411 -0.10684 0.061642
634 -18986 -19102.2 116.242 0 0 0 0 0.06 0 0 0.834104 -0.106673 0.0616095
635 -18986.7 -19102.2 115.588 0 0 0 0 0.06 0 0 0.834794 -0.106506 0.0615769
636 -18987.3 -19102.2 114.928 0 0 0 0 0.06 0 0 0.835482 -0.106341 0.0615443
637 -18988 -19102.2 114.264 0 0 0 0 0.06 0 0 0.836166 -0.106176 0.0615116
638 -18988.6 -19102.2 113.625 0 0 0 0 0.06 0 0 0.836847 -0.106012 0.0614788
639 -18989.3 -19102.2 112.99 0 0 0 0 0.06 0 0 0.837525 -0.105849 0.061446
640 -18989.9 -19102.2 112.328 0 0 0 0 0.06 0 0 0.838201 -0.105687 0.0614131
641 -18990.5 -19102.2 111.727 0 0 0 0 0.06 0 0 0.838874 -0.105526 0.0613801
642 -18991.2 -19102.2 111.078 0 0 0 0 0.06 0 0 0.839543 -0.105365 0.0613471
643 -18991.8 -19102.2 110.484 0 0 0 0 0.06 0 0 0.84021 -0.105206 0.061314
644 -18992.4 -19102.2 109.854 0 0 0 0 0.06 0 0 0.840874 -0.105047 0.0612808
645 -18993 -19102.2 109.256 0 0 0 0 0.06 0 0 0.841535 -0.104889 0.0612475
646 -18993.6 -19102.2 108.654 0 0 0 0 0.06 0 0 0.842194 -0.104731 0.0612142
647 -18994.2 -19102.2 108.072 0 0 0 0 0.06 0 0 0.842849 -0.104575 0.0611808
648 -18994.8 -19102.2 107.488 0 0 0 0 0.06 0 0 0.843502 -0.104419 0.0611474
649 -18995.3 -19102.2 106.895 0 0 0 0 0.06 0 0 0.844152 -0.104264 0.0611138
650 -18995.9 -19102.2 106.297 0 0 0 0 0.06 0 0 0.844799 -0.10411 0.0610802
651 -18996.5 -19102.2 105.732 0 0 0 0 0.06 0 0 0.845443 -0.103956 0.0610466
652 -18997.1 -19102.2 105.158 0 0 0 0 0.06 0 0 0.846085 -0.103803 0.0610128
653 -18997.6 -19102.2 104.621 0 0 0 0 0.06 0 0 0.846724 -0.103651 0.060979
654 -18998.2 -19102.2 104.02 0 0 0 0 0.06 0 0 0.84736 -0.1035 0.0609452
655 -18998.8 -19102.2 103.443 0 0 0 0 0.06 0 0 0.847993 -0.103349 0.0609112
656 -18999.4 -19102.2 102.855 0 0 0 0 0.06 0 0 0.848624 -0.103199 0.0608772
657 -18999.9 -19102.2 102.324 0 0 0 0 0.06 0 0 0.849252 -0.10305 0.0608431
658 -19000.5 -19102.2 101.752 0 0 0 0 0.06 0 0 0.849877 -0.102901 0.060809
659 -19001 -19102.2 101.211 0 0 0 0 0.06 0 0 0.8505 -0.102754 0.0607747
660 -19001.6 -19102.2 100.631 0 0 0 0 0.06 0 0 0.85112 -0.102606 0.0607405
661 -19002.2 -19102.2 100.064 0 0 0 0 0.06 0 0 0.851737 -0.10246 0.0607061
662 -19002.7 -19102.2 99.5391 0 0 0 0 0.06 0 0 0.852352 -0.102314 0.0606716
663 -19003.2 -19102.2 99.0039 0 0 0 0 0.06 0 0 0.852964 -0.102169 0.0606371
664 -19003.8 -19102.2 98.4688 0 0 0 0 0.06 0 0 0.853573 -0.102024 0.0606026
665 -19004.3 -19102.2 97.9355 0 0 0 0 0.06 0 0 0.85418 -0.10188 0.0605679
666 -19004.8 -19102.2 97.4297 0 0 0 0 0.06 0 0 0.854784 -0.101737 0.0605332
667 -19005.3 -19102.2 96.9043 0 0 0 0 0.06 0 0 0.855385 -0.101594 0.0604984
668 -19005.8 -19102.2 96.4023 0 0 0 0 0.06 0 0 0.855984 -0.101452 0.0604636
669 -19006.4 -19102.2 95.8906 0 0 0 0 0.06 0 0 0.856581 -0.101311 0.0604286
670 -19006.8 -19102.2 95.3945 0 0 0 0 0.06 0 0 0.857175 -0.10117 0.0603936
671 -19007.4 -19102.2 94.8535 0 0 0 0 0.06 0 0 0.857766 -0.10103 0.0603586
672 -19007.9 -19102.2 94.3711 0 0 0 0 0.06 0 0 0.858355 -0.10089 0.0603234
673 -19008.4 -19102.2 93.8594 0 0 0 0 0.06 0 0 0.858941 -0.100751 0.0602882
674 -19008.9 -19102.2 93.373 0 0 0 0 0.06 0 0 0.859525 -0.100612 0.0602529
675 -19009.3 -19102.2 92.9082 0 0 0 0 0.06 0 0 0.860106 -0.100475 0.0602176
676 -19009.8 -19102.2 92.4082 0 0 0 0 0.06 0 0 0.860685 -0.100337 0.0601822
677 -19010.4 -19102.2 91.8887 0 0 0 0 0.06 0 0 0.861261 -0.1002 0.0601467
678 -19010.8 -19102.2 91.4102 0 0 0 0 0.06 0 0 0.861835 -0.100064 0.0601111
679 -19011.3 -19102.2 90.9297 0 0 0 0 0.06 0 0 0.862406 -0.0999286 0.0600755
680 -19011.8 -19102.2 90.457 0 0 0 0 0.06 0 0 0.862975 -0.0997935 0.0600398
681 -19012.3 -19102.2 89.9707 0 0 0 0 0.06 0 0 0.863541 -0.099659 0.060004
682 -19012.8 -19102.2 89.4824 0 0 0 0 0.06 0 0 0.864105 -0.0995249 0.0599682
683 -19013.2 -19102.2 89.0215 0 0 0 0 0.06 0 0 0.864667 -0.0993914 0.0599323
684 -19013.7 -19102.2 88.5645 0 0 0 0 0.06 0 0 0.865226 -0.0992584 0.0598963
685 -19014.1 -19102.2 88.0996 0 0 0 0 0.06 0 0 0.865783 -0.099126 0.0598603
686 -19014.6 -19102.2 87.6172 0 0 0 0 0.06 0 0 0.866337 -0.098994 0.0598242
687 -19015.1 -19102.2 87.166 0 0 0 0 0.06 0 0 0.866889 -0.0988626 0.059788
688 -19015.5 -19102.2 86.7031 0 0 0 0 0.06 0 0 0.867439 -0.0987316 0.0597517
689 -19016 -19102.2 86.2734 0 0 0 0 0.06 0 0 0.867986 -0.0986012 0.0597154
690 -19016.4 -19102.2 85.8301 0 0 0 0 0.06 0 0 0.868531 -0.0984712 0.059679
691 -19016.9 -19102.2 85.3672 0 0 0 0 0.06 0 0 0.869073 -0.0983418 0.0596426
692 -19017.3 -19102.2 84.9238 0 0 0 0 0.06 0 0 0.869613 -0.0982128 0.0596061
693 -19017.7 -19102.2 84.4961 0 0 0 0 0.06 0 0 0.870151 -0.0980843 0.0595695
694 -19018.2 -19102.2 84.0684 0 0 0 0 0.06 0 0 0.870687 -0.0979563 0.0595328
695 -19018.6 -19102.2 83.6328 0 0 0 0 0.06 0 0 0.87122 -0.0978287 0.0594961
696 -19019.1 -19102.2 83.1797 0 0 0 0 0.06 0 0 0.871751 -0.0977016 0.0594593
697 -19019.5 -19102.2 82.7422 0 0 0 0 0.06 0 0 0.87228 -0.0975749 0.0594224
698 -19019.9 -19102.2 82.3438 0 0 0 0 0.06 0 0 0.872806 -0.0974488 0.0593855
699 -19020.3 -19102.2 81.8984 0 0 0 0 0.06 0 0 0.873331 -0.097323 0.0593485
700 -19020.8 -19102.2 81.4844 0 0 0 0 0.06 0 0 0.873852 -0.0971977 0.0593114
701 -19021.2 -19102.2 81.0742 0 0 0 0 0.06 0 0 0.874372 -0.0970729 0.0592743
702 -19021.6 -19102.2 80.6094 0 0 0 0 0.06 0 0 0.87489 -0.0969485 0.0592371
703 -19022 -19102.2 80.207 0 0 0 0 0.06 0 0 0.875405 -0.0968245 0.0591998
704 -19022.4 -19102.2 79.7969 0 0 0 0 0.06 0 0 0.875918 -0.0967009 0.0591625
705 -19022.8 -19102.2 79.3965 0 0 0 0 0.06 0 0 0.876429 -0.0965778 0.0591251
706 -19023.3 -19102.2 78.9824 0 0 0 0 0.06 0 0 0.876937 -0.096455 0.0590877
707 -19023.7 -19102.2 78.5801 0 0 0 0 0.06 0 0 0.877444 -0.0963327 0.0590501
708 -19024.1 -19102.2 78.1855 0 0 0 0 0.06 0 0 0.877948 -0.0962109 0.0590125
709 -19024.4 -19102.2 77.8145 0 0 0 0 0.06 0 0 0.87845 -0.0960894 0.0589749
710 -19024.8 -19102.2 77.4434 0 0 0 0 0.06 0 0 0.87895 -0.0959683 0.0589372
711 -19025.2 -19102.2 77.0273 0 0 0 0 0.06 0 0 0.879448 -0.0958476 0.0588994
712 -19025.6 -19102.2 76.6445 0 0 0 0 0.06 0 0 0.879944 -0.0957273 0.0588615
713 -19026 -19102.2 76.2598 0 0 0 0 0.06 0 0 0.880437 -0.0956074 0.0588236
714 -19026.4 -19102.2 75.8418 0 0 0 0 0.06 0 0 0.880929 -0.0954879 0.0587856
715 -19026.8 -19102.2 75.459 0 0 0 0 0.06 0 0 0.881418 -0.0953687 0.0587476
716 -19027.2 -19102.2 75.0781 0 0 0 0 0.06 0 0 0.881905 -0.09525 0.0587095
717 -19027.6 -19102.2 74.6836 0 0 0 0 0.06 0 0 0.88239 -0.0951316 0.0586713
718 -19027.9 -19102.2 74.3242 0 0 0 0 0.06 0 0 0.882873 -0.0950136 0.0586331
719 -19028.3 -19102.2 73.9434 0 0 0 0 0.06 0 0 0.883354 -0.094896 0.0585948
720 -19028.7 -19102.2 73.5645 0 0 0 0 0.06 0 0 0.883833 -0.0947787 0.0585564
721 -19029.1 -19102.2 73.1934 0 0 0 0 0.06 0 0 0.88431 -0.0946618 0.058518
722 -19029.4 -19102.2 72.8418 0 0 0 0 0.06 0 0 0.884785 -0.0945452 0.0584795
723 -19029.8 -19102.2 72.459 0 0 0 0 0.06 0 0 0.885258 -0.094429 0.058441
724 -19030.2 -19102.2 72.082 0 0 0 0 0.06 0 0 0.885728 -0.0943132 0.0584024
725 -19030.5 -19102.2 71.7363 0 0 0 0 0.06 0 0 0.886197 -0.0941977 0.0583637
726 -19030.9 -19102.2 71.3613 0 0 0 0 0.06 0 0 0.886664 -0.0940825 0.058325
727 -19031.2 -19102.2 70.9941 0 0 0 0 0.06 0 0 0.887129 -0.0939677 0.0582862
728 -19031.6 -19102.2 70.627 0 0 0 0 0.06 0 0 0.887591 -0.0938532 0.0582474
729 -19032 -19102.2 70.291 0 0 0 0 0.06 0 0 0.888052 -0.0937391 0.0582085
730 -19032.3 -19102.2 69.9316 0 0 0 0 0.06 0 0 0.888511 -0.0936253 0.0581695
731 -19032.7 -19102.2 69.5703 0 0 0 0 0.06 0 0 0.888968 -0.0935118 0.0581305
732 -19033 -19102.2 69.2383 0 0 0 0 0.06 0 0 0.889423 -0.0933986 0.0580914
733 -19033.3 -19102.2 68.8965 0 0 0 0 0.06 0 0 0.889876 -0.0932858 0.0580523
734 -19033.7 -19102.2 68.5664 0 0 0 0 0.06 0 0 0.890326 -0.0931733 0.0580131
735 -19034 -19102.2 68.2324 0 0 0 0 0.06 0 0 0.890776 -0.0930611 0.0579738
736 -19034.3 -19102.2 67.8945 0 0 0 0 0.06 0 0 0.891223 -0.0929492 0.0579345
737 -19034.7 -19102.2 67.5645 0 0 0 0 0.06 0 0 0.891668 -0.0928376 0.0578952
738 -19035 -19102.2 67.2363 0 0 0 0 0.06 0 0 0.892111 -0.0927263 0.0578557
739 -19035.3 -19102.2 66.8945 0 0 0 0 0.06 0 0 0.892553 -0.0926154 0.0578162
740 -19035.7 -19102.2 66.5508 0 0 0 0 0.06 0 0 0.892992 -0.0925047 0.0577767
741 -19036 -19102.2 66.2324 0 0 0 0 0.06 0 0 0.89343 -0.0923943 0.0577371
742 -19036.4 -19102.2 65.8828 0 0 0 0 0.06 0 0 0.893865 -0.0922843 0.0576974
743 -19036.7 -19102.2 65.5605 0 0 0 0 0.06 0 0 0.894299 -0.0921745 0.0576577
744 -19037 -19102.2 65.2363 0 0 0 0 0.06 0 0 0.894731 -0.092065 0.057618
745 -19037.3 -19102.2 64.9258 0 0 0 0 0.06 0 0 0.895162 -0.0919558 0.0575782
746 -19037.6 -19102.2 64.6152 0 0 0 0 0.06 0 0 0.89559 -0.0918469 0.0575383
747 -19038 -19102.2 64.2793 0 0 0 0 0.06 0 0 0.896016 -0.0917383 0.0574984
748 -19038.3 -19102.2 63.9609 0 0 0 0 0.06 0 0 0.896441 -0.0916299 0.0574584
749 -19038.6 -19102.2 63.6602 0 0 0 0 0.06 0 0 0.896864 -0.0915219 0.0574183
750 -19038.9 -19102.2 63.3438 0 0 0 0 0.06 0 0 0.897285 -0.0914141 0.0573783
751 -19039.2 -19102.2 62.9961 0 0 0 0 0.06 0 0 0.897704 -0.0913065 0.0573381
752 -19039.5 -19102.2 62.6973 0 0 0 0 0.06 0 0 0.898122 -0.0911993 0.0572979
753 -19039.8 -19102.2 62.3965 0 0 0 0 0.06 0 0 0.898538 -0.0910923 0.0572577
754 -19040.1 -19102.2 62.1035 0 0 0 0 0.06 0 0 0.898951 -0.0909856 0.0572174
755 -19040.4 -19102.2 61.8027 0 0 0 0 0.06 0 0 0.899364 -0.0908792 0.057177
756 -19040.7 -19102.2 61.498 0 0 0 0 0.06 0 0 0.899774 -0.090773 0.0571366
757 -19041 -19102.2 61.1992 0 0 0 0 0.06 0 0 0.900183 -0.090667 0.0570962
758 -19041.4 -19102.2 60.8867 0 0 0 0 0.06 0 0 0.90059 -0.0905614 0.0570557
759 -19041.7 -19102.2 60.5918 0 0 0 0 0.06 0 0 0.900995 -0.0904559 0.0570151
760 -19042 -19102.2 60.2891 0 0 0 0 0.06 0 0 0.901398 -0.0903508 0.0569745
761 -19042.2 -19102.2 60.0098 0 0 0 0 0.06 0 0 0.9018 -0.0902459 0.0569339
762 -19042.5 -19102.2 59.7031 0 0 0 0 0.06 0 0 0.9022 -0.0901412 0.0568932
763 -19042.8 -19102.2 59.4434 0 0 0 0 0.06 0 0 0.902598 -0.0900368 0.0568524
764 -19043.1 -19102.2 59.1426 0 0 0 0 0.06 0 0 0.902995 -0.0899326 0.0568116
765 -19043.4 -19102.2 58.8633 0 0 0 0 0.06 0 0 0.90339 -0.0898287 0.0567708
766 -19043.7 -19102.2 58.5742 0 0 0 0 0.06 0 0 0.903783 -0.089725 0.0567299
767 -19044 -19102.2 58.2695 0 0 0 0 0.06 0 0 0.904174 -0.0896215 0.0566889
768 -19044.3 -19102.2 57.9668 0 0 0 0 0.06 0 0 0.904564 -0.0895183 0.0566479
769 -19044.6 -19102.2 57.6836 0 0 0 0 0.06 0 0 0.904953 -0.0894153 0.0566069
770 -19044.8 -19102.2 57.4004 0 0 0 0 0.06 0 0 0.905339 -0.0893125 0.0565658
771 -19045.1 -19102.2 57.1211 0 0 0 0 0.06 0 0 0.905724 -0.08921 0.0565247
772 -19045.4 -19102.2 56.8613 0 0 0 0 0.06 0 0 0.906107 -0.0891077 0.0564835
773 -19045.7 -19102.2 56.5859 0 0 0 0 0.06 0 0 0.906489 -0.0890057 0.0564423
774 -19045.9 -19102.2 56.3184 0 0 0 0 0.06 0 0 0.906869 -0.0889038 0.056401
775 -19046.2 -19102.2 56.0371 0 0 0 0 0.06 0 0 0.907247 -0.0888022 0.0563597
776 -19046.5 -19102.2 55.7812 0 0 0 0 0.06 0 0 0.907624 -0.0887008 0.0563183
777 -19046.7 -19102.2 55.5293 0 0 0 0 0.06 0 0 0.907999 -0.0885996 0.0562769
778 -19047 -19102.2 55.2773 0 0 0 0 0.06 0 0 0.908373 -0.0884986 0.0562355
779 -19047.2 -19102.2 54.9941 0 0 0 0 0.06 0 0 0.908745 -0.0883979 0.056194
780 -19047.5 -19102.2 54.7363 0 0 0 0 0.06 0 0 0.909115 -0.0882973 0.0561525
781 -19047.8 -19102.2 54.4727 0 0 0 0 0.06 0 0 0.909484 -0.088197 0.0561109
782 -19048 -19102.2 54.2227 0 0 0 0 0.06 0 0 0.909852 -0.0880969 0.0560693
783 -19048.3 -19102.2 53.9492 0 0 0 0 0.06 0 0 0.910217 -0.087997 0.0560276
784 -19048.6 -19102.2 53.6895 0 0 0 0 0.06 0 0 0.910581 -0.0878973 0.0559859
785 -19048.8 -19102.2 53.4258 0 0 0 0 0.06 0 0 0.910944 -0.0877978 0.0559442
786 -19049.1 -19102.2 53.1797 0 0 0 0 0.06 0 0 0.911305 -0.0876985 0.0559024
787 -19049.3 -19102.2 52.9141 0 0 0 0 0.06 0 0 0.911665 -0.0875994 0.0558605
788 -19049.6 -19102.2 52.6543 0 0 0 0 0.06 0 0 0.912023 -0.0875005 0.0558187
789 -19049.8 -19102.2 52.4062 0 0 0 0 0.06 0 0 0.912379 -0.0874019 0.0557768
790 -19050.1 -19102.2 52.1758 0 0 0 0 0.06 0 0 0.912734 -0.0873034 0.0557348
791 -19050.3 -19102.2 51.9043 0 0 0 0 0.06 0 0 0.913088 -0.0872051 0.0556928
792 -19050.6 -19102.2 51.6484 0 0 0 0 0.06 0 0 0.91344 -0.087107 0.0556508
793 -19050.9 -19102.2 51.3887 0 0 0 0 0.06 0 0 0.91379 -0.0870091 0.0556087
794 -19051.1 -19102.2 51.1328 0 0 0 0 0.06 0 0 0.914139 -0.0869114 0.0555666
795 -19051.4 -19102.2 50.877 0 0 0 0 0.06 0 0 0.914487 -0.0868138 0.0555245
796 -19051.6 -19102.2 50.625 0 0 0 0 0.06 0 0 0.914833 -0.0867165 0.0554823
797 -19051.9 -19102.2 50.3906 0 0 0 0 0.06 0 0 0.915177 -0.0866194 0.0554401
798 -19052.1 -19102.2 50.1562 0 0 0 0 0.06 0 0 0.915521 -0.0865224 0.0553979
799 -19052.3 -19102.2 49.918 0 0 0 0 0.06 0 0 0.915862 -0.0864256 0.0553556
800 -19052.6 -19102.2 49.6855 0 0 0 0 0.06 0 0 0.916202 -0.086329 0.0553132
801 -19052.8 -19102.2 49.4434 0 0 0 0 0.06 0 0 0.916541 -0.0862326 0.0552709
802 -19053 -19102.2 49.2285 0 0 0 0 0.06 0 0 0.916879 -0.0861364 0.0552285
803 -19053.2 -19102.2 49 0 0 0 0 0.06 0 0 0.917215 -0.0860404 0.055186
804 -19053.4 -19102.2 48.8008 0 0 0 0 0.06 0 0 0.917549 -0.0859445 0.0551436
805 -19053.7 -19102.2 48.5742 0 0 0 0 0.06 0 0 0.917882 -0.0858488 0.0551011
806 -19053.9 -19102.2 48.334 0 0 0 0 0.06 0 0 0.918214 -0.0857533 0.0550585
807 -19054.1 -19102.2 48.125 0 0 0 0 0.06 0 0 0.918544 -0.0856579 0.055016
808 -19054.3 -19102.2 47.8945 0 0 0 0 0.06 0 0 0.918873 -0.0855628 0.0549733
809 -19054.6 -19102.2 47.6777 0 0 0 0 0.06 0 0 0.9192 -0.0854678 0.0549307
810 -19054.8 -19102.2 47.4512 0 0 0 0 0.06 0 0 0.919527 -0.0853729 0.054888
811 -19055 -19102.2 47.2324 0 0 0 0 0.06 0 0 0.919851 -0.0852783 0.0548453
812 -19055.2 -19102.2 47.0215 0 0 0 0 0.06 0 0 0.920175 -0.0851838 0.0548026
813 -19055.4 -19102.2 46.8125 0 0 0 0 0.06 0 0 0.920497 -0.0850895 0.0547598
814 -19055.7 -19102.2 46.5684 0 0 0 0 0.06 0 0 0.920817 -0.0849953 0.054717
815 -19055.9 -19102.2 46.3594 0 0 0 0 0.06 0 0 0.921137 -0.0849013 0.0546742
816 -19056.1 -19102.2 46.123 0 0 0 0 0.06 0 0 0.921454 -0.0848075 0.0546313
817 -19056.3 -19102.2 45.9043 0 0 0 0 0.06 0 0 0.921771 -0.0847138 0.0545884
818 -19056.6 -19102.2 45.6836 0 0 0 0 0.06 0 0 0.922086 -0.0846203 0.0545455
819 -19056.8 -19102.2 45.4531 0 0 0 0 0.06 0 0 0.9224 -0.084527 0.0545025
820 -19057 -19102.2 45.2324 0 0 0 0 0.06 0 0 0.922713 -0.0844338 0.0544595
821 -19057.2 -19102.2 45.0176 0 0 0 0 0.06 0 0 0.923024 -0.0843408 0.0544165
822 -19057.4 -19102.2 44.8066 0 0 0 0 0.06 0 0 0.923334 -0.0842479 0.0543735
823 -19057.7 -19102.2 44.582 0 0 0 0 0.06 0 0 0.923643 -0.0841552 0.0543304
824 -19057.9 -19102.2 44.3594 0 0 0 0 0.06 0 0 0.92395 -0.0840627 0.0542873
825 -19058.1 -19102.2 44.1465 0 0 0 0 0.06 0 0 0.924256 -0.0839703 0.0542442
826 -19058.3 -19102.2 43.9277 0 0 0 0 0.06 0 0 0.924561 -0.083878 0.054201
827 -19058.5 -19102.2 43.7285 0 0 0 0 0.06 0 0 0.924864 -0.0837859 0.0541578
828 -19058.7 -19102.2 43.5195 0 0 0 0 0.06 0 0 0.925167 -0.083694 0.0541146
829 -19058.9 -19102.2 43.3262 0 0 0 0 0.06 0 0 0.925468 -0.0836022 0.0540714
830 -19059.1 -19102.2 43.1309 0 0 0 0 0.06 0 0 0.925767 -0.0835106 0.0540281
831 -19059.3 -19102.2 42.9531 0 0 0 0 0.06 0 0 0.926066 -0.0834191 0.0539848
832 -19059.5 -19102.2 42.7461 0 0 0 0 0.06 0 0 0.926363 -0.0833277 0.0539415
833 -19059.7 -19102.2 42.5625 0 0 0 0 0.06 0 0 0.926659 -0.0832365 0.0538981
834 -19059.9 -19102.2 42.377 0 0 0 0 0.06 0 0 0.926953 -0.0831455 0.0538548
835 -19060.1 -19102.2 42.1719 0 0 0 0 0.06 0 0 0.927247 -0.0830546 0.0538114
836 -19060.3 -19102.2 41.9727 0 0 0 0 0.06 0 0 0.927539 -0.0829638 0.053768
837 -19060.5 -19102.2 41.7812 0 0 0 0 0.06 0 0 0.92783 -0.0828732 0.0537245
838 -19060.7 -19102.2 41.5898 0 0 0 0 0.06 0 0 0.92812 -0.0827827 0.053681
839 -19060.8 -19102.2 41.3965 0 0 0 0 0.06 0 0 0.928408 -0.0826924 0.0536375
840 -19061 -19102.2 41.2168 0 0 0 0 0.06 0 0 0.928695 -0.0826022 0.053594
841 -19061.2 -19102.2 41.0371 0 0 0 0 0.06 0 0 0.928982 -0.0825122 0.0535505
842 -19061.4 -19102.2 40.834 0 0 0 0 0.06 0 0 0.929266 -0.0824222 0.0535069
843 -19061.6 -19102.2 40.6621 0 0 0 0 0.06 0 0 0.92955 -0.0823325 0.0534633
844 -19061.8 -19102.2 40.4492 0 0 0 0 0.06 0 0 0.929833 -0.0822428 0.0534197
845 -19062 -19102.2 40.2656 0 0 0 0 0.06 0 0 0.930114 -0.0821533 0.0533761
846 -19062.2 -19102.2 40.0801 0 0 0 0 0.06 0 0 0.930394 -0.082064 0.0533324
847 -19062.3 -19102.2 39.9004 0 0 0 0 0.06 0 0 0.930673 -0.0819747 0.0532888
848 -19062.5 -19102.2 39.7422 0 0 0 0 0.06 0 0 0.930951 -0.0818856 0.0532451
849 -19062.7 -19102.2 39.5371 0 0 0 0 0.06 0 0 0.931228 -0.0817967 0.0532014
850 -19062.9 -19102.2 39.3301 0 0 0 0 0.06 0 0 0.931503 -0.0817079 0.0531576
851 -19063.1 -19102.2 39.1523 0 0 0 0 0.06 0 0 0.931777 -0.0816192 0.0531139
852 -19063.3 -19102.2 38.9609 0 0 0 0 0.06 0 0 0.932051 -0.0815306 0.0530701
853 -19063.5 -19102.2 38.7891 0 0 0 0 0.06 0 0 0.932323 -0.0814422 0.0530263
854 -19063.6 -19102.2 38.6113 0 0 0 0 0.06 0 0 0.932593 -0.0813539 0.0529825
855 -19063.8 -19102.2 38.4414 0 0 0 0 0.06 0 0 0.932863 -0.0812657 0.0529386
856 -19064 -19102.2 38.2715 0 0 0 0 0.06 0 0 0.933132 -0.0811777 0.0528948
857 -19064.1 -19102.2 38.0977 0 0 0 0 0.06 0 0 0.933399 -0.0810897 0.0528509
858 -19064.3 -19102.2 37.9082 0 0 0 0 0.06 0 0 0.933666 -0.0810019 0.052807
859 -19064.5 -19102.2 37.7344 0 0 0 0 0.06 0 0 0.933931 -0.0809143 0.0527631
860 -19064.7 -19102.2 37.5469 0 0 0 0 0.06 0 0 0.934195 -0.0808267 0.0527192
861 -19064.9 -19102.2 37.3555 0 0 0 0 0.06 0 0 0.934458 -0.0807393 0.0526752
862 -19065.1 -19102.2 37.1875 0 0 0 0 0.06 0 0 0.93472 -0.0806521 0.0526313
863 -19065.2 -19102.2 36.998 0 0 0 0 0.06 0 0 0.934981 -0.0805649 0.0525873
864 -19065.4 -19102.2 36.8262 0 0 0 0 0.06 0 0 0.935241 -0.0804779 0.0525433
865 -19065.6 -19102.2 36.6582 0 0 0 0 0.06 0 0 0.935499 -0.0803909 0.0524993
866 -19065.7 -19102.2 36.5137 0 0 0 0 0.06 0 0 0.935757 -0.0803041 0.0524553
867 -19065.9 -19102.2 36.3418 0 0 0 0 0.06 0 0 0.936014 -0.0802175 0.0524112
868 -19066.1 -19102.2 36.1816 0 0 0 0 0.06 0 0 0.936269 -0.0801309 0.0523672
869 -19066.2 -19102.2 36.0156 0 0 0 0 0.06 0 0 0.936523 -0.0800445 0.0523231
870 -19066.4 -19102.2 35.8535 0 0 0 0 0.06 0 0 0.936777 -0.0799582 0.052279
871 -19066.6 -19102.2 35.6914 0 0 0 0 0.06 0 0 0.937029 -0.079872 0.0522349
872 -19066.7 -19102.2 35.541 0 0 0 0 0.06 0 0 0.93728 -0.0797859 0.0521908
873 -19066.9 -19102.2 35.3672 0 0 0 0 0.06 0 0 0.93753 -0.0797 0.0521467
874 -19067.1 -19102.2 35.1914 0 0 0 0 0.06 0 0 0.937779 -0.0796141 0.0521025
875 -19067.2 -19102.2 35.0371 0 0 0 0 0.06 0 0 0.938028 -0.0795284 0.0520584
876 -19067.3 -19102.2 34.8945 0 0 0 0 0.06 0 0 0.938275 -0.0794428 0.0520142
877 -19067.5 -19102.2 34.7383 0 0 0 0 0.06 0 0 0.938521 -0.0793573 0.05197
878 -19067.7 -19102.2 34.5781 0 0 0 0 0.06 0 0 0.938766 -0.0792719 0.0519258
879 -19067.8 -19102.2 34.4238 0 0 0 0 0.06 0 0 0.93901 -0.0791867 0.0518816
880 -19068 -19102.2 34.2734 0 0 0 0 0.06 0 0 0.939253 -0.0791015 0.0518374
881 -19068.1 -19102.2 34.1426 0 0 0 0 0.06 0 0 0.939494 -0.0790165 0.0517932
882 -19068.3 -19102.2 33.9746 0 0 0 0 0.06 0 0 0.939735 -0.0789316 0.0517489
883 -19068.4 -19102.2 33.8105 0 0 0 0 0.06 0 0 0.939975 -0.0788468 0.0517047
884 -19068.6 -19102.2 33.6562 0 0 0 0 0.06 0 0 0.940214 -0.0787621 0.0516604
885 -19068.7 -19102.2 33.5098 0 0 0 0 0.06 0 0 0.940452 -0.0786775 0.0516161
886 -19068.9 -19102.2 33.3438 0 0 0 0 0.06 0 0 0.940689 -0.0785931 0.0515719
887 -19069 -19102.2 33.1992 0 0 0 0 0.06 0 0 0.940925 -0.0785087 0.0515276
888 -19069.2 -19102.2 33.0605 0 0 0 0 0.06 0 0 0.94116 -0.0784245 0.0514833
889 -19069.3 -19102.2 32.9277 0 0 0 0 0.06 0 0 0.941394 -0.0783403 0.0514389
890 -19069.5 -19102.2 32.7695 0 0 0 0 0.06 0 0 0.941627 -0.0782563 0.0513946
891 -19069.6 -19102.2 32.6309 0 0 0 0 0.06 0 0 0.941859 -0.0781724 0.0513503
892 -19069.8 -19102.2 32.4746 0 0 0 0 0.06 0 0 0.94209 -0.0780886 0.0513059
893 -19069.9 -19102.2 32.332 0 0 0 0 0.06 0 0 0.94232 -0.0780049 0.0512616
894 -19070.1 -19102.2 32.1875 0 0 0 0 0.06 0 0 0.94255 -0.0779213 0.0512172
895 -19070.2 -19102.2 32.0449 0 0 0 0 0.06 0 0 0.942778 -0.0778378 0.0511729
896 -19070.3 -19102.2 31.8945 0 0 0 0 0.06 0 0 0.943005 -0.0777544 0.0511285
897 -19070.5 -19102.2 31.7422 0 0 0 0 0.06 0 0 0.943231 -0.0776711 0.0510841
898 -19070.6 -19102.2 31.5957 0 0 0 0 0.06 0 0 0.943457 -0.0775879 0.0510397
899 -19070.8 -19102.2 31.459 0 0 0 0 0.06 0 0 0.943681 -0.0775049 0.0509953
900 -19070.9 -19102.2 31.3203 0 0 0 0 0.06 0 0 0.943905 -0.0774219 0.0509509
901 -19071.1 -19102.2 31.1738 0 0 0 0 0.06 0 0 0.944127 -0.0773391 0.0509065
902 -19071.2 -19102.2 31.0371 0 0 0 0 0.06 0 0 0.944349 -0.0772563 0.0508621
903 -19071.4 -19102.2 30.8926 0 0 0 0 0.06 0 0 0.94457 -0.0771737 0.0508177
904 -19071.5 -19102.2 30.7461 0 0 0 0 0.06 0 0 0.94479 -0.0770911 0.0507732
905 -19071.6 -19102.2 30.6074 0 0 0 0 0.06 0 0 0.945009 -0.0770087 0.0507288
906 -19071.8 -19102.2 30.4629 0 0 0 0 0.06 0 0 0.945227 -0.0769263 0.0506843
907 -19071.9 -19102.2 30.3145 0 0 0 0 0.06 0 0 0.945444 -0.0768441 0.0506399
908 -19072.1 -19102.2 30.1816 0 0 0 0 0.06 0 0 0.94566 -0.076762 0.0505954
909 -19072.2 -19102.2 30.0469 0 0 0 0 0.06 0 0 0.945875 -0.0766799 0.050551
910 -19072.3 -19102.2 29.9238 0 0 0 0 0.06 0 0 0.94609 -0.076598 0.0505065
911 -19072.5 -19102.2 29.7773 0 0 0 0 0.06 0 0 0.946303 -0.0765162 0.0504621
912 -19072.6 -19102.2 29.6367 0 0 0 0 0.06 0 0 0.946516 -0.0764344 0.0504176
913 -19072.7 -19102.2 29.5098 0 0 0 0 0.06 0 0 0.946728 -0.0763528 0.0503731
914 -19072.9 -19102.2 29.3789 0 0 0 0 0.06 0 0 0.946939 -0.0762713 0.0503286
915 -19073 -19102.2 29.2578 0 0 0 0 0.06 0 0 0.947149 -0.0761898 0.0502842
916 -19073.1 -19102.2 29.125 0 0 0 0 0.06 0 0 0.947358 -0.0761085 0.0502397
917 -19073.3 -19102.2 28.9863 0 0 0 0 0.06 0 0 0.947566 -0.0760273 0.0501952
918 -19073.4 -19102.2 28.8613 0 0 0 0 0.06 0 0 0.947774 -0.0759461 0.0501507
919 -19073.5 -19102.2 28.7422 0 0 0 0 0.06 0 0 0.94798 -0.0758651 0.0501062
920 -19073.6 -19102.2 28.6133 0 0 0 0 0.06 0 0 0.948186 -0.0757842 0.0500617
921 -19073.8 -19102.2 28.4551 0 0 0 0 0.06 0 0 0.948391 -0.0757033 0.0500172
922 -19073.9 -19102.2 28.3262 0 0 0 0 0.06 0 0 0.948595 -0.0756226 0.0499727
923 -19074.1 -19102.2 28.1934 0 0 0 0 0.06 0 0 0.948798 -0.0755419 0.0499282
924 -19074.2 -19102.2 28.0605 0 0 0 0 0.06 0 0 0.949001 -0.0754613 0.0498837
925 -19074.3 -19102.2 27.9238 0 0 0 0 0.06 0 0 0.949202 -0.0753809 0.0498392
926 -19074.4 -19102.2 27.8145 0 0 0 0 0.06 0 0 0.949403 -0.0753005 0.0497947
927 -19074.6 -19102.2 27.6914 0 0 0 0 0.06 0 0 0.949603 -0.0752202 0.0497502
928 -19074.7 -19102.2 27.5684 0 0 0 0 0.06 0 0 0.949802 -0.0751401 0.0497057
929 -19074.8 -19102.2 27.4492 0 0 0 0 0.06 0 0 0.95 -0.07506 0.0496612
930 -19074.9 -19102.2 27.3281 0 0 0 0 0.06 0 0 0.950197 -0.07498 0.0496167
931 -19075 -19102.2 27.1992 0 0 0 0 0.06 0 0 0.950394 -0.0749001 0.0495722
932 -19075.2 -19102.2 27.0918 0 0 0 0 0.06 0 0 0.95059 -0.0748203 0.0495277
933 -19075.3 -19102.2 26.9707 0 0 0 0 0.06 0 0 0.950785 -0.0747406 0.0494832
934 -19075.4 -19102.2 26.8555 0 0 0 0 0.06 0 0 0.950979 -0.074661 0.0494387
935 -19075.5 -19102.2 26.7637 0 0 0 0 0.06 0 0 0.951172 -0.0745815 0.0493942
936 -19075.6 -19102.2 26.6621 0 0 0 0 0.06 0 0 0.951365 -0.074502 0.0493497
937 -19075.7 -19102.2 26.5391 0 0 0 0 0.06 0 0 0.951556 -0.0744227 0.0493052
938 -19075.8 -19102.2 26.4082 0 0 0 0 0.06 0 0 0.951747 -0.0743435 0.0492607
939 -19075.9 -19102.2 26.2988 0 0 0 0 0.06 0 0 0.951938 -0.0742643 0.0492162
940 -19076.1 -19102.2 26.1895 0 0 0 0 0.06 0 0 0.952127 -0.0741852 0.0491718
941 -19076.2 -19102.2 26.0762 0 0 0 0 0.06 0 0 0.952316 -0.0741063 0.0491273
942 -19076.3 -19102.2 25.9473 0 0 0 0 0.06 0 0 0.952503 -0.0740274 0.0490828
943 -19076.4 -19102.2 25.8281 0 0 0 0 0.06 0 0 0.952691 -0.0739486 0.0490383
944 -19076.5 -19102.2 25.7129 0 0 0 0 0.06 0 0 0.952877 -0.0738699 0.0489938
945 -19076.6 -19102.2 25.6074 0 0 0 0 0.06 0 0 0.953062 -0.0737913 0.0489493
946 -19076.7 -19102.2 25.4961 0 0 0 0 0.06 0 0 0.953247 -0.0737128 0.0489049
947 -19076.9 -19102.2 25.3848 0 0 0 0 0.06 0 0 0.953431 -0.0736343 0.0488604
948 -19077 -19102.2 25.291 0 0 0 0 0.06 0 0 0.953614 -0.073556 0.0488159
949 -19077.1 -19102.2 25.166 0 0 0 0 0.06 0 0 0.953797 -0.0734777 0.0487715
950 -19077.2 -19102.2 25.0566 0 0 0 0 0.06 0 0 0.953979 -0.0733996 0.048727
951 -19077.3 -19102.2 24.9414 0 0 0 0 0.06 0 0 0.95416 -0.0733215 0.0486826
952 -19077.4 -19102.2 24.8281 0 0 0 0 0.06 0 0 0.95434 -0.0732435 0.0486381
953 -19077.5 -19102.2 24.7031 0 0 0 0 0.06 0 0 0.95452 -0.0731656 0.0485937
954 -19077.7 -19102.2 24.5879 0 0 0 0 0.06 0 0 0.954698 -0.0730878 0.0485492
955 -19077.7 -19102.2 24.4961 0 0 0 0 0.06 0 0 0.954876 -0.0730101 0.0485048
956 -19077.9 -19102.2 24.3887 0 0 0 0 0.06 0 0 0.955054 -0.0729324 0.0484604
957 -19077.9 -19102.2 24.3008 0 0 0 0 0.06 0 0 0.95523 -0.0728549 0.048416
958 -19078.1 -19102.2 24.1875 0 0 0 0 0.06 0 0 0.955406 -0.0727774 0.0483715
959 -19078.2 -19102.2 24.0703 0 0 0 0 0.06 0 0 0.955581 -0.0727001 0.0483271
960 -19078.3 -19102.2 23.9648 0 0 0 0 0.06 0 0 0.955756 -0.0726228 0.0482827
961 -19078.4 -19102.2 23.8574 0 0 0 0 0.06 0 0 0.95593 -0.0725456 0.0482383
962 -19078.5 -19102.2 23.7578 0 0 0 0 0.06 0 0 0.956103 -0.0724684 0.0481939
963 -19078.6 -19102.2 23.6562 0 0 0 0 0.06 0 0 0.956275 -0.0723914 0.0481495
964 -19078.7 -19102.2 23.5469 0 0 0 0 0.06 0 0 0.956447 -0.0723145 0.0481052
965 -19078.8 -19102.2 23.4414 0 0 0 0 0.06 0 0 0.956617 -0.0722376 0.0480608
966 -19078.9 -19102.2 23.3359 0 0 0 0 0.06 0 0 0.956788 -0.0721608 0.0480164
967 -19079 -19102.2 23.2227 0 0 0 0 0.06 0 0 0.956957 -0.0720841 0.0479721
968 -19079.1 -19102.2 23.1289 0 0 0 0 0.06 0 0 0.957126 -0.0720075 0.0479277
969 -19079.2 -19102.2 23.041 0 0 0 0 0.06 0 0 0.957294 -0.071931 0.0478834
970 -19079.3 -19102.2 22.9434 0 0 0 0 0.06 0 0 0.957461 -0.0718546 0.047839
971 -19079.4 -19102.2 22.8516 0 0 0 0 0.06 0 0 0.957628 -0.0717782 0.0477947
972 -19079.5 -19102.2 22.752 0 0 0 0 0.06 0 0 0.957794 -0.0717019 0.0477504
973 -19079.6 -19102.2 22.6523 0 0 0 0 0.06 0 0 0.95796 -0.0716257 0.0477061
974 -19079.7 -19102.2 22.541 0 0 0 0 0.06 0 0 0.958124 -0.0715496 0.0476618
975 -19079.8 -19102.2 22.457 0 0 0 0 0.06 0 0 0.958288 -0.0714736 0.0476175
976 -19079.9 -19102.2 22.3691 0 0 0 0 0.06 0 0 0.958452 -0.0713977 0.0475732
977 -19080 -19102.2 22.2676 0 0 0 0 0.06 0 0 0.958614 -0.0713218 0.0475289
978 -19080.1 -19102.2 22.1641 0 0 0 0 0.06 0 0 0.958776 -0.071246 0.0474847
979 -19080.2 -19102.2 22.0605 0 0 0 0 0.06 0 0 0.958938 -0.0711704 0.0474404
980 -19080.3 -19102.2 21.9609 0 0 0 0 0.06 0 0 0.959099 -0.0710947 0.0473962
981 -19080.4 -19102.2 21.8457 0 0 0 0 0.06 0 0 0.959259 -0.0710192 0.0473519
982 -19080.5 -19102.2 21.748 0 0 0 0 0.06 0 0 0.959418 -0.0709438 0.0473077
983 -19080.6 -19102.2 21.6426 0 0 0 0 0.06 0 0 0.959577 -0.0708684 0.0472635
984 -19080.7 -19102.2 21.5547 0 0 0 0 0.06 0 0 0.959735 -0.0707931 0.0472193
985 -19080.8 -19102.2 21.4648 0 0 0 0 0.06 0 0 0.959892 -0.0707179 0.0471751
986 -19080.9 -19102.2 21.3848 0 0 0 0 0.06 0 0 0.960049 -0.0706428 0.0471309
987 -19080.9 -19102.2 21.3008 0 0 0 0 0.06 0 0 0.960205 -0.0705678 0.0470867
988 -19081 -19102.2 21.2031 0 0 0 0 0.06 0 0 0.960361 -0.0704928 0.0470426
989 -19081.1 -19102.2 21.1133 0 0 0 0 0.06 0 0 0.960516 -0.0704179 0.0469984
990 -19081.2 -19102.2 21.0176 0 0 0 0 0.06 0 0 0.96067 -0.0703431 0.0469543
991 -19081.3 -19102.2 20.9297 0 0 0 0 0.06 0 0 0.960824 -0.0702684 0.0469102
992 -19081.4 -19102.2 20.8223 0 0 0 0 0.06 0 0 0.960977 -0.0701938 0.046866
993 -19081.5 -19102.2 20.7207 0 0 0 0 0.06 0 0 0.961129 -0.0701192 0.0468219
994 -19081.6 -19102.2 20.623 0 0 0 0 0.06 0 0 0.961281 -0.0700448 0.0467778
995 -19081.7 -19102.2 20.5371 0 0 0 0 0.06 0 0 0.961432 -0.0699704 0.0467338
996 -19081.8 -19102.2 20.4512 0 0 0 0 0.06 0 0 0.961582 -0.069896 0.0466897
997 -19081.9 -19102.2 20.3516 0 0 0 0 0.06 0 0 0.961732 -0.0698218 0.0466456
998 -19082 -19102.2 20.2676 0 0 0 0 0.06 0 0 0.961882 -0.0697476 0.0466016
999 -19082.1 -19102.2 20.1738 0 0 0 0 0.06 0 0 0.96203 -0.0696736 0.0465576
1000 -19082.2 -19102.2 20.084 0 0 0 0 0.06 0 0 0.962178 -0.0695996 0.0465135
