# Iteration Energy MinEnergy Delta temp realtemp dtheta realdtheta MagneticFieldX Y Z MagnetizationX Y Z
1 -735.874 -19136.7 18400.9 0 0 0 0 0.07 0 0 -0.0029833 -0.00729637 -9.66941e-05
2 -1229.38 -19136.7 17907.4 0 0 0 0 0.07 0 0 -0.00201518 -0.00804507 -3.35718e-05
3 -1692.92 -19136.7 17443.8 0 0 0 0 0.07 0 0 -0.00102199 -0.00886475 5.09103e-05
4 -2135.64 -19136.7 17001.1 0 0 0 0 0.07 0 0 2.03233e-05 -0.00976259 0.000164363
5 -2563.84 -19136.7 16572.9 0 0 0 0 0.07 0 0 0.00112737 -0.0107499 0.000301369
6 -2982.62 -19136.7 16154.1 0 0 0 0 0.07 0 0 0.00228473 -0.0117825 0.000458701
7 -3393.96 -19136.7 15742.8 0 0 0 0 0.07 0 0 0.0035063 -0.0128426 0.000615659
8 -3803.72 -19136.7 15333 0 0 0 0 0.07 0 0 0.00479209 -0.013958 0.000808536
9 -4215.77 -19136.7 14921 0 0 0 0 0.07 0 0 0.00610978 -0.0151216 0.0010154
10 -4631.02 -19136.7 14505.7 0 0 0 0 0.07 0 0 0.00742431 -0.016355 0.00122492
11 -5050.5 -19136.7 14086.2 0 0 0 0 0.07 0 0 0.00879857 -0.0176154 0.00144394
12 -5470.84 -19136.7 13665.9 0 0 0 0 0.07 0 0 0.0102462 -0.0189492 0.00164816
13 -5889.75 -19136.7 13247 0 0 0 0 0.07 0 0 0.0116907 -0.0203141 0.00181023
14 -6308.85 -19136.7 12827.9 0 0 0 0 0.07 0 0 0.0132024 -0.0216966 0.00197113
15 -6727.39 -19136.7 12409.4 0 0 0 0 0.07 0 0 0.0147946 -0.0231809 0.00216458
16 -7142.02 -19136.7 11994.7 0 0 0 0 0.07 0 0 0.0164937 -0.024767 0.00238198
17 -7552.22 -19136.7 11584.5 0 0 0 0 0.07 0 0 0.0182845 -0.0264016 0.0025575
18 -7956.74 -19136.7 11180 0 0 0 0 0.07 0 0 0.020137 -0.0281257 0.00273163
19 -8351.01 -19136.7 10785.7 0 0 0 0 0.07 0 0 0.0219512 -0.0297809 0.0029886
20 -8735.19 -19136.7 10401.5 0 0 0 0 0.07 0 0 0.0236579 -0.0314163 0.00322387
21 -9112.89 -19136.7 10023.8 0 0 0 0 0.07 0 0 0.0253277 -0.0330486 0.00344397
22 -9483.67 -19136.7 9653.07 0 0 0 0 0.07 0 0 0.0268998 -0.0346373 0.00359669
23 -9845.86 -19136.7 9290.88 0 0 0 0 0.07 0 0 0.0285031 -0.0362638 0.00375407
24 -10197.1 -19136.7 8939.6 0 0 0 0 0.07 0 0 0.0301905 -0.0379305 0.00394786
25 -10535.9 -19136.7 8600.85 0 0 0 0 0.07 0 0 0.0318944 -0.0395625 0.00408527
26 -10863.2 -19136.7 8273.56 0 0 0 0 0.07 0 0 0.0335567 -0.0412344 0.0042306
27 -11175 -19136.7 7961.71 0 0 0 0 0.07 0 0 0.0350992 -0.0429216 0.00433256
28 -11473.1 -19136.7 7663.6 0 0 0 0 0.07 0 0 0.0365885 -0.0445727 0.00453908
29 -11755.1 -19136.7 7381.66 0 0 0 0 0.07 0 0 0.0380165 -0.0461769 0.0048003
30 -12020.3 -19136.7 7116.46 0 0 0 0 0.07 0 0 0.0393788 -0.0477924 0.00493088
31 -12269.6 -19136.7 6867.11 0 0 0 0 0.07 0 0 0.0407346 -0.0493921 0.00503626
32 -12502.9 -19136.7 6633.8 0 0 0 0 0.07 0 0 0.0421027 -0.0509884 0.00505252
33 -12724.3 -19136.7 6412.4 0 0 0 0 0.07 0 0 0.0434761 -0.0525488 0.00504552
34 -12934.6 -19136.7 6202.14 0 0 0 0 0.07 0 0 0.0448857 -0.0541009 0.00502604
35 -13134.2 -19136.7 6002.5 0 0 0 0 0.07 0 0 0.0463385 -0.0556403 0.00498127
36 -13321.8 -19136.7 5814.97 0 0 0 0 0.07 0 0 0.0478171 -0.0571438 0.00492523
37 -13498.2 -19136.7 5638.53 0 0 0 0 0.07 0 0 0.0493181 -0.0587123 0.00489942
38 -13665.7 -19136.7 5471.01 0 0 0 0 0.07 0 0 0.0508167 -0.0603035 0.00487869
39 -13823.3 -19136.7 5313.44 0 0 0 0 0.07 0 0 0.0522861 -0.0618868 0.00486573
40 -13974.1 -19136.7 5162.62 0 0 0 0 0.07 0 0 0.0537723 -0.0634833 0.004862
41 -14117.6 -19136.7 5019.17 0 0 0 0 0.07 0 0 0.0553266 -0.0650563 0.00487643
42 -14251 -19136.7 4885.78 0 0 0 0 0.07 0 0 0.0569343 -0.0665494 0.00493502
43 -14375.1 -19136.7 4761.62 0 0 0 0 0.07 0 0 0.0585701 -0.0679782 0.00498898
44 -14492.7 -19136.7 4644.02 0 0 0 0 0.07 0 0 0.0602097 -0.0693671 0.00505528
45 -14604.2 -19136.7 4532.55 0 0 0 0 0.07 0 0 0.061873 -0.0707178 0.00514221
46 -14707.8 -19136.7 4428.9 0 0 0 0 0.07 0 0 0.0635101 -0.0719896 0.00518638
47 -14806.7 -19136.7 4330.02 0 0 0 0 0.07 0 0 0.0651497 -0.0732154 0.00523877
48 -14901.3 -19136.7 4235.46 0 0 0 0 0.07 0 0 0.0668024 -0.0744134 0.00527598
49 -14990.9 -19136.7 4145.84 0 0 0 0 0.07 0 0 0.0684738 -0.0756279 0.00526453
50 -15075.5 -19136.7 4061.26 0 0 0 0 0.07 0 0 0.0701669 -0.0768275 0.00526391
51 -15156.4 -19136.7 3980.38 0 0 0 0 0.07 0 0 0.0718698 -0.0780368 0.00528645
52 -15233.9 -19136.7 3902.89 0 0 0 0 0.07 0 0 0.0735886 -0.0792415 0.00532507
53 -15308.6 -19136.7 3828.11 0 0 0 0 0.07 0 0 0.0753152 -0.0804307 0.00536943
54 -15380.9 -19136.7 3755.82 0 0 0 0 0.07 0 0 0.0770401 -0.0816042 0.00541869
55 -15450.3 -19136.7 3686.43 0 0 0 0 0.07 0 0 0.0787547 -0.0827554 0.00547064
56 -15517.4 -19136.7 3619.39 0 0 0 0 0.07 0 0 0.0804681 -0.0838969 0.00551749
57 -15581.7 -19136.7 3555.08 0 0 0 0 0.07 0 0 0.0821757 -0.0850244 0.00556353
58 -15643.5 -19136.7 3493.28 0 0 0 0 0.07 0 0 0.0839156 -0.086138 0.00561736
59 -15703.3 -19136.7 3433.43 0 0 0 0 0.07 0 0 0.0856674 -0.0872346 0.00568105
60 -15760.1 -19136.7 3376.66 0 0 0 0 0.07 0 0 0.0873997 -0.0883068 0.00575817
61 -15814.4 -19136.7 3322.32 0 0 0 0 0.07 0 0 0.0891219 -0.0893714 0.0058601
62 -15867.1 -19136.7 3269.69 0 0 0 0 0.07 0 0 0.0908493 -0.0904212 0.00598327
63 -15918.1 -19136.7 3218.67 0 0 0 0 0.07 0 0 0.0925776 -0.09146 0.00612624
64 -15967.2 -19136.7 3169.56 0 0 0 0 0.07 0 0 0.0943086 -0.0924871 0.00628732
65 -16014.5 -19136.7 3122.24 0 0 0 0 0.07 0 0 0.0960534 -0.0935144 0.00646079
66 -16059.5 -19136.7 3077.24 0 0 0 0 0.07 0 0 0.097802 -0.0945136 0.00666212
67 -16103.4 -19136.7 3033.35 0 0 0 0 0.07 0 0 0.099555 -0.0955052 0.00687306
68 -16146.1 -19136.7 2990.66 0 0 0 0 0.07 0 0 0.101314 -0.0964946 0.00708678
69 -16187.7 -19136.7 2949.05 0 0 0 0 0.07 0 0 0.103074 -0.09748 0.00730552
70 -16228.4 -19136.7 2908.31 0 0 0 0 0.07 0 0 0.104838 -0.0984614 0.0075316
71 -16268.3 -19136.7 2868.48 0 0 0 0 0.07 0 0 0.106604 -0.0994393 0.00776439
72 -16307.3 -19136.7 2829.44 0 0 0 0 0.07 0 0 0.108372 -0.100414 0.00800331
73 -16345.4 -19136.7 2791.35 0 0 0 0 0.07 0 0 0.110147 -0.101379 0.00825148
74 -16382.4 -19136.7 2754.33 0 0 0 0 0.07 0 0 0.111922 -0.102335 0.00851598
75 -16418.3 -19136.7 2718.4 0 0 0 0 0.07 0 0 0.113696 -0.103286 0.00880543
76 -16453.5 -19136.7 2683.21 0 0 0 0 0.07 0 0 0.11547 -0.104234 0.00910304
77 -16488 -19136.7 2648.75 0 0 0 0 0.07 0 0 0.117245 -0.105179 0.00940885
78 -16521.5 -19136.7 2615.22 0 0 0 0 0.07 0 0 0.119016 -0.106115 0.0097287
79 -16554.3 -19136.7 2582.41 0 0 0 0 0.07 0 0 0.120789 -0.107048 0.0100555
80 -16586.4 -19136.7 2550.35 0 0 0 0 0.07 0 0 0.122563 -0.107982 0.0103839
81 -16617.8 -19136.7 2518.95 0 0 0 0 0.07 0 0 0.124336 -0.108916 0.0107148
82 -16648.6 -19136.7 2488.15 0 0 0 0 0.07 0 0 0.12611 -0.109848 0.0110504
83 -16678.7 -19136.7 2458.05 0 0 0 0 0.07 0 0 0.127886 -0.110782 0.0113921
84 -16708 -19136.7 2428.71 0 0 0 0 0.07 0 0 0.129665 -0.11172 0.0117412
85 -16736.7 -19136.7 2400.08 0 0 0 0 0.07 0 0 0.13144 -0.11266 0.0120948
86 -16764.7 -19136.7 2372.07 0 0 0 0 0.07 0 0 0.133215 -0.113603 0.0124502
87 -16792.2 -19136.7 2344.57 0 0 0 0 0.07 0 0 0.134991 -0.114544 0.0128078
88 -16819.1 -19136.7 2317.65 0 0 0 0 0.07 0 0 0.136769 -0.11548 0.0131668
89 -16845.5 -19136.7 2291.26 0 0 0 0 0.07 0 0 0.138548 -0.116417 0.0135238
90 -16871.2 -19136.7 2265.54 0 0 0 0 0.07 0 0 0.140327 -0.117352 0.0138858
91 -16896.4 -19136.7 2240.3 0 0 0 0 0.07 0 0 0.142108 -0.118285 0.0142479
92 -16921.2 -19136.7 2215.52 0 0 0 0 0.07 0 0 0.143889 -0.119215 0.0146098
93 -16945.5 -19136.7 2191.25 0 0 0 0 0.07 0 0 0.14567 -0.120139 0.0149753
94 -16969.2 -19136.7 2167.51 0 0 0 0 0.07 0 0 0.147452 -0.121059 0.0153436
95 -16992.5 -19136.7 2144.21 0 0 0 0 0.07 0 0 0.149235 -0.121974 0.0157128
96 -17015.3 -19136.7 2121.43 0 0 0 0 0.07 0 0 0.151021 -0.122882 0.0160872
97 -17037.7 -19136.7 2099.07 0 0 0 0 0.07 0 0 0.152808 -0.123785 0.0164604
98 -17059.7 -19136.7 2077.06 0 0 0 0 0.07 0 0 0.154597 -0.124684 0.0168321
99 -17081.3 -19136.7 2055.47 0 0 0 0 0.07 0 0 0.156388 -0.125577 0.017202
100 -17102.5 -19136.7 2034.28 0 0 0 0 0.07 0 0 0.158177 -0.126461 0.017569
101 -17123.1 -19136.7 2013.62 0 0 0 0 0.07 0 0 0.159963 -0.127334 0.0179324
102 -17143.5 -19136.7 1993.26 0 0 0 0 0.07 0 0 0.161751 -0.128199 0.0182935
103 -17163.5 -19136.7 1973.28 0 0 0 0 0.07 0 0 0.16354 -0.129057 0.0186524
104 -17183.1 -19136.7 1953.68 0 0 0 0 0.07 0 0 0.165333 -0.129909 0.0190067
105 -17202.3 -19136.7 1934.39 0 0 0 0 0.07 0 0 0.16713 -0.130755 0.0193573
106 -17221.3 -19136.7 1915.43 0 0 0 0 0.07 0 0 0.168928 -0.131593 0.0197053
107 -17240 -19136.7 1896.78 0 0 0 0 0.07 0 0 0.17073 -0.132422 0.0200507
108 -17258.3 -19136.7 1878.4 0 0 0 0 0.07 0 0 0.172533 -0.133243 0.0203936
109 -17276.5 -19136.7 1860.25 0 0 0 0 0.07 0 0 0.174339 -0.134055 0.0207339
110 -17294.3 -19136.7 1842.45 0 0 0 0 0.07 0 0 0.176148 -0.134858 0.0210717
111 -17311.9 -19136.7 1824.88 0 0 0 0 0.07 0 0 0.177959 -0.135652 0.0214043
112 -17328.8 -19136.7 1807.94 0 0 0 0 0.07 0 0 0.17977 -0.136434 0.0217234
113 -17345.3 -19136.7 1791.42 0 0 0 0 0.07 0 0 0.181586 -0.137212 0.0220374
114 -17361.5 -19136.7 1775.24 0 0 0 0 0.07 0 0 0.183404 -0.13798 0.0223484
115 -17377.5 -19136.7 1759.25 0 0 0 0 0.07 0 0 0.185225 -0.138739 0.0226566
116 -17393.2 -19136.7 1743.58 0 0 0 0 0.07 0 0 0.187047 -0.139489 0.0229622
117 -17408.6 -19136.7 1728.18 0 0 0 0 0.07 0 0 0.188871 -0.140229 0.0232654
118 -17423.7 -19136.7 1713.04 0 0 0 0 0.07 0 0 0.190696 -0.14096 0.0235663
119 -17438.6 -19136.7 1698.13 0 0 0 0 0.07 0 0 0.192524 -0.14168 0.0238652
120 -17453.3 -19136.7 1683.48 0 0 0 0 0.07 0 0 0.194352 -0.142391 0.0241621
121 -17467.7 -19136.7 1669.07 0 0 0 0 0.07 0 0 0.196182 -0.143092 0.0244574
122 -17481.8 -19136.7 1654.95 0 0 0 0 0.07 0 0 0.198013 -0.143784 0.0247512
123 -17495.7 -19136.7 1641.04 0 0 0 0 0.07 0 0 0.199845 -0.144465 0.0250436
124 -17509.4 -19136.7 1627.32 0 0 0 0 0.07 0 0 0.201677 -0.145137 0.0253348
125 -17522.9 -19136.7 1613.89 0 0 0 0 0.07 0 0 0.20351 -0.145799 0.0256249
126 -17536.2 -19136.7 1600.59 0 0 0 0 0.07 0 0 0.205344 -0.146451 0.0259141
127 -17549.2 -19136.7 1587.57 0 0 0 0 0.07 0 0 0.207177 -0.147094 0.0262025
128 -17562 -19136.7 1574.75 0 0 0 0 0.07 0 0 0.20901 -0.147727 0.0264902
129 -17574.6 -19136.7 1562.15 0 0 0 0 0.07 0 0 0.210844 -0.148351 0.0267774
130 -17587 -19136.7 1549.75 0 0 0 0 0.07 0 0 0.212677 -0.148966 0.027064
131 -17599.2 -19136.7 1537.55 0 0 0 0 0.07 0 0 0.214509 -0.149571 0.0273503
132 -17611.2 -19136.7 1525.56 0 0 0 0 0.07 0 0 0.216342 -0.150167 0.0276361
133 -17623 -19136.7 1513.75 0 0 0 0 0.07 0 0 0.218173 -0.150754 0.0279217
134 -17634.6 -19136.7 1502.13 0 0 0 0 0.07 0 0 0.220004 -0.151331 0.028207
135 -17646 -19136.7 1490.71 0 0 0 0 0.07 0 0 0.221834 -0.1519 0.0284921
136 -17657.3 -19136.7 1479.47 0 0 0 0 0.07 0 0 0.223663 -0.152461 0.028777
137 -17668.3 -19136.7 1468.4 0 0 0 0 0.07 0 0 0.225492 -0.153012 0.0290618
138 -17679.2 -19136.7 1457.56 0 0 0 0 0.07 0 0 0.22732 -0.153555 0.0293463
139 -17689.9 -19136.7 1446.83 0 0 0 0 0.07 0 0 0.229147 -0.154089 0.0296306
140 -17700.4 -19136.7 1436.31 0 0 0 0 0.07 0 0 0.230973 -0.154615 0.0299146
141 -17710.8 -19136.7 1425.93 0 0 0 0 0.07 0 0 0.232798 -0.155133 0.0301983
142 -17721 -19136.7 1415.72 0 0 0 0 0.07 0 0 0.234623 -0.155642 0.0304815
143 -17731.1 -19136.7 1405.66 0 0 0 0 0.07 0 0 0.236447 -0.156144 0.0307641
144 -17741 -19136.7 1395.76 0 0 0 0 0.07 0 0 0.23827 -0.156638 0.0310461
145 -17750.8 -19136.7 1385.99 0 0 0 0 0.07 0 0 0.240092 -0.157124 0.0313274
146 -17760.3 -19136.7 1376.4 0 0 0 0 0.07 0 0 0.241914 -0.157602 0.0316078
147 -17769.8 -19136.7 1366.95 0 0 0 0 0.07 0 0 0.243736 -0.158074 0.0318872
148 -17779.1 -19136.7 1357.65 0 0 0 0 0.07 0 0 0.245557 -0.158537 0.0321654
149 -17788.3 -19136.7 1348.43 0 0 0 0 0.07 0 0 0.247378 -0.158994 0.0324425
150 -17797.3 -19136.7 1339.4 0 0 0 0 0.07 0 0 0.249198 -0.159444 0.0327182
151 -17806.3 -19136.7 1330.46 0 0 0 0 0.07 0 0 0.251019 -0.159887 0.0329923
152 -17815.1 -19136.7 1321.65 0 0 0 0 0.07 0 0 0.252839 -0.160323 0.0332649
153 -17823.8 -19136.7 1312.97 0 0 0 0 0.07 0 0 0.254659 -0.160752 0.0335357
154 -17832.3 -19136.7 1304.4 0 0 0 0 0.07 0 0 0.25648 -0.161174 0.0338046
155 -17840.8 -19136.7 1295.98 0 0 0 0 0.07 0 0 0.2583 -0.16159 0.0340715
156 -17849.1 -19136.7 1287.66 0 0 0 0 0.07 0 0 0.260121 -0.162 0.0343362
157 -17857.3 -19136.7 1279.47 0 0 0 0 0.07 0 0 0.261942 -0.162403 0.0345988
158 -17865.4 -19136.7 1271.33 0 0 0 0 0.07 0 0 0.263763 -0.1628 0.0348591
159 -17873.4 -19136.7 1263.33 0 0 0 0 0.07 0 0 0.265585 -0.163191 0.035117
160 -17881.3 -19136.7 1255.43 0 0 0 0 0.07 0 0 0.267408 -0.163575 0.0353724
161 -17889.1 -19136.7 1247.62 0 0 0 0 0.07 0 0 0.26923 -0.163954 0.0356252
162 -17896.8 -19136.7 1239.93 0 0 0 0 0.07 0 0 0.271054 -0.164326 0.0358755
163 -17904.4 -19136.7 1232.35 0 0 0 0 0.07 0 0 0.272878 -0.164693 0.0361231
164 -17911.9 -19136.7 1224.83 0 0 0 0 0.07 0 0 0.274703 -0.165053 0.036368
165 -17919.3 -19136.7 1217.46 0 0 0 0 0.07 0 0 0.276529 -0.165408 0.0366103
166 -17926.6 -19136.7 1210.12 0 0 0 0 0.07 0 0 0.278356 -0.165757 0.0368498
167 -17933.9 -19136.7 1202.86 0 0 0 0 0.07 0 0 0.280184 -0.1661 0.0370866
168 -17941 -19136.7 1195.73 0 0 0 0 0.07 0 0 0.282013 -0.166437 0.0373206
169 -17948.1 -19136.7 1188.66 0 0 0 0 0.07 0 0 0.283843 -0.166769 0.0375519
170 -17955.1 -19136.7 1181.67 0 0 0 0 0.07 0 0 0.285674 -0.167095 0.0377805
171 -17962 -19136.7 1174.77 0 0 0 0 0.07 0 0 0.287506 -0.167416 0.0380064
172 -17968.8 -19136.7 1167.91 0 0 0 0 0.07 0 0 0.289339 -0.16773 0.0382307
173 -17975.5 -19136.7 1161.25 0 0 0 0 0.07 0 0 0.291172 -0.168036 0.0384538
174 -17982.2 -19136.7 1154.59 0 0 0 0 0.07 0 0 0.293006 -0.168336 0.0386748
175 -17988.7 -19136.7 1148.05 0 0 0 0 0.07 0 0 0.294842 -0.16863 0.0388935
176 -17995.1 -19136.7 1141.6 0 0 0 0 0.07 0 0 0.296678 -0.168918 0.03911
177 -18001.6 -19136.7 1135.17 0 0 0 0 0.07 0 0 0.298515 -0.1692 0.0393245
178 -18007.9 -19136.7 1128.86 0 0 0 0 0.07 0 0 0.300353 -0.169476 0.0395368
179 -18014.1 -19136.7 1122.61 0 0 0 0 0.07 0 0 0.302192 -0.169747 0.0397471
180 -18020.3 -19136.7 1116.45 0 0 0 0 0.07 0 0 0.304032 -0.170012 0.0399554
181 -18026.4 -19136.7 1110.34 0 0 0 0 0.07 0 0 0.305872 -0.170271 0.0401618
182 -18032.5 -19136.7 1104.24 0 0 0 0 0.07 0 0 0.307714 -0.170525 0.0403663
183 -18038.5 -19136.7 1098.28 0 0 0 0 0.07 0 0 0.309556 -0.170773 0.0405689
184 -18044.4 -19136.7 1092.37 0 0 0 0 0.07 0 0 0.3114 -0.171015 0.0407698
185 -18050.2 -19136.7 1086.5 0 0 0 0 0.07 0 0 0.313244 -0.171252 0.0409689
186 -18056 -19136.7 1080.7 0 0 0 0 0.07 0 0 0.315089 -0.171484 0.0411663
187 -18061.8 -19136.7 1074.97 0 0 0 0 0.07 0 0 0.316935 -0.17171 0.041362
188 -18067.4 -19136.7 1069.3 0 0 0 0 0.07 0 0 0.318782 -0.171931 0.0415562
189 -18073.1 -19136.7 1063.64 0 0 0 0 0.07 0 0 0.32063 -0.172146 0.0417488
190 -18078.6 -19136.7 1058.1 0 0 0 0 0.07 0 0 0.322479 -0.172357 0.0419399
191 -18084.2 -19136.7 1052.55 0 0 0 0 0.07 0 0 0.32433 -0.172562 0.0421295
192 -18089.7 -19136.7 1047.09 0 0 0 0 0.07 0 0 0.326181 -0.172762 0.0423177
193 -18095.1 -19136.7 1041.64 0 0 0 0 0.07 0 0 0.328033 -0.172958 0.0425046
194 -18100.5 -19136.7 1036.28 0 0 0 0 0.07 0 0 0.329886 -0.173148 0.0426902
195 -18105.8 -19136.7 1030.94 0 0 0 0 0.07 0 0 0.33174 -0.173333 0.0428744
196 -18111.1 -19136.7 1025.65 0 0 0 0 0.07 0 0 0.333596 -0.173514 0.0430575
197 -18116.3 -19136.7 1020.41 0 0 0 0 0.07 0 0 0.335453 -0.173689 0.0432394
198 -18121.6 -19136.7 1015.19 0 0 0 0 0.07 0 0 0.337311 -0.17386 0.0434202
199 -18126.8 -19136.7 1009.97 0 0 0 0 0.07 0 0 0.33917 -0.174026 0.0435999
200 -18131.9 -19136.7 1004.86 0 0 0 0 0.07 0 0 0.341031 -0.174187 0.0437785
201 -18137 -19136.7 999.75 0 0 0 0 0.07 0 0 0.342893 -0.174344 0.0439562
202 -18142.1 -19136.7 994.662 0 0 0 0 0.07 0 0 0.344756 -0.174496 0.0441329
203 -18147.1 -19136.7 989.623 0 0 0 0 0.07 0 0 0.346621 -0.174644 0.0443087
204 -18152.2 -19136.7 984.537 0 0 0 0 0.07 0 0 0.348487 -0.174787 0.0444837
205 -18157.2 -19136.7 979.572 0 0 0 0 0.07 0 0 0.350354 -0.174925 0.0446579
206 -18162.2 -19136.7 974.58 0 0 0 0 0.07 0 0 0.352223 -0.175059 0.0448312
207 -18167.1 -19136.7 969.604 0 0 0 0 0.07 0 0 0.354094 -0.175189 0.0450038
208 -18172 -19136.7 964.695 0 0 0 0 0.07 0 0 0.355966 -0.175314 0.0451757
209 -18177 -19136.7 959.756 0 0 0 0 0.07 0 0 0.357839 -0.175435 0.045347
210 -18181.8 -19136.7 954.9 0 0 0 0 0.07 0 0 0.359713 -0.175551 0.0455176
211 -18186.8 -19136.7 949.986 0 0 0 0 0.07 0 0 0.361589 -0.175663 0.0456876
212 -18191.6 -19136.7 945.139 0 0 0 0 0.07 0 0 0.363467 -0.175771 0.0458569
213 -18196.5 -19136.7 940.273 0 0 0 0 0.07 0 0 0.365345 -0.175875 0.0460258
214 -18201.3 -19136.7 935.475 0 0 0 0 0.07 0 0 0.367225 -0.175974 0.046194
215 -18206.1 -19136.7 930.674 0 0 0 0 0.07 0 0 0.369106 -0.17607 0.0463618
216 -18210.8 -19136.7 925.898 0 0 0 0 0.07 0 0 0.370988 -0.176161 0.046529
217 -18215.6 -19136.7 921.107 0 0 0 0 0.07 0 0 0.37287 -0.176249 0.0466957
218 -18220.4 -19136.7 916.35 0 0 0 0 0.07 0 0 0.374754 -0.176332 0.0468619
219 -18225.2 -19136.7 911.559 0 0 0 0 0.07 0 0 0.376638 -0.176411 0.0470275
220 -18229.9 -19136.7 906.844 0 0 0 0 0.07 0 0 0.378523 -0.176487 0.0471926
221 -18234.6 -19136.7 902.146 0 0 0 0 0.07 0 0 0.380408 -0.176559 0.0473572
222 -18239.3 -19136.7 897.465 0 0 0 0 0.07 0 0 0.382294 -0.176627 0.0475211
223 -18244 -19136.7 892.787 0 0 0 0 0.07 0 0 0.384179 -0.176691 0.0476845
224 -18248.6 -19136.7 888.143 0 0 0 0 0.07 0 0 0.386065 -0.176751 0.0478473
225 -18253.2 -19136.7 883.521 0 0 0 0 0.07 0 0 0.38795 -0.176808 0.0480093
226 -18257.8 -19136.7 878.92 0 0 0 0 0.07 0 0 0.389834 -0.176862 0.0481707
227 -18262.4 -19136.7 874.348 0 0 0 0 0.07 0 0 0.391719 -0.176912 0.0483313
228 -18266.9 -19136.7 869.822 0 0 0 0 0.07 0 0 0.393602 -0.176958 0.0484911
229 -18271.4 -19136.7 865.293 0 0 0 0 0.07 0 0 0.395484 -0.177002 0.0486501
230 -18275.9 -19136.7 860.816 0 0 0 0 0.07 0 0 0.397366 -0.177042 0.0488082
231 -18280.4 -19136.7 856.354 0 0 0 0 0.07 0 0 0.399246 -0.177079 0.0489653
232 -18284.8 -19136.7 851.914 0 0 0 0 0.07 0 0 0.401124 -0.177112 0.0491214
233 -18289.2 -19136.7 847.502 0 0 0 0 0.07 0 0 0.403002 -0.177143 0.0492765
234 -18293.6 -19136.7 843.166 0 0 0 0 0.07 0 0 0.404877 -0.177171 0.0494305
235 -18297.9 -19136.7 838.834 0 0 0 0 0.07 0 0 0.406751 -0.177196 0.0495833
236 -18302.2 -19136.7 834.564 0 0 0 0 0.07 0 0 0.408622 -0.177218 0.0497349
237 -18306.4 -19136.7 830.307 0 0 0 0 0.07 0 0 0.410492 -0.177237 0.0498852
238 -18310.6 -19136.7 826.129 0 0 0 0 0.07 0 0 0.412359 -0.177254 0.0500343
239 -18314.8 -19136.7 821.928 0 0 0 0 0.07 0 0 0.414225 -0.177268 0.050182
240 -18318.9 -19136.7 817.805 0 0 0 0 0.07 0 0 0.416087 -0.177279 0.0503283
241 -18323 -19136.7 813.697 0 0 0 0 0.07 0 0 0.417948 -0.177288 0.0504732
242 -18327.1 -19136.7 809.637 0 0 0 0 0.07 0 0 0.419806 -0.177294 0.0506166
243 -18331.1 -19136.7 805.619 0 0 0 0 0.07 0 0 0.421661 -0.177298 0.0507585
244 -18335.1 -19136.7 801.631 0 0 0 0 0.07 0 0 0.423514 -0.177299 0.0508989
245 -18339 -19136.7 797.697 0 0 0 0 0.07 0 0 0.425364 -0.177298 0.0510378
246 -18342.9 -19136.7 793.801 0 0 0 0 0.07 0 0 0.427211 -0.177295 0.0511751
247 -18346.9 -19136.7 789.891 0 0 0 0 0.07 0 0 0.429056 -0.177289 0.0513108
248 -18350.7 -19136.7 786.023 0 0 0 0 0.07 0 0 0.430898 -0.177281 0.051445
249 -18354.5 -19136.7 782.236 0 0 0 0 0.07 0 0 0.432737 -0.177271 0.0515774
250 -18358.3 -19136.7 778.451 0 0 0 0 0.07 0 0 0.434573 -0.177258 0.0517083
251 -18362 -19136.7 774.711 0 0 0 0 0.07 0 0 0.436407 -0.177244 0.0518375
252 -18365.7 -19136.7 771.016 0 0 0 0 0.07 0 0 0.438237 -0.177227 0.0519651
253 -18369.4 -19136.7 767.336 0 0 0 0 0.07 0 0 0.440065 -0.177208 0.052091
254 -18373.1 -19136.7 763.689 0 0 0 0 0.07 0 0 0.44189 -0.177187 0.0522153
255 -18376.7 -19136.7 760.086 0 0 0 0 0.07 0 0 0.443712 -0.177164 0.0523378
256 -18380.3 -19136.7 756.475 0 0 0 0 0.07 0 0 0.445531 -0.177138 0.0524588
257 -18383.8 -19136.7 752.918 0 0 0 0 0.07 0 0 0.447347 -0.177111 0.052578
258 -18387.4 -19136.7 749.379 0 0 0 0 0.07 0 0 0.44916 -0.177081 0.0526957
259 -18390.9 -19136.7 745.879 0 0 0 0 0.07 0 0 0.45097 -0.17705 0.0528116
260 -18394.4 -19136.7 742.357 0 0 0 0 0.07 0 0 0.452777 -0.177016 0.052926
261 -18397.8 -19136.7 738.934 0 0 0 0 0.07 0 0 0.454581 -0.17698 0.0530387
262 -18401.2 -19136.7 735.504 0 0 0 0 0.07 0 0 0.456383 -0.176942 0.0531498
263 -18404.6 -19136.7 732.098 0 0 0 0 0.07 0 0 0.458181 -0.176902 0.0532592
264 -18408 -19136.7 728.703 0 0 0 0 0.07 0 0 0.459976 -0.17686 0.0533671
265 -18411.4 -19136.7 725.342 0 0 0 0 0.07 0 0 0.461769 -0.176816 0.0534734
266 -18414.7 -19136.7 722 0 0 0 0 0.07 0 0 0.463558 -0.17677 0.0535782
267 -18418 -19136.7 718.705 0 0 0 0 0.07 0 0 0.465345 -0.176722 0.0536814
268 -18421.4 -19136.7 715.389 0 0 0 0 0.07 0 0 0.467128 -0.176672 0.053783
269 -18424.6 -19136.7 712.115 0 0 0 0 0.07 0 0 0.468909 -0.17662 0.0538832
270 -18427.9 -19136.7 708.824 0 0 0 0 0.07 0 0 0.470687 -0.176565 0.0539819
271 -18431.1 -19136.7 705.598 0 0 0 0 0.07 0 0 0.472461 -0.176509 0.0540791
272 -18434.4 -19136.7 702.379 0 0 0 0 0.07 0 0 0.474233 -0.176451 0.0541748
273 -18437.5 -19136.7 699.193 0 0 0 0 0.07 0 0 0.476002 -0.17639 0.0542692
274 -18440.8 -19136.7 695.949 0 0 0 0 0.07 0 0 0.477767 -0.176328 0.0543621
275 -18444 -19136.7 692.77 0 0 0 0 0.07 0 0 0.47953 -0.176263 0.0544537
276 -18447.1 -19136.7 689.654 0 0 0 0 0.07 0 0 0.481289 -0.176197 0.054544
277 -18450.2 -19136.7 686.527 0 0 0 0 0.07 0 0 0.483046 -0.176128 0.0546328
278 -18453.3 -19136.7 683.395 0 0 0 0 0.07 0 0 0.4848 -0.176057 0.0547202
279 -18456.5 -19136.7 680.285 0 0 0 0 0.07 0 0 0.486551 -0.175985 0.0548063
280 -18459.5 -19136.7 677.215 0 0 0 0 0.07 0 0 0.488298 -0.175911 0.0548909
281 -18462.6 -19136.7 674.129 0 0 0 0 0.07 0 0 0.490043 -0.175834 0.0549743
282 -18465.6 -19136.7 671.1 0 0 0 0 0.07 0 0 0.491786 -0.175756 0.0550562
283 -18468.7 -19136.7 668.043 0 0 0 0 0.07 0 0 0.493525 -0.175676 0.0551369
284 -18471.7 -19136.7 664.996 0 0 0 0 0.07 0 0 0.495261 -0.175594 0.0552162
285 -18474.7 -19136.7 661.996 0 0 0 0 0.07 0 0 0.496994 -0.175511 0.0552943
286 -18477.8 -19136.7 658.992 0 0 0 0 0.07 0 0 0.498725 -0.175425 0.0553711
287 -18480.8 -19136.7 655.984 0 0 0 0 0.07 0 0 0.500452 -0.175338 0.0554466
288 -18483.7 -19136.7 653.004 0 0 0 0 0.07 0 0 0.502177 -0.175248 0.055521
289 -18486.7 -19136.7 650.08 0 0 0 0 0.07 0 0 0.503899 -0.175157 0.0555941
290 -18489.6 -19136.7 647.096 0 0 0 0 0.07 0 0 0.505617 -0.175065 0.055666
291 -18492.6 -19136.7 644.152 0 0 0 0 0.07 0 0 0.507333 -0.17497 0.0557368
292 -18495.6 -19136.7 641.168 0 0 0 0 0.07 0 0 0.509046 -0.174874 0.0558063
293 -18498.5 -19136.7 638.262 0 0 0 0 0.07 0 0 0.510757 -0.174776 0.0558748
294 -18501.4 -19136.7 635.314 0 0 0 0 0.07 0 0 0.512464 -0.174676 0.0559421
295 -18504.4 -19136.7 632.385 0 0 0 0 0.07 0 0 0.514169 -0.174575 0.0560083
296 -18507.3 -19136.7 629.479 0 0 0 0 0.07 0 0 0.515871 -0.174472 0.0560734
297 -18510.2 -19136.7 626.516 0 0 0 0 0.07 0 0 0.51757 -0.174367 0.0561374
298 -18513.1 -19136.7 623.598 0 0 0 0 0.07 0 0 0.519266 -0.174261 0.0562004
299 -18516.1 -19136.7 620.689 0 0 0 0 0.07 0 0 0.520959 -0.174153 0.0562623
300 -18519 -19136.7 617.768 0 0 0 0 0.07 0 0 0.52265 -0.174043 0.0563231
301 -18521.9 -19136.7 614.848 0 0 0 0 0.07 0 0 0.524338 -0.173932 0.056383
302 -18524.8 -19136.7 611.949 0 0 0 0 0.07 0 0 0.526023 -0.17382 0.0564418
303 -18527.7 -19136.7 609.01 0 0 0 0 0.07 0 0 0.527706 -0.173706 0.0564996
304 -18530.6 -19136.7 606.113 0 0 0 0 0.07 0 0 0.529386 -0.173591 0.0565564
305 -18533.6 -19136.7 603.131 0 0 0 0 0.07 0 0 0.531063 -0.173474 0.0566122
306 -18536.5 -19136.7 600.201 0 0 0 0 0.07 0 0 0.532737 -0.173355 0.056667
307 -18539.5 -19136.7 597.217 0 0 0 0 0.07 0 0 0.534409 -0.173236 0.0567209
308 -18542.5 -19136.7 594.271 0 0 0 0 0.07 0 0 0.536079 -0.173114 0.0567738
309 -18545.4 -19136.7 591.322 0 0 0 0 0.07 0 0 0.537745 -0.172992 0.0568257
310 -18548.4 -19136.7 588.338 0 0 0 0 0.07 0 0 0.539409 -0.172868 0.0568767
311 -18551.4 -19136.7 585.336 0 0 0 0 0.07 0 0 0.541071 -0.172742 0.0569268
312 -18554.4 -19136.7 582.295 0 0 0 0 0.07 0 0 0.54273 -0.172615 0.0569759
313 -18557.5 -19136.7 579.273 0 0 0 0 0.07 0 0 0.544386 -0.172487 0.0570242
314 -18560.5 -19136.7 576.205 0 0 0 0 0.07 0 0 0.546039 -0.172357 0.0570715
315 -18563.6 -19136.7 573.139 0 0 0 0 0.07 0 0 0.54769 -0.172226 0.057118
316 -18566.7 -19136.7 570.039 0 0 0 0 0.07 0 0 0.549339 -0.172093 0.0571635
317 -18569.8 -19136.7 566.91 0 0 0 0 0.07 0 0 0.550984 -0.171959 0.0572083
318 -18573 -19136.7 563.783 0 0 0 0 0.07 0 0 0.552627 -0.171823 0.0572522
319 -18576.1 -19136.7 560.631 0 0 0 0 0.07 0 0 0.554266 -0.171686 0.0572952
320 -18579.3 -19136.7 557.406 0 0 0 0 0.07 0 0 0.555903 -0.171547 0.0573375
321 -18582.5 -19136.7 554.223 0 0 0 0 0.07 0 0 0.557537 -0.171406 0.0573791
322 -18585.8 -19136.7 550.932 0 0 0 0 0.07 0 0 0.559168 -0.171263 0.0574199
323 -18589 -19136.7 547.736 0 0 0 0 0.07 0 0 0.560795 -0.171119 0.05746
324 -18592.3 -19136.7 544.436 0 0 0 0 0.07 0 0 0.562419 -0.170972 0.0574996
325 -18595.6 -19136.7 541.129 0 0 0 0 0.07 0 0 0.56404 -0.170824 0.0575385
326 -18598.9 -19136.7 537.803 0 0 0 0 0.07 0 0 0.565657 -0.170674 0.057577
327 -18602.2 -19136.7 534.555 0 0 0 0 0.07 0 0 0.567266 -0.170522 0.057612
328 -18605.3 -19136.7 531.408 0 0 0 0 0.07 0 0 0.568867 -0.170367 0.0576428
329 -18608.5 -19136.7 528.289 0 0 0 0 0.07 0 0 0.570462 -0.170211 0.0576727
330 -18611.6 -19136.7 525.16 0 0 0 0 0.07 0 0 0.572051 -0.170052 0.0577019
331 -18614.7 -19136.7 522.082 0 0 0 0 0.07 0 0 0.573635 -0.169891 0.0577306
332 -18617.7 -19136.7 519.027 0 0 0 0 0.07 0 0 0.575213 -0.169727 0.0577587
333 -18620.7 -19136.7 516.008 0 0 0 0 0.07 0 0 0.576785 -0.169561 0.0577865
334 -18623.7 -19136.7 513.021 0 0 0 0 0.07 0 0 0.57835 -0.169391 0.057814
335 -18626.7 -19136.7 510.062 0 0 0 0 0.07 0 0 0.57991 -0.169219 0.0578413
336 -18629.6 -19136.7 507.139 0 0 0 0 0.07 0 0 0.581463 -0.169045 0.0578686
337 -18632.5 -19136.7 504.256 0 0 0 0 0.07 0 0 0.58301 -0.168867 0.057896
338 -18635.4 -19136.7 501.363 0 0 0 0 0.07 0 0 0.58455 -0.168686 0.0579234
339 -18638.2 -19136.7 498.566 0 0 0 0 0.07 0 0 0.586084 -0.168503 0.057951
340 -18641 -19136.7 495.768 0 0 0 0 0.07 0 0 0.587611 -0.168316 0.0579789
341 -18643.7 -19136.7 493.02 0 0 0 0 0.07 0 0 0.589132 -0.168127 0.0580071
342 -18646.4 -19136.7 490.318 0 0 0 0 0.07 0 0 0.590646 -0.167935 0.0580356
343 -18649.1 -19136.7 487.633 0 0 0 0 0.07 0 0 0.592154 -0.167739 0.0580645
344 -18651.8 -19136.7 484.979 0 0 0 0 0.07 0 0 0.593655 -0.167541 0.0580938
345 -18654.3 -19136.7 482.404 0 0 0 0 0.07 0 0 0.59515 -0.16734 0.0581236
346 -18656.9 -19136.7 479.811 0 0 0 0 0.07 0 0 0.596639 -0.167135 0.0581538
347 -18659.5 -19136.7 477.244 0 0 0 0 0.07 0 0 0.598121 -0.166928 0.0581846
348 -18662 -19136.7 474.73 0 0 0 0 0.07 0 0 0.599597 -0.166717 0.0582158
349 -18664.5 -19136.7 472.25 0 0 0 0 0.07 0 0 0.601067 -0.166504 0.0582475
350 -18667 -19136.7 469.76 0 0 0 0 0.07 0 0 0.60253 -0.166287 0.0582797
351 -18669.4 -19136.7 467.361 0 0 0 0 0.07 0 0 0.603988 -0.166068 0.0583124
352 -18671.8 -19136.7 464.896 0 0 0 0 0.07 0 0 0.605439 -0.165845 0.0583456
353 -18674.2 -19136.7 462.51 0 0 0 0 0.07 0 0 0.606885 -0.16562 0.0583793
354 -18676.6 -19136.7 460.158 0 0 0 0 0.07 0 0 0.608324 -0.165391 0.0584134
355 -18678.9 -19136.7 457.803 0 0 0 0 0.07 0 0 0.609758 -0.16516 0.0584481
356 -18681.3 -19136.7 455.471 0 0 0 0 0.07 0 0 0.611186 -0.164925 0.0584831
357 -18683.6 -19136.7 453.182 0 0 0 0 0.07 0 0 0.612608 -0.164687 0.0585187
358 -18685.8 -19136.7 450.906 0 0 0 0 0.07 0 0 0.614025 -0.164446 0.0585546
359 -18688.1 -19136.7 448.602 0 0 0 0 0.07 0 0 0.615436 -0.164202 0.058591
360 -18690.4 -19136.7 446.324 0 0 0 0 0.07 0 0 0.616842 -0.163956 0.0586277
361 -18692.7 -19136.7 444.068 0 0 0 0 0.07 0 0 0.618242 -0.163706 0.0586648
362 -18694.9 -19136.7 441.842 0 0 0 0 0.07 0 0 0.619637 -0.163453 0.0587022
363 -18697.1 -19136.7 439.637 0 0 0 0 0.07 0 0 0.621026 -0.163197 0.0587399
364 -18699.3 -19136.7 437.42 0 0 0 0 0.07 0 0 0.622411 -0.162937 0.0587779
365 -18701.5 -19136.7 435.221 0 0 0 0 0.07 0 0 0.62379 -0.162675 0.0588161
366 -18703.7 -19136.7 433.037 0 0 0 0 0.07 0 0 0.625164 -0.16241 0.0588545
367 -18705.9 -19136.7 430.844 0 0 0 0 0.07 0 0 0.626534 -0.162142 0.0588931
368 -18708.1 -19136.7 428.643 0 0 0 0 0.07 0 0 0.627898 -0.161871 0.0589319
369 -18710.2 -19136.7 426.504 0 0 0 0 0.07 0 0 0.629258 -0.161596 0.0589707
370 -18712.4 -19136.7 424.359 0 0 0 0 0.07 0 0 0.630612 -0.161319 0.0590096
371 -18714.5 -19136.7 422.219 0 0 0 0 0.07 0 0 0.631963 -0.161039 0.0590486
372 -18716.7 -19136.7 420.057 0 0 0 0 0.07 0 0 0.633308 -0.160756 0.0590875
373 -18718.8 -19136.7 417.922 0 0 0 0 0.07 0 0 0.634649 -0.16047 0.0591264
374 -18720.9 -19136.7 415.826 0 0 0 0 0.07 0 0 0.635986 -0.160181 0.0591651
375 -18723 -19136.7 413.73 0 0 0 0 0.07 0 0 0.637318 -0.159889 0.0592038
376 -18725.2 -19136.7 411.578 0 0 0 0 0.07 0 0 0.638646 -0.159595 0.0592422
377 -18727.2 -19136.7 409.502 0 0 0 0 0.07 0 0 0.63997 -0.159297 0.0592804
378 -18729.4 -19136.7 407.369 0 0 0 0 0.07 0 0 0.64129 -0.158997 0.0593183
379 -18731.5 -19136.7 405.279 0 0 0 0 0.07 0 0 0.642605 -0.158694 0.0593559
380 -18733.6 -19136.7 403.176 0 0 0 0 0.07 0 0 0.643917 -0.158389 0.0593932
381 -18735.6 -19136.7 401.123 0 0 0 0 0.07 0 0 0.645224 -0.15808 0.05943
382 -18737.7 -19136.7 399.002 0 0 0 0 0.07 0 0 0.646528 -0.15777 0.0594664
383 -18739.8 -19136.7 396.947 0 0 0 0 0.07 0 0 0.647828 -0.157456 0.0595022
384 -18741.9 -19136.7 394.846 0 0 0 0 0.07 0 0 0.649124 -0.157141 0.0595376
385 -18743.9 -19136.7 392.795 0 0 0 0 0.07 0 0 0.650416 -0.156823 0.0595723
386 -18746 -19136.7 390.719 0 0 0 0 0.07 0 0 0.651705 -0.156502 0.0596065
387 -18748.1 -19136.7 388.646 0 0 0 0 0.07 0 0 0.65299 -0.156179 0.0596399
388 -18750.1 -19136.7 386.596 0 0 0 0 0.07 0 0 0.654272 -0.155854 0.0596727
389 -18752.2 -19136.7 384.588 0 0 0 0 0.07 0 0 0.65555 -0.155527 0.0597048
390 -18754.2 -19136.7 382.559 0 0 0 0 0.07 0 0 0.656824 -0.155198 0.0597361
391 -18756.3 -19136.7 380.49 0 0 0 0 0.07 0 0 0.658096 -0.154867 0.0597666
392 -18758.3 -19136.7 378.471 0 0 0 0 0.07 0 0 0.659364 -0.154534 0.0597962
393 -18760.2 -19136.7 376.496 0 0 0 0 0.07 0 0 0.660628 -0.154199 0.0598251
394 -18762.3 -19136.7 374.486 0 0 0 0 0.07 0 0 0.66189 -0.153862 0.059853
395 -18764.2 -19136.7 372.498 0 0 0 0 0.07 0 0 0.663148 -0.153523 0.05988
396 -18766.3 -19136.7 370.482 0 0 0 0 0.07 0 0 0.664404 -0.153183 0.0599062
397 -18768.3 -19136.7 368.479 0 0 0 0 0.07 0 0 0.665656 -0.152842 0.0599314
398 -18770.3 -19136.7 366.484 0 0 0 0 0.07 0 0 0.666905 -0.152499 0.0599556
399 -18772.2 -19136.7 364.537 0 0 0 0 0.07 0 0 0.668151 -0.152154 0.0599789
400 -18774.2 -19136.7 362.568 0 0 0 0 0.07 0 0 0.669394 -0.151808 0.0600012
401 -18776.1 -19136.7 360.604 0 0 0 0 0.07 0 0 0.670634 -0.151461 0.0600225
402 -18778.1 -19136.7 358.648 0 0 0 0 0.07 0 0 0.671872 -0.151113 0.0600428
403 -18780 -19136.7 356.734 0 0 0 0 0.07 0 0 0.673106 -0.150763 0.0600621
404 -18781.9 -19136.7 354.805 0 0 0 0 0.07 0 0 0.674338 -0.150413 0.0600804
405 -18783.8 -19136.7 352.908 0 0 0 0 0.07 0 0 0.675567 -0.150062 0.0600976
406 -18785.7 -19136.7 351.002 0 0 0 0 0.07 0 0 0.676793 -0.149709 0.0601139
407 -18787.7 -19136.7 349.092 0 0 0 0 0.07 0 0 0.678016 -0.149356 0.0601291
408 -18789.5 -19136.7 347.215 0 0 0 0 0.07 0 0 0.679237 -0.149002 0.0601434
409 -18791.4 -19136.7 345.309 0 0 0 0 0.07 0 0 0.680455 -0.148648 0.0601566
410 -18793.3 -19136.7 343.438 0 0 0 0 0.07 0 0 0.68167 -0.148292 0.0601688
411 -18795.2 -19136.7 341.576 0 0 0 0 0.07 0 0 0.682883 -0.147937 0.06018
412 -18797 -19136.7 339.744 0 0 0 0 0.07 0 0 0.684093 -0.14758 0.0601902
413 -18798.8 -19136.7 337.914 0 0 0 0 0.07 0 0 0.685301 -0.147223 0.0601994
414 -18800.7 -19136.7 336.084 0 0 0 0 0.07 0 0 0.686506 -0.146866 0.0602076
415 -18802.5 -19136.7 334.279 0 0 0 0 0.07 0 0 0.687709 -0.146508 0.0602148
416 -18804.3 -19136.7 332.445 0 0 0 0 0.07 0 0 0.688909 -0.14615 0.0602211
417 -18806.1 -19136.7 330.633 0 0 0 0 0.07 0 0 0.690106 -0.145792 0.0602263
418 -18807.9 -19136.7 328.861 0 0 0 0 0.07 0 0 0.691302 -0.145434 0.0602307
419 -18809.7 -19136.7 327.055 0 0 0 0 0.07 0 0 0.692495 -0.145075 0.060234
420 -18811.4 -19136.7 325.301 0 0 0 0 0.07 0 0 0.693685 -0.144716 0.0602365
421 -18813.2 -19136.7 323.525 0 0 0 0 0.07 0 0 0.694873 -0.144357 0.060238
422 -18814.9 -19136.7 321.801 0 0 0 0 0.07 0 0 0.696059 -0.143998 0.0602385
423 -18816.7 -19136.7 320.041 0 0 0 0 0.07 0 0 0.697243 -0.143639 0.0602382
424 -18818.5 -19136.7 318.277 0 0 0 0 0.07 0 0 0.698424 -0.14328 0.060237
425 -18820.2 -19136.7 316.562 0 0 0 0 0.07 0 0 0.699603 -0.142921 0.0602349
426 -18821.9 -19136.7 314.83 0 0 0 0 0.07 0 0 0.70078 -0.142562 0.0602319
427 -18823.6 -19136.7 313.115 0 0 0 0 0.07 0 0 0.701955 -0.142203 0.060228
428 -18825.3 -19136.7 311.412 0 0 0 0 0.07 0 0 0.703127 -0.141845 0.0602232
429 -18827 -19136.7 309.723 0 0 0 0 0.07 0 0 0.704297 -0.141486 0.0602177
430 -18828.7 -19136.7 308.025 0 0 0 0 0.07 0 0 0.705465 -0.141128 0.0602113
431 -18830.4 -19136.7 306.328 0 0 0 0 0.07 0 0 0.706631 -0.14077 0.060204
432 -18832.1 -19136.7 304.654 0 0 0 0 0.07 0 0 0.707795 -0.140412 0.060196
433 -18833.8 -19136.7 302.969 0 0 0 0 0.07 0 0 0.708957 -0.140054 0.0601871
434 -18835.4 -19136.7 301.295 0 0 0 0 0.07 0 0 0.710117 -0.139697 0.0601775
435 -18837.1 -19136.7 299.641 0 0 0 0 0.07 0 0 0.711275 -0.13934 0.060167
436 -18838.8 -19136.7 297.984 0 0 0 0 0.07 0 0 0.71243 -0.138983 0.0601558
437 -18840.4 -19136.7 296.332 0 0 0 0 0.07 0 0 0.713584 -0.138627 0.0601439
438 -18842.1 -19136.7 294.67 0 0 0 0 0.07 0 0 0.714736 -0.138271 0.0601312
439 -18843.7 -19136.7 293.033 0 0 0 0 0.07 0 0 0.715885 -0.137915 0.0601177
440 -18845.4 -19136.7 291.389 0 0 0 0 0.07 0 0 0.717033 -0.13756 0.0601036
441 -18847 -19136.7 289.783 0 0 0 0 0.07 0 0 0.718179 -0.137206 0.0600887
442 -18848.6 -19136.7 288.16 0 0 0 0 0.07 0 0 0.719322 -0.136851 0.0600732
443 -18850.2 -19136.7 286.535 0 0 0 0 0.07 0 0 0.720464 -0.136498 0.0600569
444 -18851.8 -19136.7 284.926 0 0 0 0 0.07 0 0 0.721604 -0.136145 0.06004
445 -18853.5 -19136.7 283.268 0 0 0 0 0.07 0 0 0.722742 -0.135792 0.0600224
446 -18855.1 -19136.7 281.619 0 0 0 0 0.07 0 0 0.723878 -0.13544 0.0600041
447 -18856.7 -19136.7 280.004 0 0 0 0 0.07 0 0 0.725012 -0.135088 0.0599853
448 -18858.4 -19136.7 278.391 0 0 0 0 0.07 0 0 0.726144 -0.134737 0.0599657
449 -18859.9 -19136.7 276.809 0 0 0 0 0.07 0 0 0.727275 -0.134387 0.0599456
450 -18861.5 -19136.7 275.217 0 0 0 0 0.07 0 0 0.728403 -0.134038 0.0599249
451 -18863.2 -19136.7 273.584 0 0 0 0 0.07 0 0 0.72953 -0.133689 0.0599035
452 -18864.8 -19136.7 271.977 0 0 0 0 0.07 0 0 0.730654 -0.13334 0.0598816
453 -18866.4 -19136.7 270.391 0 0 0 0 0.07 0 0 0.731777 -0.132993 0.0598591
454 -18867.9 -19136.7 268.826 0 0 0 0 0.07 0 0 0.732897 -0.132646 0.059836
455 -18869.5 -19136.7 267.197 0 0 0 0 0.07 0 0 0.734016 -0.132299 0.0598124
456 -18871.2 -19136.7 265.572 0 0 0 0 0.07 0 0 0.735133 -0.131954 0.0597883
457 -18872.7 -19136.7 264.006 0 0 0 0 0.07 0 0 0.736248 -0.131609 0.0597636
458 -18874.4 -19136.7 262.389 0 0 0 0 0.07 0 0 0.73736 -0.131266 0.0597384
459 -18875.9 -19136.7 260.844 0 0 0 0 0.07 0 0 0.738471 -0.130922 0.0597127
460 -18877.5 -19136.7 259.225 0 0 0 0 0.07 0 0 0.73958 -0.13058 0.0596865
461 -18879.1 -19136.7 257.625 0 0 0 0 0.07 0 0 0.740687 -0.130239 0.0596598
462 -18880.7 -19136.7 256.047 0 0 0 0 0.07 0 0 0.741792 -0.129898 0.0596327
463 -18882.3 -19136.7 254.473 0 0 0 0 0.07 0 0 0.742895 -0.129559 0.0596051
464 -18883.8 -19136.7 252.912 0 0 0 0 0.07 0 0 0.743995 -0.12922 0.059577
465 -18885.5 -19136.7 251.287 0 0 0 0 0.07 0 0 0.745094 -0.128882 0.0595485
466 -18887.1 -19136.7 249.686 0 0 0 0 0.07 0 0 0.746191 -0.128545 0.0595196
467 -18888.6 -19136.7 248.145 0 0 0 0 0.07 0 0 0.747285 -0.128209 0.0594903
468 -18890.2 -19136.7 246.566 0 0 0 0 0.07 0 0 0.748377 -0.127874 0.0594605
469 -18891.8 -19136.7 244.992 0 0 0 0 0.07 0 0 0.749468 -0.12754 0.0594304
470 -18893.3 -19136.7 243.402 0 0 0 0 0.07 0 0 0.750556 -0.127207 0.0593999
471 -18895 -19136.7 241.785 0 0 0 0 0.07 0 0 0.751642 -0.126875 0.059369
472 -18896.5 -19136.7 240.215 0 0 0 0 0.07 0 0 0.752725 -0.126544 0.0593378
473 -18898.1 -19136.7 238.633 0 0 0 0 0.07 0 0 0.753807 -0.126214 0.0593062
474 -18899.7 -19136.7 237.035 0 0 0 0 0.07 0 0 0.754886 -0.125885 0.0592743
475 -18901.3 -19136.7 235.467 0 0 0 0 0.07 0 0 0.755963 -0.125558 0.059242
476 -18902.9 -19136.7 233.871 0 0 0 0 0.07 0 0 0.757038 -0.125231 0.0592095
477 -18904.4 -19136.7 232.301 0 0 0 0 0.07 0 0 0.75811 -0.124905 0.0591767
478 -18906.1 -19136.7 230.682 0 0 0 0 0.07 0 0 0.75918 -0.12458 0.0591436
479 -18907.6 -19136.7 229.123 0 0 0 0 0.07 0 0 0.760248 -0.124257 0.0591102
480 -18909.2 -19136.7 227.535 0 0 0 0 0.07 0 0 0.761313 -0.123935 0.0590766
481 -18910.8 -19136.7 225.922 0 0 0 0 0.07 0 0 0.762376 -0.123613 0.0590427
482 -18912.4 -19136.7 224.359 0 0 0 0 0.07 0 0 0.763436 -0.123293 0.0590086
483 -18914 -19136.7 222.76 0 0 0 0 0.07 0 0 0.764494 -0.122975 0.0589743
484 -18915.6 -19136.7 221.164 0 0 0 0 0.07 0 0 0.76555 -0.122657 0.0589398
485 -18917.2 -19136.7 219.539 0 0 0 0 0.07 0 0 0.766603 -0.122341 0.0589051
486 -18918.8 -19136.7 217.98 0 0 0 0 0.07 0 0 0.767653 -0.122026 0.0588702
487 -18920.4 -19136.7 216.371 0 0 0 0 0.07 0 0 0.7687 -0.121712 0.0588351
488 -18922 -19136.7 214.779 0 0 0 0 0.07 0 0 0.769745 -0.1214 0.0587999
489 -18923.6 -19136.7 213.18 0 0 0 0 0.07 0 0 0.770786 -0.121089 0.0587645
490 -18925.2 -19136.7 211.59 0 0 0 0 0.07 0 0 0.771825 -0.120779 0.0587289
491 -18926.8 -19136.7 209.979 0 0 0 0 0.07 0 0 0.772861 -0.120471 0.0586932
492 -18928.4 -19136.7 208.373 0 0 0 0 0.07 0 0 0.773893 -0.120164 0.0586574
493 -18930 -19136.7 206.785 0 0 0 0 0.07 0 0 0.774923 -0.119859 0.0586214
494 -18931.5 -19136.7 205.205 0 0 0 0 0.07 0 0 0.775949 -0.119556 0.0585853
495 -18933.1 -19136.7 203.656 0 0 0 0 0.07 0 0 0.776972 -0.119254 0.058549
496 -18934.7 -19136.7 202.092 0 0 0 0 0.07 0 0 0.777991 -0.118954 0.0585127
497 -18936.2 -19136.7 200.514 0 0 0 0 0.07 0 0 0.779007 -0.118655 0.0584762
498 -18937.8 -19136.7 198.959 0 0 0 0 0.07 0 0 0.780019 -0.118359 0.0584395
499 -18939.3 -19136.7 197.428 0 0 0 0 0.07 0 0 0.781028 -0.118064 0.0584028
500 -18940.8 -19136.7 195.895 0 0 0 0 0.07 0 0 0.782033 -0.117771 0.0583659
501 -18942.3 -19136.7 194.404 0 0 0 0 0.07 0 0 0.783033 -0.117479 0.0583289
502 -18943.8 -19136.7 192.898 0 0 0 0 0.07 0 0 0.784031 -0.11719 0.0582917
503 -18945.3 -19136.7 191.41 0 0 0 0 0.07 0 0 0.785024 -0.116902 0.0582545
504 -18946.8 -19136.7 189.957 0 0 0 0 0.07 0 0 0.786013 -0.116617 0.058217
505 -18948.3 -19136.7 188.49 0 0 0 0 0.07 0 0 0.786998 -0.116333 0.0581795
506 -18949.7 -19136.7 187.092 0 0 0 0 0.07 0 0 0.787979 -0.116051 0.0581418
507 -18951.1 -19136.7 185.668 0 0 0 0 0.07 0 0 0.788956 -0.115771 0.058104
508 -18952.5 -19136.7 184.25 0 0 0 0 0.07 0 0 0.789929 -0.115493 0.058066
509 -18953.9 -19136.7 182.863 0 0 0 0 0.07 0 0 0.790897 -0.115217 0.0580279
510 -18955.3 -19136.7 181.49 0 0 0 0 0.07 0 0 0.791862 -0.114943 0.0579897
511 -18956.6 -19136.7 180.168 0 0 0 0 0.07 0 0 0.792822 -0.114671 0.0579513
512 -18957.9 -19136.7 178.836 0 0 0 0 0.07 0 0 0.793778 -0.1144 0.0579128
513 -18959.3 -19136.7 177.486 0 0 0 0 0.07 0 0 0.79473 -0.114132 0.0578742
514 -18960.6 -19136.7 176.186 0 0 0 0 0.07 0 0 0.795678 -0.113865 0.0578354
515 -18961.8 -19136.7 174.914 0 0 0 0 0.07 0 0 0.796621 -0.113601 0.0577966
516 -18963.1 -19136.7 173.654 0 0 0 0 0.07 0 0 0.797561 -0.113338 0.0577576
517 -18964.4 -19136.7 172.379 0 0 0 0 0.07 0 0 0.798496 -0.113077 0.0577184
518 -18965.6 -19136.7 171.146 0 0 0 0 0.07 0 0 0.799427 -0.112818 0.0576792
519 -18966.8 -19136.7 169.908 0 0 0 0 0.07 0 0 0.800354 -0.112561 0.0576399
520 -18968 -19136.7 168.703 0 0 0 0 0.07 0 0 0.801276 -0.112305 0.0576004
521 -18969.2 -19136.7 167.51 0 0 0 0 0.07 0 0 0.802195 -0.112052 0.0575608
522 -18970.4 -19136.7 166.352 0 0 0 0 0.07 0 0 0.803109 -0.1118 0.0575212
523 -18971.6 -19136.7 165.174 0 0 0 0 0.07 0 0 0.80402 -0.11155 0.0574814
524 -18972.7 -19136.7 164.037 0 0 0 0 0.07 0 0 0.804926 -0.111301 0.0574415
525 -18973.8 -19136.7 162.922 0 0 0 0 0.07 0 0 0.805828 -0.111055 0.0574016
526 -18975 -19136.7 161.781 0 0 0 0 0.07 0 0 0.806726 -0.11081 0.0573615
527 -18976.1 -19136.7 160.639 0 0 0 0 0.07 0 0 0.80762 -0.110567 0.0573214
528 -18977.2 -19136.7 159.543 0 0 0 0 0.07 0 0 0.80851 -0.110325 0.0572812
529 -18978.3 -19136.7 158.455 0 0 0 0 0.07 0 0 0.809396 -0.110085 0.0572409
530 -18979.4 -19136.7 157.373 0 0 0 0 0.07 0 0 0.810277 -0.109847 0.0572005
531 -18980.4 -19136.7 156.322 0 0 0 0 0.07 0 0 0.811155 -0.109611 0.0571601
532 -18981.5 -19136.7 155.279 0 0 0 0 0.07 0 0 0.812029 -0.109376 0.0571195
533 -18982.5 -19136.7 154.24 0 0 0 0 0.07 0 0 0.812899 -0.109143 0.057079
534 -18983.5 -19136.7 153.193 0 0 0 0 0.07 0 0 0.813765 -0.108911 0.0570383
535 -18984.6 -19136.7 152.168 0 0 0 0 0.07 0 0 0.814627 -0.108681 0.0569976
536 -18985.6 -19136.7 151.15 0 0 0 0 0.07 0 0 0.815485 -0.108452 0.0569568
537 -18986.6 -19136.7 150.137 0 0 0 0 0.07 0 0 0.816339 -0.108225 0.056916
538 -18987.6 -19136.7 149.137 0 0 0 0 0.07 0 0 0.817189 -0.107999 0.0568751
539 -18988.6 -19136.7 148.145 0 0 0 0 0.07 0 0 0.818036 -0.107775 0.0568342
540 -18989.6 -19136.7 147.158 0 0 0 0 0.07 0 0 0.818878 -0.107553 0.0567932
541 -18990.5 -19136.7 146.211 0 0 0 0 0.07 0 0 0.819717 -0.107332 0.0567522
542 -18991.5 -19136.7 145.289 0 0 0 0 0.07 0 0 0.820551 -0.107112 0.0567111
543 -18992.4 -19136.7 144.336 0 0 0 0 0.07 0 0 0.821382 -0.106894 0.05667
544 -18993.4 -19136.7 143.363 0 0 0 0 0.07 0 0 0.82221 -0.106677 0.0566288
545 -18994.3 -19136.7 142.416 0 0 0 0 0.07 0 0 0.823033 -0.106461 0.0565876
546 -18995.2 -19136.7 141.506 0 0 0 0 0.07 0 0 0.823852 -0.106247 0.0565463
547 -18996.2 -19136.7 140.57 0 0 0 0 0.07 0 0 0.824668 -0.106035 0.056505
548 -18997.1 -19136.7 139.662 0 0 0 0 0.07 0 0 0.82548 -0.105824 0.0564637
549 -18998 -19136.7 138.746 0 0 0 0 0.07 0 0 0.826289 -0.105614 0.0564223
550 -18998.9 -19136.7 137.887 0 0 0 0 0.07 0 0 0.827093 -0.105405 0.0563809
551 -18999.7 -19136.7 137.025 0 0 0 0 0.07 0 0 0.827894 -0.105198 0.0563395
552 -19000.6 -19136.7 136.164 0 0 0 0 0.07 0 0 0.828691 -0.104992 0.056298
553 -19001.5 -19136.7 135.285 0 0 0 0 0.07 0 0 0.829485 -0.104787 0.0562565
554 -19002.3 -19136.7 134.422 0 0 0 0 0.07 0 0 0.830274 -0.104584 0.056215
555 -19003.2 -19136.7 133.564 0 0 0 0 0.07 0 0 0.83106 -0.104382 0.0561734
556 -19004 -19136.7 132.725 0 0 0 0 0.07 0 0 0.831843 -0.104181 0.0561318
557 -19004.9 -19136.7 131.883 0 0 0 0 0.07 0 0 0.832622 -0.103981 0.0560902
558 -19005.7 -19136.7 131.025 0 0 0 0 0.07 0 0 0.833397 -0.103782 0.0560485
559 -19006.5 -19136.7 130.227 0 0 0 0 0.07 0 0 0.834169 -0.103585 0.0560068
560 -19007.4 -19136.7 129.379 0 0 0 0 0.07 0 0 0.834937 -0.103389 0.0559651
561 -19008.2 -19136.7 128.533 0 0 0 0 0.07 0 0 0.835701 -0.103194 0.0559233
562 -19009 -19136.7 127.766 0 0 0 0 0.07 0 0 0.836462 -0.103001 0.0558816
563 -19009.8 -19136.7 126.965 0 0 0 0 0.07 0 0 0.837219 -0.102808 0.0558398
564 -19010.6 -19136.7 126.178 0 0 0 0 0.07 0 0 0.837973 -0.102617 0.0557979
565 -19011.4 -19136.7 125.387 0 0 0 0 0.07 0 0 0.838724 -0.102426 0.0557561
566 -19012.1 -19136.7 124.598 0 0 0 0 0.07 0 0 0.83947 -0.102237 0.0557142
567 -19012.9 -19136.7 123.82 0 0 0 0 0.07 0 0 0.840214 -0.102049 0.0556723
568 -19013.7 -19136.7 123.068 0 0 0 0 0.07 0 0 0.840954 -0.101862 0.0556303
569 -19014.5 -19136.7 122.287 0 0 0 0 0.07 0 0 0.84169 -0.101676 0.0555884
570 -19015.2 -19136.7 121.533 0 0 0 0 0.07 0 0 0.842423 -0.101492 0.0555464
571 -19015.9 -19136.7 120.799 0 0 0 0 0.07 0 0 0.843153 -0.101308 0.0555044
572 -19016.7 -19136.7 120.057 0 0 0 0 0.07 0 0 0.843879 -0.101125 0.0554623
573 -19017.4 -19136.7 119.324 0 0 0 0 0.07 0 0 0.844601 -0.100943 0.0554202
574 -19018.2 -19136.7 118.57 0 0 0 0 0.07 0 0 0.845321 -0.100763 0.0553782
575 -19018.9 -19136.7 117.867 0 0 0 0 0.07 0 0 0.846037 -0.100583 0.055336
576 -19019.6 -19136.7 117.135 0 0 0 0 0.07 0 0 0.846749 -0.100405 0.0552939
577 -19020.3 -19136.7 116.42 0 0 0 0 0.07 0 0 0.847458 -0.100227 0.0552517
578 -19021 -19136.7 115.729 0 0 0 0 0.07 0 0 0.848164 -0.10005 0.0552095
579 -19021.7 -19136.7 115.008 0 0 0 0 0.07 0 0 0.848867 -0.0998745 0.0551673
580 -19022.4 -19136.7 114.307 0 0 0 0 0.07 0 0 0.849566 -0.0996998 0.055125
581 -19023.1 -19136.7 113.598 0 0 0 0 0.07 0 0 0.850262 -0.0995259 0.0550827
582 -19023.8 -19136.7 112.918 0 0 0 0 0.07 0 0 0.850955 -0.0993531 0.0550404
583 -19024.5 -19136.7 112.23 0 0 0 0 0.07 0 0 0.851644 -0.0991811 0.0549981
584 -19025.2 -19136.7 111.568 0 0 0 0 0.07 0 0 0.85233 -0.09901 0.0549557
585 -19025.8 -19136.7 110.908 0 0 0 0 0.07 0 0 0.853013 -0.0988399 0.0549134
586 -19026.5 -19136.7 110.234 0 0 0 0 0.07 0 0 0.853693 -0.0986706 0.0548709
587 -19027.2 -19136.7 109.555 0 0 0 0 0.07 0 0 0.854369 -0.0985023 0.0548285
588 -19027.8 -19136.7 108.926 0 0 0 0 0.07 0 0 0.855042 -0.0983348 0.054786
589 -19028.5 -19136.7 108.277 0 0 0 0 0.07 0 0 0.855712 -0.0981681 0.0547435
590 -19029.2 -19136.7 107.578 0 0 0 0 0.07 0 0 0.856379 -0.0980024 0.054701
591 -19029.8 -19136.7 106.936 0 0 0 0 0.07 0 0 0.857043 -0.0978374 0.0546585
592 -19030.4 -19136.7 106.295 0 0 0 0 0.07 0 0 0.857704 -0.0976733 0.0546159
593 -19031.1 -19136.7 105.66 0 0 0 0 0.07 0 0 0.858361 -0.09751 0.0545733
594 -19031.7 -19136.7 105.047 0 0 0 0 0.07 0 0 0.859015 -0.0973475 0.0545306
595 -19032.3 -19136.7 104.424 0 0 0 0 0.07 0 0 0.859667 -0.0971859 0.054488
596 -19032.9 -19136.7 103.803 0 0 0 0 0.07 0 0 0.860315 -0.097025 0.0544453
597 -19033.6 -19136.7 103.186 0 0 0 0 0.07 0 0 0.86096 -0.0968649 0.0544026
598 -19034.2 -19136.7 102.582 0 0 0 0 0.07 0 0 0.861602 -0.0967056 0.0543598
599 -19034.8 -19136.7 101.988 0 0 0 0 0.07 0 0 0.862241 -0.0965471 0.054317
600 -19035.4 -19136.7 101.361 0 0 0 0 0.07 0 0 0.862877 -0.0963893 0.0542742
601 -19036 -19136.7 100.764 0 0 0 0 0.07 0 0 0.86351 -0.0962323 0.0542314
602 -19036.5 -19136.7 100.197 0 0 0 0 0.07 0 0 0.86414 -0.096076 0.0541885
603 -19037.1 -19136.7 99.5957 0 0 0 0 0.07 0 0 0.864766 -0.0959205 0.0541456
604 -19037.7 -19136.7 99.0098 0 0 0 0 0.07 0 0 0.86539 -0.0957656 0.0541027
605 -19038.3 -19136.7 98.4492 0 0 0 0 0.07 0 0 0.866011 -0.0956116 0.0540597
606 -19038.9 -19136.7 97.8535 0 0 0 0 0.07 0 0 0.866629 -0.0954582 0.0540167
607 -19039.5 -19136.7 97.2578 0 0 0 0 0.07 0 0 0.867244 -0.0953055 0.0539737
608 -19040.1 -19136.7 96.6914 0 0 0 0 0.07 0 0 0.867856 -0.0951535 0.0539307
609 -19040.6 -19136.7 96.1406 0 0 0 0 0.07 0 0 0.868466 -0.0950022 0.0538876
610 -19041.2 -19136.7 95.5527 0 0 0 0 0.07 0 0 0.869072 -0.0948516 0.0538445
611 -19041.7 -19136.7 95.0156 0 0 0 0 0.07 0 0 0.869675 -0.0947016 0.0538013
612 -19042.3 -19136.7 94.4492 0 0 0 0 0.07 0 0 0.870276 -0.0945524 0.0537581
613 -19042.8 -19136.7 93.9004 0 0 0 0 0.07 0 0 0.870874 -0.0944037 0.0537149
614 -19043.4 -19136.7 93.3477 0 0 0 0 0.07 0 0 0.871468 -0.0942558 0.0536717
615 -19043.9 -19136.7 92.8086 0 0 0 0 0.07 0 0 0.87206 -0.0941084 0.0536284
616 -19044.5 -19136.7 92.2832 0 0 0 0 0.07 0 0 0.872649 -0.0939617 0.0535851
617 -19045 -19136.7 91.7656 0 0 0 0 0.07 0 0 0.873236 -0.0938157 0.0535418
618 -19045.5 -19136.7 91.2441 0 0 0 0 0.07 0 0 0.873819 -0.0936702 0.0534984
619 -19046 -19136.7 90.7129 0 0 0 0 0.07 0 0 0.8744 -0.0935254 0.053455
620 -19046.5 -19136.7 90.2031 0 0 0 0 0.07 0 0 0.874978 -0.0933811 0.0534116
621 -19047.1 -19136.7 89.6562 0 0 0 0 0.07 0 0 0.875553 -0.0932375 0.0533681
622 -19047.6 -19136.7 89.1504 0 0 0 0 0.07 0 0 0.876126 -0.0930945 0.0533246
623 -19048.1 -19136.7 88.6465 0 0 0 0 0.07 0 0 0.876696 -0.0929521 0.0532811
624 -19048.6 -19136.7 88.1445 0 0 0 0 0.07 0 0 0.877263 -0.0928102 0.0532375
625 -19049.1 -19136.7 87.625 0 0 0 0 0.07 0 0 0.877827 -0.0926689 0.0531939
626 -19049.6 -19136.7 87.1133 0 0 0 0 0.07 0 0 0.878389 -0.0925282 0.0531503
627 -19050.1 -19136.7 86.625 0 0 0 0 0.07 0 0 0.878947 -0.092388 0.0531066
628 -19050.6 -19136.7 86.1621 0 0 0 0 0.07 0 0 0.879504 -0.0922484 0.0530629
629 -19051.1 -19136.7 85.666 0 0 0 0 0.07 0 0 0.880057 -0.0921094 0.0530192
630 -19051.6 -19136.7 85.1406 0 0 0 0 0.07 0 0 0.880608 -0.0919709 0.0529754
631 -19052.1 -19136.7 84.6406 0 0 0 0 0.07 0 0 0.881157 -0.0918329 0.0529316
632 -19052.6 -19136.7 84.1699 0 0 0 0 0.07 0 0 0.881702 -0.0916955 0.0528878
633 -19053 -19136.7 83.709 0 0 0 0 0.07 0 0 0.882245 -0.0915586 0.0528439
634 -19053.5 -19136.7 83.2383 0 0 0 0 0.07 0 0 0.882786 -0.0914222 0.0528
635 -19054 -19136.7 82.7422 0 0 0 0 0.07 0 0 0.883324 -0.0912863 0.0527561
636 -19054.5 -19136.7 82.2793 0 0 0 0 0.07 0 0 0.883859 -0.091151 0.0527121
637 -19054.9 -19136.7 81.8281 0 0 0 0 0.07 0 0 0.884392 -0.0910161 0.0526681
638 -19055.4 -19136.7 81.3711 0 0 0 0 0.07 0 0 0.884922 -0.0908818 0.0526241
639 -19055.8 -19136.7 80.9316 0 0 0 0 0.07 0 0 0.88545 -0.0907479 0.05258
640 -19056.3 -19136.7 80.4668 0 0 0 0 0.07 0 0 0.885975 -0.0906146 0.0525359
641 -19056.7 -19136.7 80.002 0 0 0 0 0.07 0 0 0.886498 -0.0904817 0.0524918
642 -19057.2 -19136.7 79.5664 0 0 0 0 0.07 0 0 0.887018 -0.0903493 0.0524476
643 -19057.6 -19136.7 79.1406 0 0 0 0 0.07 0 0 0.887536 -0.0902173 0.0524034
644 -19058 -19136.7 78.6973 0 0 0 0 0.07 0 0 0.888051 -0.0900858 0.0523592
645 -19058.5 -19136.7 78.2461 0 0 0 0 0.07 0 0 0.888564 -0.0899548 0.0523149
646 -19058.9 -19136.7 77.8086 0 0 0 0 0.07 0 0 0.889074 -0.0898243 0.0522707
647 -19059.4 -19136.7 77.3789 0 0 0 0 0.07 0 0 0.889582 -0.0896942 0.0522263
648 -19059.8 -19136.7 76.9629 0 0 0 0 0.07 0 0 0.890087 -0.0895646 0.052182
649 -19060.2 -19136.7 76.5117 0 0 0 0 0.07 0 0 0.89059 -0.0894354 0.0521376
650 -19060.7 -19136.7 76.082 0 0 0 0 0.07 0 0 0.891091 -0.0893066 0.0520931
651 -19061.1 -19136.7 75.6387 0 0 0 0 0.07 0 0 0.891589 -0.0891783 0.0520487
652 -19061.5 -19136.7 75.2266 0 0 0 0 0.07 0 0 0.892085 -0.0890504 0.0520042
653 -19062 -19136.7 74.7793 0 0 0 0 0.07 0 0 0.892578 -0.0889229 0.0519597
654 -19062.4 -19136.7 74.3574 0 0 0 0 0.07 0 0 0.893069 -0.0887958 0.0519151
655 -19062.8 -19136.7 73.9395 0 0 0 0 0.07 0 0 0.893558 -0.0886692 0.0518705
656 -19063.2 -19136.7 73.5488 0 0 0 0 0.07 0 0 0.894045 -0.088543 0.0518259
657 -19063.6 -19136.7 73.1445 0 0 0 0 0.07 0 0 0.894529 -0.0884172 0.0517812
658 -19064 -19136.7 72.75 0 0 0 0 0.07 0 0 0.895011 -0.0882918 0.0517365
659 -19064.4 -19136.7 72.3262 0 0 0 0 0.07 0 0 0.89549 -0.0881668 0.0516918
660 -19064.8 -19136.7 71.9121 0 0 0 0 0.07 0 0 0.895967 -0.0880422 0.0516471
661 -19065.2 -19136.7 71.5293 0 0 0 0 0.07 0 0 0.896442 -0.0879179 0.0516023
662 -19065.6 -19136.7 71.1738 0 0 0 0 0.07 0 0 0.896915 -0.0877941 0.0515575
663 -19066 -19136.7 70.7734 0 0 0 0 0.07 0 0 0.897385 -0.0876707 0.0515126
664 -19066.4 -19136.7 70.3867 0 0 0 0 0.07 0 0 0.897853 -0.0875476 0.0514677
665 -19066.7 -19136.7 70.002 0 0 0 0 0.07 0 0 0.898319 -0.0874249 0.0514228
666 -19067.1 -19136.7 69.627 0 0 0 0 0.07 0 0 0.898783 -0.0873026 0.0513779
667 -19067.5 -19136.7 69.2559 0 0 0 0 0.07 0 0 0.899245 -0.0871806 0.0513329
668 -19067.9 -19136.7 68.875 0 0 0 0 0.07 0 0 0.899704 -0.0870591 0.0512879
669 -19068.2 -19136.7 68.5 0 0 0 0 0.07 0 0 0.900161 -0.0869379 0.0512429
670 -19068.6 -19136.7 68.127 0 0 0 0 0.07 0 0 0.900616 -0.086817 0.0511978
671 -19069 -19136.7 67.7129 0 0 0 0 0.07 0 0 0.901069 -0.0866965 0.0511527
672 -19069.4 -19136.7 67.3574 0 0 0 0 0.07 0 0 0.901519 -0.0865763 0.0511076
673 -19069.7 -19136.7 66.998 0 0 0 0 0.07 0 0 0.901968 -0.0864565 0.0510624
674 -19070.1 -19136.7 66.6348 0 0 0 0 0.07 0 0 0.902414 -0.0863371 0.0510173
675 -19070.4 -19136.7 66.3105 0 0 0 0 0.07 0 0 0.902858 -0.086218 0.050972
676 -19070.8 -19136.7 65.9473 0 0 0 0 0.07 0 0 0.9033 -0.0860992 0.0509268
677 -19071.2 -19136.7 65.5918 0 0 0 0 0.07 0 0 0.90374 -0.0859807 0.0508815
678 -19071.5 -19136.7 65.2207 0 0 0 0 0.07 0 0 0.904178 -0.0858626 0.0508362
679 -19071.9 -19136.7 64.8535 0 0 0 0 0.07 0 0 0.904614 -0.0857448 0.0507909
680 -19072.2 -19136.7 64.502 0 0 0 0 0.07 0 0 0.905047 -0.0856274 0.0507455
681 -19072.6 -19136.7 64.1328 0 0 0 0 0.07 0 0 0.905479 -0.0855102 0.0507002
682 -19072.9 -19136.7 63.8047 0 0 0 0 0.07 0 0 0.905909 -0.0853934 0.0506547
683 -19073.3 -19136.7 63.4688 0 0 0 0 0.07 0 0 0.906336 -0.0852769 0.0506093
684 -19073.6 -19136.7 63.1152 0 0 0 0 0.07 0 0 0.906762 -0.0851607 0.0505638
685 -19074 -19136.7 62.7539 0 0 0 0 0.07 0 0 0.907185 -0.0850449 0.0505183
686 -19074.3 -19136.7 62.4199 0 0 0 0 0.07 0 0 0.907607 -0.0849293 0.0504728
687 -19074.6 -19136.7 62.0938 0 0 0 0 0.07 0 0 0.908026 -0.084814 0.0504272
688 -19075 -19136.7 61.7578 0 0 0 0 0.07 0 0 0.908443 -0.0846991 0.0503817
689 -19075.3 -19136.7 61.4219 0 0 0 0 0.07 0 0 0.908859 -0.0845844 0.0503361
690 -19075.6 -19136.7 61.0977 0 0 0 0 0.07 0 0 0.909272 -0.08447 0.0502904
691 -19076 -19136.7 60.7656 0 0 0 0 0.07 0 0 0.909684 -0.084356 0.0502448
692 -19076.3 -19136.7 60.4551 0 0 0 0 0.07 0 0 0.910093 -0.0842422 0.0501991
693 -19076.6 -19136.7 60.1367 0 0 0 0 0.07 0 0 0.910501 -0.0841287 0.0501534
694 -19076.9 -19136.7 59.8418 0 0 0 0 0.07 0 0 0.910907 -0.0840155 0.0501076
695 -19077.2 -19136.7 59.5137 0 0 0 0 0.07 0 0 0.911311 -0.0839026 0.0500619
696 -19077.5 -19136.7 59.1934 0 0 0 0 0.07 0 0 0.911712 -0.0837899 0.0500161
697 -19077.9 -19136.7 58.8594 0 0 0 0 0.07 0 0 0.912112 -0.0836776 0.0499703
698 -19078.2 -19136.7 58.5371 0 0 0 0 0.07 0 0 0.91251 -0.0835655 0.0499244
699 -19078.5 -19136.7 58.2383 0 0 0 0 0.07 0 0 0.912906 -0.0834537 0.0498786
700 -19078.8 -19136.7 57.9277 0 0 0 0 0.07 0 0 0.913301 -0.0833421 0.0498327
701 -19079.1 -19136.7 57.6348 0 0 0 0 0.07 0 0 0.913693 -0.0832309 0.0497868
702 -19079.4 -19136.7 57.3301 0 0 0 0 0.07 0 0 0.914084 -0.0831199 0.0497408
703 -19079.7 -19136.7 57.0254 0 0 0 0 0.07 0 0 0.914472 -0.0830091 0.0496949
704 -19080 -19136.7 56.7266 0 0 0 0 0.07 0 0 0.914859 -0.0828987 0.0496489
705 -19080.3 -19136.7 56.4199 0 0 0 0 0.07 0 0 0.915244 -0.0827884 0.0496029
706 -19080.6 -19136.7 56.0977 0 0 0 0 0.07 0 0 0.915627 -0.0826785 0.0495569
707 -19080.9 -19136.7 55.8047 0 0 0 0 0.07 0 0 0.916009 -0.0825688 0.0495108
708 -19081.2 -19136.7 55.5332 0 0 0 0 0.07 0 0 0.916388 -0.0824593 0.0494648
709 -19081.5 -19136.7 55.2207 0 0 0 0 0.07 0 0 0.916766 -0.0823501 0.0494187
710 -19081.8 -19136.7 54.9512 0 0 0 0 0.07 0 0 0.917142 -0.0822412 0.0493726
711 -19082.1 -19136.7 54.6582 0 0 0 0 0.07 0 0 0.917516 -0.0821325 0.0493264
712 -19082.4 -19136.7 54.375 0 0 0 0 0.07 0 0 0.917889 -0.082024 0.0492803
713 -19082.7 -19136.7 54.0742 0 0 0 0 0.07 0 0 0.918259 -0.0819158 0.0492341
714 -19082.9 -19136.7 53.7988 0 0 0 0 0.07 0 0 0.918628 -0.0818078 0.0491879
715 -19083.2 -19136.7 53.5 0 0 0 0 0.07 0 0 0.918995 -0.0817001 0.0491417
716 -19083.5 -19136.7 53.2246 0 0 0 0 0.07 0 0 0.919361 -0.0815926 0.0490954
717 -19083.8 -19136.7 52.9863 0 0 0 0 0.07 0 0 0.919724 -0.0814854 0.0490492
718 -19084.1 -19136.7 52.6895 0 0 0 0 0.07 0 0 0.920086 -0.0813783 0.0490029
719 -19084.3 -19136.7 52.4219 0 0 0 0 0.07 0 0 0.920447 -0.0812715 0.0489566
720 -19084.6 -19136.7 52.1426 0 0 0 0 0.07 0 0 0.920805 -0.081165 0.0489103
721 -19084.9 -19136.7 51.8594 0 0 0 0 0.07 0 0 0.921162 -0.0810586 0.048864
722 -19085.1 -19136.7 51.5977 0 0 0 0 0.07 0 0 0.921517 -0.0809525 0.0488176
723 -19085.4 -19136.7 51.3594 0 0 0 0 0.07 0 0 0.921871 -0.0808466 0.0487712
724 -19085.7 -19136.7 51.0664 0 0 0 0 0.07 0 0 0.922223 -0.080741 0.0487249
725 -19085.9 -19136.7 50.8027 0 0 0 0 0.07 0 0 0.922573 -0.0806355 0.0486784
726 -19086.2 -19136.7 50.5508 0 0 0 0 0.07 0 0 0.922921 -0.0805303 0.048632
727 -19086.5 -19136.7 50.2734 0 0 0 0 0.07 0 0 0.923268 -0.0804253 0.0485856
728 -19086.7 -19136.7 50.0078 0 0 0 0 0.07 0 0 0.923613 -0.0803205 0.0485391
729 -19087 -19136.7 49.7148 0 0 0 0 0.07 0 0 0.923957 -0.0802159 0.0484927
730 -19087.3 -19136.7 49.4355 0 0 0 0 0.07 0 0 0.924299 -0.0801116 0.0484462
731 -19087.5 -19136.7 49.209 0 0 0 0 0.07 0 0 0.924639 -0.0800074 0.0483997
732 -19087.8 -19136.7 48.9414 0 0 0 0 0.07 0 0 0.924978 -0.0799035 0.0483531
733 -19088.1 -19136.7 48.6758 0 0 0 0 0.07 0 0 0.925315 -0.0797998 0.0483066
734 -19088.3 -19136.7 48.4277 0 0 0 0 0.07 0 0 0.925651 -0.0796962 0.0482601
735 -19088.6 -19136.7 48.1699 0 0 0 0 0.07 0 0 0.925985 -0.0795929 0.0482135
736 -19088.8 -19136.7 47.916 0 0 0 0 0.07 0 0 0.926317 -0.0794898 0.0481669
737 -19089.1 -19136.7 47.6504 0 0 0 0 0.07 0 0 0.926648 -0.0793869 0.0481203
738 -19089.3 -19136.7 47.4238 0 0 0 0 0.07 0 0 0.926978 -0.0792842 0.0480737
739 -19089.5 -19136.7 47.2031 0 0 0 0 0.07 0 0 0.927305 -0.0791817 0.0480271
740 -19089.8 -19136.7 46.959 0 0 0 0 0.07 0 0 0.927632 -0.0790794 0.0479805
741 -19090 -19136.7 46.7285 0 0 0 0 0.07 0 0 0.927956 -0.0789773 0.0479338
742 -19090.2 -19136.7 46.498 0 0 0 0 0.07 0 0 0.928279 -0.0788753 0.0478872
743 -19090.5 -19136.7 46.2578 0 0 0 0 0.07 0 0 0.928601 -0.0787736 0.0478405
744 -19090.7 -19136.7 46.0293 0 0 0 0 0.07 0 0 0.928921 -0.0786721 0.0477938
745 -19091 -19136.7 45.7832 0 0 0 0 0.07 0 0 0.92924 -0.0785707 0.0477471
746 -19091.2 -19136.7 45.5742 0 0 0 0 0.07 0 0 0.929557 -0.0784696 0.0477004
747 -19091.4 -19136.7 45.332 0 0 0 0 0.07 0 0 0.929873 -0.0783686 0.0476537
748 -19091.6 -19136.7 45.0977 0 0 0 0 0.07 0 0 0.930187 -0.0782678 0.047607
749 -19091.8 -19136.7 44.8984 0 0 0 0 0.07 0 0 0.930499 -0.0781673 0.0475602
750 -19092.1 -19136.7 44.666 0 0 0 0 0.07 0 0 0.930811 -0.0780668 0.0475135
751 -19092.3 -19136.7 44.4355 0 0 0 0 0.07 0 0 0.93112 -0.0779666 0.0474667
752 -19092.5 -19136.7 44.207 0 0 0 0 0.07 0 0 0.931429 -0.0778666 0.0474199
753 -19092.8 -19136.7 43.9883 0 0 0 0 0.07 0 0 0.931736 -0.0777667 0.0473732
754 -19093 -19136.7 43.7598 0 0 0 0 0.07 0 0 0.932041 -0.0776671 0.0473264
755 -19093.2 -19136.7 43.5312 0 0 0 0 0.07 0 0 0.932345 -0.0775676 0.0472796
756 -19093.4 -19136.7 43.2969 0 0 0 0 0.07 0 0 0.932648 -0.0774683 0.0472328
757 -19093.7 -19136.7 43.0898 0 0 0 0 0.07 0 0 0.932949 -0.0773691 0.0471859
758 -19093.9 -19136.7 42.8711 0 0 0 0 0.07 0 0 0.933249 -0.0772701 0.0471391
759 -19094.1 -19136.7 42.6484 0 0 0 0 0.07 0 0 0.933547 -0.0771714 0.0470923
760 -19094.3 -19136.7 42.4258 0 0 0 0 0.07 0 0 0.933844 -0.0770727 0.0470454
761 -19094.6 -19136.7 42.1855 0 0 0 0 0.07 0 0 0.934139 -0.0769743 0.0469986
762 -19094.8 -19136.7 41.9863 0 0 0 0 0.07 0 0 0.934434 -0.076876 0.0469517
763 -19094.9 -19136.7 41.8008 0 0 0 0 0.07 0 0 0.934726 -0.0767779 0.0469049
764 -19095.2 -19136.7 41.5918 0 0 0 0 0.07 0 0 0.935018 -0.07668 0.046858
765 -19095.4 -19136.7 41.3691 0 0 0 0 0.07 0 0 0.935308 -0.0765822 0.0468111
766 -19095.6 -19136.7 41.1523 0 0 0 0 0.07 0 0 0.935597 -0.0764846 0.0467642
767 -19095.8 -19136.7 40.9375 0 0 0 0 0.07 0 0 0.935884 -0.0763872 0.0467174
768 -19096 -19136.7 40.7227 0 0 0 0 0.07 0 0 0.93617 -0.0762899 0.0466705
769 -19096.2 -19136.7 40.5059 0 0 0 0 0.07 0 0 0.936455 -0.0761928 0.0466236
770 -19096.4 -19136.7 40.3066 0 0 0 0 0.07 0 0 0.936738 -0.0760959 0.0465767
771 -19096.6 -19136.7 40.1113 0 0 0 0 0.07 0 0 0.93702 -0.0759991 0.0465298
772 -19096.8 -19136.7 39.916 0 0 0 0 0.07 0 0 0.937301 -0.0759025 0.0464829
773 -19097 -19136.7 39.7168 0 0 0 0 0.07 0 0 0.93758 -0.0758061 0.0464359
774 -19097.3 -19136.7 39.4902 0 0 0 0 0.07 0 0 0.937858 -0.0757098 0.046389
775 -19097.4 -19136.7 39.293 0 0 0 0 0.07 0 0 0.938135 -0.0756137 0.0463421
776 -19097.7 -19136.7 39.0664 0 0 0 0 0.07 0 0 0.938411 -0.0755177 0.0462952
777 -19097.9 -19136.7 38.8867 0 0 0 0 0.07 0 0 0.938685 -0.0754219 0.0462482
778 -19098 -19136.7 38.6992 0 0 0 0 0.07 0 0 0.938958 -0.0753262 0.0462013
779 -19098.2 -19136.7 38.5176 0 0 0 0 0.07 0 0 0.939229 -0.0752307 0.0461544
780 -19098.4 -19136.7 38.3242 0 0 0 0 0.07 0 0 0.9395 -0.0751354 0.0461074
781 -19098.6 -19136.7 38.1445 0 0 0 0 0.07 0 0 0.939769 -0.0750402 0.0460605
782 -19098.8 -19136.7 37.9512 0 0 0 0 0.07 0 0 0.940037 -0.0749451 0.0460136
783 -19099 -19136.7 37.7812 0 0 0 0 0.07 0 0 0.940304 -0.0748503 0.0459666
784 -19099.2 -19136.7 37.5918 0 0 0 0 0.07 0 0 0.940569 -0.0747555 0.0459197
785 -19099.3 -19136.7 37.4121 0 0 0 0 0.07 0 0 0.940833 -0.0746609 0.0458727
786 -19099.5 -19136.7 37.2285 0 0 0 0 0.07 0 0 0.941096 -0.0745665 0.0458258
787 -19099.7 -19136.7 37.0312 0 0 0 0 0.07 0 0 0.941358 -0.0744722 0.0457788
788 -19099.9 -19136.7 36.8633 0 0 0 0 0.07 0 0 0.941618 -0.0743781 0.0457319
789 -19100.1 -19136.7 36.6641 0 0 0 0 0.07 0 0 0.941878 -0.0742841 0.045685
790 -19100.2 -19136.7 36.498 0 0 0 0 0.07 0 0 0.942136 -0.0741903 0.045638
791 -19100.4 -19136.7 36.3105 0 0 0 0 0.07 0 0 0.942393 -0.0740966 0.0455911
792 -19100.6 -19136.7 36.1406 0 0 0 0 0.07 0 0 0.942648 -0.074003 0.0455441
793 -19100.8 -19136.7 35.957 0 0 0 0 0.07 0 0 0.942903 -0.0739096 0.0454972
794 -19101 -19136.7 35.7539 0 0 0 0 0.07 0 0 0.943156 -0.0738164 0.0454502
795 -19101.2 -19136.7 35.5879 0 0 0 0 0.07 0 0 0.943408 -0.0737232 0.0454033
796 -19101.3 -19136.7 35.3926 0 0 0 0 0.07 0 0 0.943659 -0.0736303 0.0453564
797 -19101.5 -19136.7 35.2031 0 0 0 0 0.07 0 0 0.943909 -0.0735374 0.0453094
798 -19101.7 -19136.7 35.0391 0 0 0 0 0.07 0 0 0.944158 -0.0734447 0.0452625
799 -19101.9 -19136.7 34.8672 0 0 0 0 0.07 0 0 0.944405 -0.0733522 0.0452156
800 -19102.1 -19136.7 34.6895 0 0 0 0 0.07 0 0 0.944652 -0.0732598 0.0451686
801 -19102.2 -19136.7 34.5332 0 0 0 0 0.07 0 0 0.944897 -0.0731675 0.0451217
802 -19102.3 -19136.7 34.3984 0 0 0 0 0.07 0 0 0.945141 -0.0730754 0.0450748
803 -19102.5 -19136.7 34.2305 0 0 0 0 0.07 0 0 0.945384 -0.0729834 0.0450279
804 -19102.7 -19136.7 34.0527 0 0 0 0 0.07 0 0 0.945626 -0.0728915 0.044981
805 -19102.8 -19136.7 33.9004 0 0 0 0 0.07 0 0 0.945867 -0.0727998 0.0449341
806 -19103 -19136.7 33.7188 0 0 0 0 0.07 0 0 0.946106 -0.0727082 0.0448872
807 -19103.2 -19136.7 33.5723 0 0 0 0 0.07 0 0 0.946345 -0.0726168 0.0448403
808 -19103.3 -19136.7 33.3926 0 0 0 0 0.07 0 0 0.946582 -0.0725255 0.0447934
809 -19103.5 -19136.7 33.2344 0 0 0 0 0.07 0 0 0.946819 -0.0724343 0.0447465
810 -19103.7 -19136.7 33.084 0 0 0 0 0.07 0 0 0.947054 -0.0723433 0.0446996
811 -19103.8 -19136.7 32.9199 0 0 0 0 0.07 0 0 0.947288 -0.0722524 0.0446527
812 -19104 -19136.7 32.7773 0 0 0 0 0.07 0 0 0.947521 -0.0721616 0.0446059
813 -19104.2 -19136.7 32.5918 0 0 0 0 0.07 0 0 0.947753 -0.0720709 0.044559
814 -19104.3 -19136.7 32.4238 0 0 0 0 0.07 0 0 0.947984 -0.0719804 0.0445121
815 -19104.5 -19136.7 32.248 0 0 0 0 0.07 0 0 0.948214 -0.0718901 0.0444653
816 -19104.6 -19136.7 32.1074 0 0 0 0 0.07 0 0 0.948442 -0.0717998 0.0444184
817 -19104.8 -19136.7 31.9316 0 0 0 0 0.07 0 0 0.94867 -0.0717097 0.0443716
818 -19105 -19136.7 31.75 0 0 0 0 0.07 0 0 0.948897 -0.0716197 0.0443248
819 -19105.2 -19136.7 31.5723 0 0 0 0 0.07 0 0 0.949122 -0.0715299 0.0442779
820 -19105.3 -19136.7 31.4297 0 0 0 0 0.07 0 0 0.949347 -0.0714401 0.0442311
821 -19105.5 -19136.7 31.2539 0 0 0 0 0.07 0 0 0.94957 -0.0713505 0.0441843
822 -19105.6 -19136.7 31.1113 0 0 0 0 0.07 0 0 0.949793 -0.071261 0.0441375
823 -19105.8 -19136.7 30.9727 0 0 0 0 0.07 0 0 0.950014 -0.0711717 0.0440907
824 -19105.9 -19136.7 30.8281 0 0 0 0 0.07 0 0 0.950235 -0.0710825 0.044044
825 -19106.1 -19136.7 30.6797 0 0 0 0 0.07 0 0 0.950454 -0.0709934 0.0439972
826 -19106.2 -19136.7 30.5273 0 0 0 0 0.07 0 0 0.950673 -0.0709044 0.0439504
827 -19106.3 -19136.7 30.4004 0 0 0 0 0.07 0 0 0.95089 -0.0708156 0.0439037
828 -19106.5 -19136.7 30.2598 0 0 0 0 0.07 0 0 0.951107 -0.0707269 0.0438569
829 -19106.7 -19136.7 30.0918 0 0 0 0 0.07 0 0 0.951322 -0.0706383 0.0438102
830 -19106.8 -19136.7 29.959 0 0 0 0 0.07 0 0 0.951536 -0.0705498 0.0437635
831 -19106.9 -19136.7 29.8105 0 0 0 0 0.07 0 0 0.95175 -0.0704615 0.0437167
832 -19107.1 -19136.7 29.6699 0 0 0 0 0.07 0 0 0.951962 -0.0703732 0.04367
833 -19107.2 -19136.7 29.5332 0 0 0 0 0.07 0 0 0.952174 -0.0702851 0.0436233
834 -19107.3 -19136.7 29.3926 0 0 0 0 0.07 0 0 0.952384 -0.0701972 0.0435767
835 -19107.5 -19136.7 29.2441 0 0 0 0 0.07 0 0 0.952594 -0.0701093 0.04353
836 -19107.6 -19136.7 29.1094 0 0 0 0 0.07 0 0 0.952803 -0.0700216 0.0434833
837 -19107.8 -19136.7 28.9688 0 0 0 0 0.07 0 0 0.95301 -0.0699339 0.0434367
838 -19107.9 -19136.7 28.8379 0 0 0 0 0.07 0 0 0.953217 -0.0698465 0.04339
839 -19108 -19136.7 28.7051 0 0 0 0 0.07 0 0 0.953423 -0.0697591 0.0433434
840 -19108.2 -19136.7 28.5586 0 0 0 0 0.07 0 0 0.953627 -0.0696718 0.0432968
841 -19108.3 -19136.7 28.4062 0 0 0 0 0.07 0 0 0.953831 -0.0695847 0.0432502
842 -19108.5 -19136.7 28.2676 0 0 0 0 0.07 0 0 0.954034 -0.0694977 0.0432036
843 -19108.6 -19136.7 28.1367 0 0 0 0 0.07 0 0 0.954236 -0.0694108 0.043157
844 -19108.7 -19136.7 28.0059 0 0 0 0 0.07 0 0 0.954437 -0.069324 0.0431105
845 -19108.9 -19136.7 27.8652 0 0 0 0 0.07 0 0 0.954637 -0.0692373 0.0430639
846 -19109 -19136.7 27.7617 0 0 0 0 0.07 0 0 0.954837 -0.0691508 0.0430174
847 -19109.1 -19136.7 27.627 0 0 0 0 0.07 0 0 0.955035 -0.0690644 0.0429709
848 -19109.2 -19136.7 27.4941 0 0 0 0 0.07 0 0 0.955232 -0.068978 0.0429244
849 -19109.4 -19136.7 27.3457 0 0 0 0 0.07 0 0 0.955429 -0.0688919 0.0428779
850 -19109.5 -19136.7 27.2305 0 0 0 0 0.07 0 0 0.955624 -0.0688058 0.0428314
851 -19109.6 -19136.7 27.0938 0 0 0 0 0.07 0 0 0.955819 -0.0687198 0.0427849
852 -19109.8 -19136.7 26.957 0 0 0 0 0.07 0 0 0.956013 -0.068634 0.0427385
853 -19109.9 -19136.7 26.8203 0 0 0 0 0.07 0 0 0.956206 -0.0685482 0.042692
854 -19110 -19136.7 26.7051 0 0 0 0 0.07 0 0 0.956398 -0.0684626 0.0426456
855 -19110.2 -19136.7 26.5742 0 0 0 0 0.07 0 0 0.956589 -0.0683771 0.0425992
856 -19110.3 -19136.7 26.4609 0 0 0 0 0.07 0 0 0.956779 -0.0682917 0.0425528
857 -19110.4 -19136.7 26.3359 0 0 0 0 0.07 0 0 0.956969 -0.0682064 0.0425065
858 -19110.5 -19136.7 26.2129 0 0 0 0 0.07 0 0 0.957157 -0.0681213 0.0424601
859 -19110.7 -19136.7 26.082 0 0 0 0 0.07 0 0 0.957345 -0.0680362 0.0424138
860 -19110.8 -19136.7 25.959 0 0 0 0 0.07 0 0 0.957532 -0.0679513 0.0423674
861 -19110.9 -19136.7 25.8242 0 0 0 0 0.07 0 0 0.957718 -0.0678664 0.0423211
862 -19111.1 -19136.7 25.6914 0 0 0 0 0.07 0 0 0.957903 -0.0677817 0.0422748
863 -19111.2 -19136.7 25.5645 0 0 0 0 0.07 0 0 0.958087 -0.0676971 0.0422286
864 -19111.3 -19136.7 25.4414 0 0 0 0 0.07 0 0 0.95827 -0.0676126 0.0421823
865 -19111.4 -19136.7 25.3262 0 0 0 0 0.07 0 0 0.958453 -0.0675282 0.0421361
866 -19111.5 -19136.7 25.1992 0 0 0 0 0.07 0 0 0.958635 -0.067444 0.0420898
867 -19111.7 -19136.7 25.0781 0 0 0 0 0.07 0 0 0.958816 -0.0673598 0.0420436
868 -19111.8 -19136.7 24.9453 0 0 0 0 0.07 0 0 0.958996 -0.0672757 0.0419974
869 -19111.9 -19136.7 24.8359 0 0 0 0 0.07 0 0 0.959175 -0.0671918 0.0419513
870 -19112 -19136.7 24.7168 0 0 0 0 0.07 0 0 0.959354 -0.067108 0.0419051
871 -19112.1 -19136.7 24.6055 0 0 0 0 0.07 0 0 0.959531 -0.0670242 0.041859
872 -19112.3 -19136.7 24.4844 0 0 0 0 0.07 0 0 0.959708 -0.0669406 0.0418129
873 -19112.4 -19136.7 24.3672 0 0 0 0 0.07 0 0 0.959884 -0.0668571 0.0417668
874 -19112.5 -19136.7 24.2422 0 0 0 0 0.07 0 0 0.960059 -0.0667737 0.0417207
875 -19112.6 -19136.7 24.1367 0 0 0 0 0.07 0 0 0.960234 -0.0666904 0.0416746
876 -19112.7 -19136.7 24.0293 0 0 0 0 0.07 0 0 0.960407 -0.0666072 0.0416286
877 -19112.8 -19136.7 23.9199 0 0 0 0 0.07 0 0 0.96058 -0.0665242 0.0415826
878 -19112.9 -19136.7 23.8086 0 0 0 0 0.07 0 0 0.960752 -0.0664412 0.0415366
879 -19113.1 -19136.7 23.6875 0 0 0 0 0.07 0 0 0.960924 -0.0663583 0.0414906
880 -19113.2 -19136.7 23.584 0 0 0 0 0.07 0 0 0.961094 -0.0662756 0.0414446
881 -19113.3 -19136.7 23.4727 0 0 0 0 0.07 0 0 0.961264 -0.0661929 0.0413987
882 -19113.4 -19136.7 23.3516 0 0 0 0 0.07 0 0 0.961433 -0.0661104 0.0413527
883 -19113.5 -19136.7 23.252 0 0 0 0 0.07 0 0 0.961601 -0.0660279 0.0413068
884 -19113.6 -19136.7 23.1152 0 0 0 0 0.07 0 0 0.961769 -0.0659456 0.041261
885 -19113.7 -19136.7 23.0098 0 0 0 0 0.07 0 0 0.961935 -0.0658634 0.0412151
886 -19113.8 -19136.7 22.8926 0 0 0 0 0.07 0 0 0.962101 -0.0657812 0.0411693
887 -19114 -19136.7 22.7852 0 0 0 0 0.07 0 0 0.962266 -0.0656992 0.0411234
888 -19114.1 -19136.7 22.6855 0 0 0 0 0.07 0 0 0.962431 -0.0656173 0.0410776
889 -19114.2 -19136.7 22.584 0 0 0 0 0.07 0 0 0.962594 -0.0655355 0.0410319
890 -19114.3 -19136.7 22.4746 0 0 0 0 0.07 0 0 0.962757 -0.0654538 0.0409861
891 -19114.4 -19136.7 22.3828 0 0 0 0 0.07 0 0 0.962919 -0.0653722 0.0409404
892 -19114.5 -19136.7 22.2871 0 0 0 0 0.07 0 0 0.963081 -0.0652907 0.0408947
893 -19114.6 -19136.7 22.1699 0 0 0 0 0.07 0 0 0.963242 -0.0652093 0.040849
894 -19114.7 -19136.7 22.0762 0 0 0 0 0.07 0 0 0.963402 -0.065128 0.0408033
895 -19114.8 -19136.7 21.9824 0 0 0 0 0.07 0 0 0.963561 -0.0650468 0.0407577
896 -19114.9 -19136.7 21.8711 0 0 0 0 0.07 0 0 0.963719 -0.0649657 0.040712
897 -19115 -19136.7 21.7734 0 0 0 0 0.07 0 0 0.963877 -0.0648847 0.0406664
898 -19115.1 -19136.7 21.6582 0 0 0 0 0.07 0 0 0.964034 -0.0648038 0.0406209
899 -19115.2 -19136.7 21.5723 0 0 0 0 0.07 0 0 0.964191 -0.064723 0.0405753
900 -19115.3 -19136.7 21.4648 0 0 0 0 0.07 0 0 0.964346 -0.0646423 0.0405298
901 -19115.4 -19136.7 21.3594 0 0 0 0 0.07 0 0 0.964501 -0.0645618 0.0404843
902 -19115.5 -19136.7 21.252 0 0 0 0 0.07 0 0 0.964656 -0.0644813 0.0404388
903 -19115.6 -19136.7 21.1504 0 0 0 0 0.07 0 0 0.964809 -0.0644009 0.0403933
904 -19115.7 -19136.7 21.0566 0 0 0 0 0.07 0 0 0.964962 -0.0643206 0.0403479
905 -19115.8 -19136.7 20.9609 0 0 0 0 0.07 0 0 0.965114 -0.0642405 0.0403025
906 -19115.9 -19136.7 20.877 0 0 0 0 0.07 0 0 0.965266 -0.0641604 0.0402571
907 -19116 -19136.7 20.7891 0 0 0 0 0.07 0 0 0.965417 -0.0640804 0.0402117
908 -19116 -19136.7 20.6934 0 0 0 0 0.07 0 0 0.965567 -0.0640005 0.0401664
909 -19116.1 -19136.7 20.5996 0 0 0 0 0.07 0 0 0.965716 -0.0639207 0.040121
910 -19116.2 -19136.7 20.502 0 0 0 0 0.07 0 0 0.965865 -0.0638411 0.0400758
911 -19116.3 -19136.7 20.4082 0 0 0 0 0.07 0 0 0.966013 -0.0637615 0.0400305
912 -19116.4 -19136.7 20.3281 0 0 0 0 0.07 0 0 0.966161 -0.063682 0.0399852
913 -19116.5 -19136.7 20.2305 0 0 0 0 0.07 0 0 0.966307 -0.0636026 0.03994
914 -19116.6 -19136.7 20.1465 0 0 0 0 0.07 0 0 0.966453 -0.0635233 0.0398948
915 -19116.7 -19136.7 20.0469 0 0 0 0 0.07 0 0 0.966599 -0.0634441 0.0398497
916 -19116.8 -19136.7 19.9414 0 0 0 0 0.07 0 0 0.966744 -0.0633651 0.0398045
917 -19116.9 -19136.7 19.8379 0 0 0 0 0.07 0 0 0.966888 -0.0632861 0.0397594
918 -19117 -19136.7 19.7441 0 0 0 0 0.07 0 0 0.967031 -0.0632072 0.0397143
919 -19117.1 -19136.7 19.6426 0 0 0 0 0.07 0 0 0.967174 -0.0631284 0.0396692
920 -19117.2 -19136.7 19.5312 0 0 0 0 0.07 0 0 0.967316 -0.0630497 0.0396242
921 -19117.3 -19136.7 19.4355 0 0 0 0 0.07 0 0 0.967458 -0.0629711 0.0395792
922 -19117.4 -19136.7 19.332 0 0 0 0 0.07 0 0 0.967599 -0.0628926 0.0395342
923 -19117.5 -19136.7 19.2344 0 0 0 0 0.07 0 0 0.967739 -0.0628142 0.0394892
924 -19117.6 -19136.7 19.1328 0 0 0 0 0.07 0 0 0.967879 -0.0627359 0.0394443
925 -19117.7 -19136.7 19.0547 0 0 0 0 0.07 0 0 0.968018 -0.0626577 0.0393994
926 -19117.8 -19136.7 18.9629 0 0 0 0 0.07 0 0 0.968156 -0.0625796 0.0393545
927 -19117.9 -19136.7 18.8555 0 0 0 0 0.07 0 0 0.968294 -0.0625015 0.0393096
928 -19118 -19136.7 18.7773 0 0 0 0 0.07 0 0 0.968431 -0.0624236 0.0392648
929 -19118 -19136.7 18.6934 0 0 0 0 0.07 0 0 0.968568 -0.0623458 0.03922
930 -19118.1 -19136.7 18.6016 0 0 0 0 0.07 0 0 0.968704 -0.0622681 0.0391752
931 -19118.2 -19136.7 18.5234 0 0 0 0 0.07 0 0 0.968839 -0.0621904 0.0391305
932 -19118.3 -19136.7 18.4336 0 0 0 0 0.07 0 0 0.968974 -0.0621129 0.0390858
933 -19118.4 -19136.7 18.3594 0 0 0 0 0.07 0 0 0.969108 -0.0620354 0.0390411
934 -19118.5 -19136.7 18.291 0 0 0 0 0.07 0 0 0.969241 -0.0619581 0.0389964
935 -19118.5 -19136.7 18.2129 0 0 0 0 0.07 0 0 0.969374 -0.0618808 0.0389518
936 -19118.6 -19136.7 18.125 0 0 0 0 0.07 0 0 0.969506 -0.0618037 0.0389071
937 -19118.7 -19136.7 18.0469 0 0 0 0 0.07 0 0 0.969638 -0.0617266 0.0388626
938 -19118.8 -19136.7 17.9746 0 0 0 0 0.07 0 0 0.969769 -0.0616496 0.038818
939 -19118.8 -19136.7 17.9102 0 0 0 0 0.07 0 0 0.9699 -0.0615728 0.0387735
940 -19118.9 -19136.7 17.8262 0 0 0 0 0.07 0 0 0.97003 -0.061496 0.038729
941 -19119 -19136.7 17.7324 0 0 0 0 0.07 0 0 0.970159 -0.0614193 0.0386845
942 -19119.1 -19136.7 17.6426 0 0 0 0 0.07 0 0 0.970288 -0.0613427 0.0386401
943 -19119.2 -19136.7 17.5625 0 0 0 0 0.07 0 0 0.970416 -0.0612662 0.0385957
944 -19119.3 -19136.7 17.4824 0 0 0 0 0.07 0 0 0.970543 -0.0611898 0.0385513
945 -19119.3 -19136.7 17.4062 0 0 0 0 0.07 0 0 0.970671 -0.0611135 0.0385069
946 -19119.4 -19136.7 17.332 0 0 0 0 0.07 0 0 0.970797 -0.0610372 0.0384626
947 -19119.5 -19136.7 17.248 0 0 0 0 0.07 0 0 0.970923 -0.0609611 0.0384183
948 -19119.6 -19136.7 17.1816 0 0 0 0 0.07 0 0 0.971048 -0.0608851 0.038374
949 -19119.6 -19136.7 17.1074 0 0 0 0 0.07 0 0 0.971173 -0.0608091 0.0383298
950 -19119.7 -19136.7 17.0547 0 0 0 0 0.07 0 0 0.971297 -0.0607333 0.0382856
951 -19119.8 -19136.7 16.9805 0 0 0 0 0.07 0 0 0.971421 -0.0606575 0.0382414
952 -19119.8 -19136.7 16.9141 0 0 0 0 0.07 0 0 0.971544 -0.0605819 0.0381972
953 -19119.9 -19136.7 16.8477 0 0 0 0 0.07 0 0 0.971667 -0.0605063 0.0381531
954 -19120 -19136.7 16.7734 0 0 0 0 0.07 0 0 0.971789 -0.0604308 0.038109
955 -19120 -19136.7 16.6934 0 0 0 0 0.07 0 0 0.97191 -0.0603554 0.038065
956 -19120.1 -19136.7 16.6152 0 0 0 0 0.07 0 0 0.972031 -0.0602801 0.0380209
957 -19120.2 -19136.7 16.5488 0 0 0 0 0.07 0 0 0.972151 -0.0602049 0.0379769
958 -19120.3 -19136.7 16.4766 0 0 0 0 0.07 0 0 0.972271 -0.0601298 0.037933
959 -19120.3 -19136.7 16.4121 0 0 0 0 0.07 0 0 0.97239 -0.0600548 0.037889
960 -19120.4 -19136.7 16.3379 0 0 0 0 0.07 0 0 0.972509 -0.0599798 0.0378451
961 -19120.5 -19136.7 16.2637 0 0 0 0 0.07 0 0 0.972627 -0.059905 0.0378012
962 -19120.6 -19136.7 16.1797 0 0 0 0 0.07 0 0 0.972745 -0.0598302 0.0377574
963 -19120.6 -19136.7 16.1074 0 0 0 0 0.07 0 0 0.972862 -0.0597556 0.0377136
964 -19120.7 -19136.7 16.0332 0 0 0 0 0.07 0 0 0.972979 -0.059681 0.0376698
965 -19120.8 -19136.7 15.9512 0 0 0 0 0.07 0 0 0.973095 -0.0596065 0.037626
966 -19120.9 -19136.7 15.875 0 0 0 0 0.07 0 0 0.973211 -0.0595321 0.0375823
967 -19120.9 -19136.7 15.8027 0 0 0 0 0.07 0 0 0.973326 -0.0594578 0.0375386
968 -19121 -19136.7 15.7324 0 0 0 0 0.07 0 0 0.97344 -0.0593836 0.037495
969 -19121.1 -19136.7 15.6504 0 0 0 0 0.07 0 0 0.973554 -0.0593095 0.0374513
970 -19121.2 -19136.7 15.582 0 0 0 0 0.07 0 0 0.973668 -0.0592354 0.0374077
971 -19121.2 -19136.7 15.5117 0 0 0 0 0.07 0 0 0.973781 -0.0591615 0.0373642
972 -19121.3 -19136.7 15.4375 0 0 0 0 0.07 0 0 0.973894 -0.0590876 0.0373206
973 -19121.4 -19136.7 15.3652 0 0 0 0 0.07 0 0 0.974006 -0.0590139 0.0372771
974 -19121.4 -19136.7 15.2969 0 0 0 0 0.07 0 0 0.974117 -0.0589402 0.0372336
975 -19121.5 -19136.7 15.2168 0 0 0 0 0.07 0 0 0.974228 -0.0588666 0.0371902
976 -19121.6 -19136.7 15.1445 0 0 0 0 0.07 0 0 0.974339 -0.0587931 0.0371468
977 -19121.7 -19136.7 15.0742 0 0 0 0 0.07 0 0 0.974449 -0.0587197 0.0371034
978 -19121.7 -19136.7 15.0176 0 0 0 0 0.07 0 0 0.974558 -0.0586464 0.0370601
979 -19121.8 -19136.7 14.9512 0 0 0 0 0.07 0 0 0.974668 -0.0585732 0.0370167
980 -19121.9 -19136.7 14.8848 0 0 0 0 0.07 0 0 0.974776 -0.0585 0.0369735
981 -19121.9 -19136.7 14.8145 0 0 0 0 0.07 0 0 0.974884 -0.058427 0.0369302
982 -19122 -19136.7 14.752 0 0 0 0 0.07 0 0 0.974992 -0.058354 0.036887
983 -19122.1 -19136.7 14.6797 0 0 0 0 0.07 0 0 0.975099 -0.0582811 0.0368438
984 -19122.1 -19136.7 14.5957 0 0 0 0 0.07 0 0 0.975206 -0.0582083 0.0368007
985 -19122.2 -19136.7 14.5215 0 0 0 0 0.07 0 0 0.975312 -0.0581356 0.0367575
986 -19122.3 -19136.7 14.4375 0 0 0 0 0.07 0 0 0.975418 -0.058063 0.0367144
987 -19122.4 -19136.7 14.3594 0 0 0 0 0.07 0 0 0.975523 -0.0579905 0.0366714
988 -19122.4 -19136.7 14.293 0 0 0 0 0.07 0 0 0.975628 -0.057918 0.0366284
989 -19122.5 -19136.7 14.2168 0 0 0 0 0.07 0 0 0.975732 -0.0578457 0.0365854
990 -19122.6 -19136.7 14.1504 0 0 0 0 0.07 0 0 0.975836 -0.0577734 0.0365424
991 -19122.7 -19136.7 14.0801 0 0 0 0 0.07 0 0 0.975939 -0.0577012 0.0364995
992 -19122.7 -19136.7 14.0312 0 0 0 0 0.07 0 0 0.976042 -0.0576291 0.0364566
993 -19122.8 -19136.7 13.9727 0 0 0 0 0.07 0 0 0.976145 -0.0575571 0.0364138
994 -19122.8 -19136.7 13.9121 0 0 0 0 0.07 0 0 0.976247 -0.0574852 0.0363709
995 -19122.9 -19136.7 13.8496 0 0 0 0 0.07 0 0 0.976348 -0.0574134 0.0363282
996 -19123 -19136.7 13.7871 0 0 0 0 0.07 0 0 0.976449 -0.0573416 0.0362854
997 -19123 -19136.7 13.7383 0 0 0 0 0.07 0 0 0.97655 -0.05727 0.0362427
998 -19123.1 -19136.7 13.6738 0 0 0 0 0.07 0 0 0.97665 -0.0571984 0.0362
999 -19123.1 -19136.7 13.5996 0 0 0 0 0.07 0 0 0.97675 -0.0571269 0.0361573
1000 -19123.2 -19136.7 13.5352 0 0 0 0 0.07 0 0 0.976849 -0.0570555 0.0361147
