# Iteration Energy MinEnergy Delta temp realtemp dtheta realdtheta MagneticFieldX Y Z MagnetizationX Y Z
1 -1517.05 -46402.2 44885.1 0.01 0.0100042 0.1 0.100021 0.1 0 0 0.00307055 -0.0104317 -0.00118288
2 -2781.32 -46402.2 43620.9 0.01 0.0100024 0.1 0.100012 0.1 0 0 0.00562651 -0.0106607 -0.0011525
3 -3939 -46402.2 42463.2 0.01 0.0100051 0.1 0.100026 0.1 0 0 0.00796326 -0.0121926 -0.00169394
4 -5017.96 -46402.2 41384.2 0.01 0.00999318 0.1 0.0999659 0.1 0 0 0.0108258 -0.0131228 -0.00239271
5 -6047.22 -46402.2 40355 0.01 0.00999784 0.1 0.0999892 0.1 0 0 0.0132913 -0.0150269 -0.00165796
6 -7008.42 -46402.2 39393.8 0.01 0.010002 0.1 0.10001 0.1 0 0 0.0155806 -0.0166081 -0.00140834
7 -7939.35 -46402.2 38462.8 0.01 0.00999955 0.1 0.0999977 0.1 0 0 0.0182636 -0.0178275 -0.00060444
8 -8872.66 -46402.2 37529.5 0.01 0.00999636 0.1 0.0999818 0.1 0 0 0.021133 -0.0190215 -0.000121143
9 -9801.91 -46402.2 36600.3 0.01 0.00999597 0.1 0.0999799 0.1 0 0 0.0246344 -0.0201661 -0.000891986
10 -10725.5 -46402.2 35676.6 0.01 0.00999494 0.1 0.0999747 0.1 0 0 0.0277487 -0.0209042 -0.000995505
11 -11667.1 -46402.2 34735.1 0.01 0.00999772 0.1 0.0999886 0.1 0 0 0.0309297 -0.0231321 -0.00115439
12 -12573.7 -46402.2 33828.5 0.01 0.0100076 0.1 0.100038 0.1 0 0 0.0350208 -0.0252494 -0.00104301
13 -13541 -46402.2 32861.2 0.01 0.00999658 0.1 0.0999829 0.1 0 0 0.0377703 -0.0274238 -0.00129298
14 -14465.8 -46402.2 31936.3 0.01 0.0100035 0.1 0.100017 0.1 0 0 0.0419437 -0.0302411 -0.0015868
15 -15419.8 -46402.2 30982.4 0.01 0.00999723 0.1 0.0999861 0.1 0 0 0.0467074 -0.0328421 -0.00111587
16 -16336.8 -46402.2 30065.4 0.01 0.0100059 0.1 0.100029 0.1 0 0 0.0503415 -0.0348666 -0.001451
17 -17259.3 -46402.2 29142.8 0.01 0.0100034 0.1 0.100017 0.1 0 0 0.0543074 -0.0368859 -0.00284463
18 -18130.3 -46402.2 28271.9 0.01 0.0099882 0.1 0.099941 0.1 0 0 0.0591439 -0.0394881 -0.00280005
19 -19033 -46402.2 27369.2 0.01 0.00999406 0.1 0.0999703 0.1 0 0 0.0635028 -0.0413192 -0.0028299
20 -19907.7 -46402.2 26494.5 0.01 0.00999674 0.1 0.0999837 0.1 0 0 0.0683344 -0.0434115 -0.00243913
21 -20741.1 -46402.2 25661.1 0.01 0.00999817 0.1 0.0999908 0.1 0 0 0.0725259 -0.0465511 -0.00310359
22 -21584.5 -46402.2 24817.7 0.01 0.00998527 0.1 0.0999263 0.1 0 0 0.0768495 -0.0494288 -0.00351736
23 -22375.7 -46402.2 24026.4 0.01 0.00999526 0.1 0.0999763 0.1 0 0 0.081721 -0.0513848 -0.00453769
24 -23146.1 -46402.2 23256.1 0.01 0.010003 0.1 0.100015 0.1 0 0 0.0862295 -0.0532137 -0.00440156
25 -23861.8 -46402.2 22540.4 0.01 0.00999581 0.1 0.099979 0.1 0 0 0.0900294 -0.0565519 -0.0055391
26 -24594.4 -46402.2 21807.8 0.01 0.00999555 0.1 0.0999778 0.1 0 0 0.0953597 -0.0587524 -0.00557483
27 -25287 -46402.2 21115.2 0.01 0.00999959 0.1 0.0999979 0.1 0 0 0.100292 -0.0616231 -0.00539197
28 -25949.8 -46402.2 20452.4 0.01 0.00999251 0.1 0.0999626 0.1 0 0 0.103818 -0.0626121 -0.00577665
29 -26556.5 -46402.2 19845.7 0.01 0.00999882 0.1 0.0999941 0.1 0 0 0.107571 -0.0638184 -0.00664843
30 -27155.5 -46402.2 19246.7 0.01 0.0100007 0.1 0.100003 0.1 0 0 0.111476 -0.0659851 -0.00772201
31 -27707.6 -46402.2 18694.6 0.01 0.0100018 0.1 0.100009 0.1 0 0 0.115555 -0.0675802 -0.00688133
32 -28257.7 -46402.2 18144.5 0.01 0.00999617 0.1 0.0999809 0.1 0 0 0.11944 -0.0687515 -0.00767469
33 -28796.3 -46402.2 17605.9 0.01 0.00999694 0.1 0.0999847 0.1 0 0 0.123834 -0.0708675 -0.00808154
34 -29292.8 -46402.2 17109.3 0.01 0.00999926 0.1 0.0999963 0.1 0 0 0.128429 -0.0718647 -0.00754812
35 -29775.5 -46402.2 16626.7 0.01 0.0100063 0.1 0.100032 0.1 0 0 0.13199 -0.073941 -0.00879961
36 -30208 -46402.2 16194.2 0.01 0.00999558 0.1 0.0999779 0.1 0 0 0.135247 -0.0760709 -0.00835935
37 -30618 -46402.2 15784.1 0.01 0.0100061 0.1 0.10003 0.1 0 0 0.139716 -0.0774113 -0.00905506
38 -31024 -46402.2 15378.2 0.01 0.0100006 0.1 0.100003 0.1 0 0 0.145272 -0.0792368 -0.00913382
39 -31372.7 -46402.2 15029.5 0.01 0.00999895 0.1 0.0999948 0.1 0 0 0.147939 -0.0809558 -0.010144
40 -31697.2 -46402.2 14705 0.01 0.0100087 0.1 0.100044 0.1 0 0 0.151474 -0.0827545 -0.0106006
41 -32025.5 -46402.2 14376.7 0.01 0.00999753 0.1 0.0999877 0.1 0 0 0.155885 -0.0857829 -0.0100363
42 -32353 -46402.2 14049.2 0.01 0.0100028 0.1 0.100014 0.1 0 0 0.159191 -0.0883492 -0.0106657
43 -32675.7 -46402.2 13726.5 0.01 0.00999071 0.1 0.0999536 0.1 0 0 0.16333 -0.089822 -0.0107061
44 -32955.3 -46402.2 13446.9 0.01 0.00999295 0.1 0.0999648 0.1 0 0 0.167345 -0.0909546 -0.0127011
45 -33220.6 -46402.2 13181.6 0.01 0.00999483 0.1 0.0999741 0.1 0 0 0.171795 -0.0924293 -0.0125495
46 -33477 -46402.2 12925.2 0.01 0.00999729 0.1 0.0999864 0.1 0 0 0.175062 -0.0938707 -0.0129029
47 -33744.4 -46402.2 12657.8 0.01 0.00999598 0.1 0.0999799 0.1 0 0 0.178362 -0.094428 -0.0128888
48 -33960.3 -46402.2 12441.9 0.01 0.0100006 0.1 0.100003 0.1 0 0 0.181537 -0.0960767 -0.0131208
49 -34171.2 -46402.2 12230.9 0.01 0.0100075 0.1 0.100037 0.1 0 0 0.185132 -0.0976761 -0.0144278
50 -34391.2 -46402.2 12010.9 0.01 0.0100022 0.1 0.100011 0.1 0 0 0.187814 -0.0989915 -0.0144101
51 -34579.6 -46402.2 11822.6 0.01 0.0100034 0.1 0.100017 0.1 0 0 0.189204 -0.100805 -0.0152567
52 -34778.4 -46402.2 11623.7 0.01 0.0100004 0.1 0.100002 0.1 0 0 0.192009 -0.102025 -0.0150815
53 -34968.5 -46402.2 11433.7 0.01 0.00999451 0.1 0.0999726 0.1 0 0 0.195667 -0.103851 -0.014265
54 -35146.1 -46402.2 11256.1 0.01 0.00999995 0.1 0.0999998 0.1 0 0 0.19767 -0.106022 -0.0148116
55 -35303.4 -46402.2 11098.8 0.01 0.0100042 0.1 0.100021 0.1 0 0 0.201976 -0.107125 -0.0155155
56 -35449.6 -46402.2 10952.6 0.01 0.00998928 0.1 0.0999464 0.1 0 0 0.204336 -0.109537 -0.014955
57 -35594.5 -46402.2 10807.7 0.01 0.0100007 0.1 0.100004 0.1 0 0 0.208544 -0.110724 -0.0153444
58 -35764.4 -46402.2 10637.8 0.01 0.0100021 0.1 0.100011 0.1 0 0 0.21141 -0.11249 -0.0145241
59 -35898.1 -46402.2 10504.1 0.01 0.00999814 0.1 0.0999907 0.1 0 0 0.214318 -0.113908 -0.0163821
60 -36059.7 -46402.2 10342.5 0.01 0.00999786 0.1 0.0999893 0.1 0 0 0.218784 -0.114761 -0.0170242
61 -36207.9 -46402.2 10194.3 0.01 0.010004 0.1 0.10002 0.1 0 0 0.221583 -0.116948 -0.0175244
62 -36362.4 -46402.2 10039.8 0.01 0.010001 0.1 0.100005 0.1 0 0 0.224214 -0.118718 -0.018136
63 -36505.1 -46402.2 9897.12 0.01 0.0099991 0.1 0.0999955 0.1 0 0 0.227516 -0.120018 -0.0183229
64 -36642.5 -46402.2 9759.65 0.01 0.0100005 0.1 0.100002 0.1 0 0 0.230422 -0.121424 -0.0189257
65 -36742.8 -46402.2 9659.41 0.01 0.0100026 0.1 0.100013 0.1 0 0 0.232778 -0.12162 -0.0192743
66 -36834.6 -46402.2 9567.62 0.01 0.00999624 0.1 0.0999812 0.1 0 0 0.235795 -0.123001 -0.0181384
67 -36967.4 -46402.2 9434.82 0.01 0.00999582 0.1 0.0999791 0.1 0 0 0.239531 -0.1252 -0.0182724
68 -37088.5 -46402.2 9313.66 0.01 0.00999068 0.1 0.0999534 0.1 0 0 0.243347 -0.12602 -0.0177511
69 -37205.5 -46402.2 9196.68 0.01 0.0100033 0.1 0.100016 0.1 0 0 0.247457 -0.127183 -0.0183783
70 -37302.7 -46402.2 9099.44 0.01 0.0100021 0.1 0.10001 0.1 0 0 0.251414 -0.12787 -0.0186148
71 -37400.7 -46402.2 9001.46 0.01 0.0100008 0.1 0.100004 0.1 0 0 0.255747 -0.129346 -0.0186066
72 -37509.9 -46402.2 8892.25 0.01 0.00999614 0.1 0.0999807 0.1 0 0 0.259395 -0.130826 -0.018462
73 -37595.5 -46402.2 8806.64 0.01 0.00999082 0.1 0.0999541 0.1 0 0 0.262581 -0.131546 -0.0186663
74 -37703.5 -46402.2 8698.71 0.01 0.00999913 0.1 0.0999957 0.1 0 0 0.264965 -0.132133 -0.0195367
75 -37806.3 -46402.2 8595.84 0.01 0.0100003 0.1 0.100002 0.1 0 0 0.267581 -0.133215 -0.0199016
76 -37900.4 -46402.2 8501.79 0.01 0.00999536 0.1 0.0999768 0.1 0 0 0.269836 -0.133842 -0.0203637
77 -37967.5 -46402.2 8434.66 0.01 0.00999168 0.1 0.0999584 0.1 0 0 0.272148 -0.134466 -0.0212951
78 -38052.4 -46402.2 8349.79 0.01 0.0100004 0.1 0.100002 0.1 0 0 0.275322 -0.134199 -0.0205363
79 -38139.5 -46402.2 8262.7 0.01 0.00999823 0.1 0.0999911 0.1 0 0 0.278818 -0.135107 -0.0214952
80 -38194.7 -46402.2 8207.43 0.01 0.00999615 0.1 0.0999807 0.1 0 0 0.282597 -0.136482 -0.0211597
81 -38311.4 -46402.2 8090.8 0.01 0.010002 0.1 0.10001 0.1 0 0 0.285568 -0.13846 -0.0219344
82 -38398.8 -46402.2 8003.36 0.01 0.0100028 0.1 0.100014 0.1 0 0 0.289729 -0.138896 -0.0225545
83 -38484.6 -46402.2 7917.58 0.01 0.00999666 0.1 0.0999833 0.1 0 0 0.292885 -0.141507 -0.0229371
84 -38563 -46402.2 7839.2 0.01 0.00999497 0.1 0.0999748 0.1 0 0 0.295297 -0.142902 -0.0236171
85 -38634.3 -46402.2 7767.91 0.01 0.00999237 0.1 0.0999619 0.1 0 0 0.297494 -0.144287 -0.0234448
86 -38706.2 -46402.2 7695.96 0.01 0.00999675 0.1 0.0999837 0.1 0 0 0.300013 -0.144345 -0.0238353
87 -38778.5 -46402.2 7623.69 0.01 0.00999898 0.1 0.0999949 0.1 0 0 0.302878 -0.144998 -0.0236063
88 -38823 -46402.2 7579.13 0.01 0.00999774 0.1 0.0999887 0.1 0 0 0.304425 -0.146095 -0.0236604
89 -38905.9 -46402.2 7496.28 0.01 0.0100002 0.1 0.100001 0.1 0 0 0.305979 -0.147931 -0.0233222
90 -38977.1 -46402.2 7425.1 0.01 0.0100055 0.1 0.100028 0.1 0 0 0.309356 -0.149931 -0.0235424
91 -39063.8 -46402.2 7338.37 0.01 0.0100047 0.1 0.100024 0.1 0 0 0.311536 -0.149748 -0.0236825
92 -39130.4 -46402.2 7271.74 0.01 0.00999691 0.1 0.0999845 0.1 0 0 0.314902 -0.151274 -0.0241249
93 -39187.8 -46402.2 7214.39 0.01 0.00999625 0.1 0.0999812 0.1 0 0 0.318633 -0.152128 -0.0253332
94 -39225.1 -46402.2 7177.03 0.01 0.0100034 0.1 0.100017 0.1 0 0 0.321583 -0.153889 -0.0271737
95 -39286.6 -46402.2 7115.53 0.01 0.00999156 0.1 0.0999578 0.1 0 0 0.324945 -0.153249 -0.0283637
96 -39347.4 -46402.2 7054.74 0.01 0.00999236 0.1 0.0999618 0.1 0 0 0.327601 -0.15384 -0.0278092
97 -39402.9 -46402.2 6999.3 0.01 0.00999805 0.1 0.0999902 0.1 0 0 0.330109 -0.154694 -0.0285662
98 -39467.5 -46402.2 6934.71 0.01 0.0100025 0.1 0.100013 0.1 0 0 0.333222 -0.156847 -0.0305652
99 -39506.7 -46402.2 6895.52 0.01 0.00999305 0.1 0.0999652 0.1 0 0 0.334768 -0.157337 -0.030889
100 -39565.1 -46402.2 6837.11 0.01 0.0100016 0.1 0.100008 0.1 0 0 0.336922 -0.159991 -0.0304082
101 -39625.1 -46402.2 6777.11 0.01 0.0100031 0.1 0.100015 0.1 0 0 0.338879 -0.16104 -0.0312861
102 -39673.4 -46402.2 6728.74 0.01 0.0100015 0.1 0.100008 0.1 0 0 0.342267 -0.161643 -0.0317346
103 -39717.3 -46402.2 6684.88 0.01 0.00999853 0.1 0.0999926 0.1 0 0 0.345875 -0.162642 -0.0307481
104 -39764.4 -46402.2 6637.75 0.01 0.00999933 0.1 0.0999966 0.1 0 0 0.34872 -0.164682 -0.0301964
105 -39813.6 -46402.2 6588.57 0.01 0.00999169 0.1 0.0999584 0.1 0 0 0.350663 -0.165723 -0.0316
106 -39858.5 -46402.2 6543.66 0.01 0.010001 0.1 0.100005 0.1 0 0 0.353963 -0.166277 -0.0320887
107 -39905.3 -46402.2 6496.85 0.01 0.00999938 0.1 0.0999969 0.1 0 0 0.356516 -0.166745 -0.0319122
108 -39949.8 -46402.2 6452.43 0.01 0.00999596 0.1 0.0999798 0.1 0 0 0.358998 -0.167566 -0.0316505
109 -39988.1 -46402.2 6414.12 0.01 0.00999913 0.1 0.0999956 0.1 0 0 0.362119 -0.168539 -0.031706
110 -40026.3 -46402.2 6375.89 0.01 0.010004 0.1 0.10002 0.1 0 0 0.36452 -0.168697 -0.0320244
111 -40074.9 -46402.2 6327.26 0.01 0.0100002 0.1 0.100001 0.1 0 0 0.366782 -0.169677 -0.0328645
112 -40113.5 -46402.2 6288.68 0.01 0.0100011 0.1 0.100006 0.1 0 0 0.369142 -0.171437 -0.0332552
113 -40139 -46402.2 6263.13 0.01 0.0100043 0.1 0.100021 0.1 0 0 0.371236 -0.173141 -0.0344824
114 -40192 -46402.2 6210.16 0.01 0.00999999 0.1 0.0999999 0.1 0 0 0.374367 -0.174566 -0.0335792
115 -40235 -46402.2 6167.13 0.01 0.00999651 0.1 0.0999825 0.1 0 0 0.377336 -0.175075 -0.0345489
116 -40281.3 -46402.2 6120.85 0.01 0.0100006 0.1 0.100003 0.1 0 0 0.380967 -0.17664 -0.0330148
117 -40321.5 -46402.2 6080.66 0.01 0.0100088 0.1 0.100044 0.1 0 0 0.383746 -0.178223 -0.0324545
118 -40373.6 -46402.2 6028.62 0.01 0.00999628 0.1 0.0999814 0.1 0 0 0.386149 -0.178891 -0.0318573
119 -40415.3 -46402.2 5986.9 0.01 0.00999549 0.1 0.0999775 0.1 0 0 0.389753 -0.17992 -0.0321428
120 -40457.4 -46402.2 5944.73 0.01 0.00999323 0.1 0.0999661 0.1 0 0 0.391706 -0.179978 -0.031325
121 -40482.6 -46402.2 5919.57 0.01 0.00999522 0.1 0.0999761 0.1 0 0 0.393336 -0.180116 -0.032482
122 -40515.4 -46402.2 5886.82 0.01 0.00999729 0.1 0.0999865 0.1 0 0 0.395566 -0.181503 -0.031987
123 -40553.6 -46402.2 5848.6 0.01 0.0100024 0.1 0.100012 0.1 0 0 0.398242 -0.182523 -0.0333918
124 -40583.7 -46402.2 5818.52 0.01 0.00999976 0.1 0.0999988 0.1 0 0 0.401478 -0.183234 -0.0339529
125 -40607.6 -46402.2 5794.61 0.01 0.0100018 0.1 0.100009 0.1 0 0 0.404684 -0.18475 -0.0337404
126 -40652.7 -46402.2 5749.48 0.01 0.00999501 0.1 0.099975 0.1 0 0 0.406982 -0.185053 -0.0340016
127 -40718.5 -46402.2 5683.64 0.01 0.0100058 0.1 0.100029 0.1 0 0 0.409852 -0.186352 -0.0335784
128 -40740.2 -46402.2 5662.02 0.01 0.00999935 0.1 0.0999967 0.1 0 0 0.412371 -0.187768 -0.0339407
129 -40774.7 -46402.2 5627.48 0.01 0.00999855 0.1 0.0999928 0.1 0 0 0.414057 -0.18904 -0.0335655
130 -40796.9 -46402.2 5605.25 0.01 0.00999855 0.1 0.0999927 0.1 0 0 0.416252 -0.190405 -0.0326528
131 -40812.7 -46402.2 5589.45 0.01 0.0100024 0.1 0.100012 0.1 0 0 0.418857 -0.192528 -0.0331711
132 -40839 -46402.2 5563.16 0.01 0.0100023 0.1 0.100011 0.1 0 0 0.421291 -0.193577 -0.0338673
133 -40893.8 -46402.2 5508.34 0.01 0.00999899 0.1 0.099995 0.1 0 0 0.425006 -0.194347 -0.0337446
134 -40924.5 -46402.2 5477.7 0.01 0.0100014 0.1 0.100007 0.1 0 0 0.426393 -0.195161 -0.0345868
135 -40939 -46402.2 5463.14 0.01 0.00999621 0.1 0.099981 0.1 0 0 0.428487 -0.196301 -0.0342967
136 -40971.8 -46402.2 5430.41 0.01 0.00999772 0.1 0.0999886 0.1 0 0 0.430413 -0.19693 -0.0348437
137 -40985.8 -46402.2 5416.41 0.01 0.00999684 0.1 0.0999842 0.1 0 0 0.431873 -0.197987 -0.0352586
138 -41016.9 -46402.2 5385.27 0.01 0.0100103 0.1 0.100051 0.1 0 0 0.433158 -0.198862 -0.0348682
139 -41033.6 -46402.2 5368.55 0.01 0.0100044 0.1 0.100022 0.1 0 0 0.435371 -0.200026 -0.0349576
140 -41076.5 -46402.2 5325.68 0.01 0.00999767 0.1 0.0999883 0.1 0 0 0.43793 -0.20077 -0.0350923
141 -41113.2 -46402.2 5289.02 0.01 0.0100031 0.1 0.100015 0.1 0 0 0.439574 -0.201995 -0.0351947
142 -41162 -46402.2 5240.2 0.01 0.0100024 0.1 0.100012 0.1 0 0 0.442876 -0.203421 -0.0354719
143 -41204.8 -46402.2 5197.35 0.01 0.0100058 0.1 0.100029 0.1 0 0 0.445182 -0.204295 -0.0356937
144 -41219.9 -46402.2 5182.26 0.01 0.00999842 0.1 0.0999921 0.1 0 0 0.44731 -0.205535 -0.036217
145 -41261.4 -46402.2 5140.73 0.01 0.0100024 0.1 0.100012 0.1 0 0 0.449489 -0.206121 -0.0356083
146 -41312.7 -46402.2 5089.46 0.01 0.00999842 0.1 0.0999921 0.1 0 0 0.451619 -0.207305 -0.0361687
147 -41333.7 -46402.2 5068.5 0.01 0.0099967 0.1 0.0999835 0.1 0 0 0.454173 -0.207603 -0.0361247
148 -41371.2 -46402.2 5031.01 0.01 0.009999 0.1 0.099995 0.1 0 0 0.456611 -0.208301 -0.0359104
149 -41381.8 -46402.2 5020.38 0.01 0.0100033 0.1 0.100017 0.1 0 0 0.459055 -0.209066 -0.0364828
150 -41417.6 -46402.2 4984.58 0.01 0.010003 0.1 0.100015 0.1 0 0 0.461429 -0.209606 -0.0380701
151 -41418.7 -46402.2 4983.5 0.01 0.01001 0.1 0.10005 0.1 0 0 0.463994 -0.211689 -0.0380609
152 -41450.6 -46402.2 4951.58 0.01 0.0100013 0.1 0.100006 0.1 0 0 0.466132 -0.211552 -0.0384764
153 -41493.5 -46402.2 4908.67 0.01 0.0100001 0.1 0.1 0.1 0 0 0.468865 -0.213101 -0.0389298
154 -41509.6 -46402.2 4892.62 0.01 0.0100011 0.1 0.100006 0.1 0 0 0.470663 -0.213456 -0.0375939
155 -41545.4 -46402.2 4856.77 0.01 0.00999491 0.1 0.0999745 0.1 0 0 0.472311 -0.214549 -0.0380742
156 -41595.8 -46402.2 4806.37 0.01 0.00999796 0.1 0.0999898 0.1 0 0 0.474477 -0.214993 -0.0399521
157 -41607.1 -46402.2 4795.12 0.01 0.0100012 0.1 0.100006 0.1 0 0 0.477268 -0.216184 -0.040969
158 -41633.4 -46402.2 4768.79 0.01 0.0100088 0.1 0.100044 0.1 0 0 0.478646 -0.217476 -0.0394095
159 -41652.6 -46402.2 4749.59 0.01 0.0100015 0.1 0.100007 0.1 0 0 0.481071 -0.218314 -0.0398166
160 -41694.2 -46402.2 4707.93 0.01 0.0100004 0.1 0.100002 0.1 0 0 0.48326 -0.218537 -0.0389399
161 -41712.9 -46402.2 4689.28 0.01 0.0100052 0.1 0.100026 0.1 0 0 0.486767 -0.219611 -0.0401988
162 -41715.6 -46402.2 4686.54 0.01 0.00999777 0.1 0.0999889 0.1 0 0 0.487245 -0.220132 -0.0407133
163 -41738.4 -46402.2 4663.77 0.01 0.0100013 0.1 0.100007 0.1 0 0 0.488622 -0.221769 -0.0418207
164 -41767 -46402.2 4635.21 0.01 0.0100003 0.1 0.100001 0.1 0 0 0.49127 -0.223128 -0.0423665
165 -41799.8 -46402.2 4602.33 0.01 0.00999956 0.1 0.0999978 0.1 0 0 0.493102 -0.223386 -0.0418562
166 -41842.1 -46402.2 4560.12 0.01 0.00999705 0.1 0.0999853 0.1 0 0 0.495244 -0.224357 -0.0419039
167 -41877.6 -46402.2 4524.6 0.01 0.010007 0.1 0.100035 0.1 0 0 0.497199 -0.225021 -0.041254
168 -41896.3 -46402.2 4505.89 0.01 0.00999582 0.1 0.0999791 0.1 0 0 0.500073 -0.226291 -0.0427082
169 -41890.8 -46402.2 4511.4 0.01 0.0100045 0.1 0.100022 0.1 0 0 0.501407 -0.227272 -0.0429199
170 -41913.3 -46402.2 4488.88 0.01 0.00999203 0.1 0.0999602 0.1 0 0 0.503483 -0.22752 -0.0418858
171 -41941.6 -46402.2 4460.54 0.01 0.00999978 0.1 0.0999989 0.1 0 0 0.505651 -0.22797 -0.0411598
172 -41966.4 -46402.2 4435.81 0.01 0.0100026 0.1 0.100013 0.1 0 0 0.507225 -0.2281 -0.0413709
173 -41985.7 -46402.2 4416.48 0.01 0.00999806 0.1 0.0999903 0.1 0 0 0.508898 -0.227096 -0.0430906
174 -41994.4 -46402.2 4407.73 0.01 0.00999814 0.1 0.0999907 0.1 0 0 0.511067 -0.228468 -0.0440037
175 -42002.8 -46402.2 4399.39 0.01 0.00999444 0.1 0.0999722 0.1 0 0 0.513355 -0.230494 -0.045806
176 -42037.7 -46402.2 4364.5 0.01 0.00999459 0.1 0.0999729 0.1 0 0 0.516179 -0.231063 -0.0459502
177 -42045.3 -46402.2 4356.88 0.01 0.0099999 0.1 0.0999995 0.1 0 0 0.518605 -0.23082 -0.0451806
178 -42067.3 -46402.2 4334.92 0.01 0.00999987 0.1 0.0999994 0.1 0 0 0.520204 -0.232214 -0.0466438
179 -42078 -46402.2 4324.22 0.01 0.00999708 0.1 0.0999854 0.1 0 0 0.521782 -0.232832 -0.0470066
180 -42086.9 -46402.2 4315.23 0.01 0.00999954 0.1 0.0999977 0.1 0 0 0.523944 -0.233465 -0.0453629
181 -42123 -46402.2 4279.21 0.01 0.0099994 0.1 0.099997 0.1 0 0 0.525778 -0.233314 -0.0453806
182 -42137.3 -46402.2 4264.84 0.01 0.00999824 0.1 0.0999912 0.1 0 0 0.527605 -0.23419 -0.0448322
183 -42148.5 -46402.2 4253.63 0.01 0.0100039 0.1 0.100019 0.1 0 0 0.530046 -0.2351 -0.0460603
184 -42181.5 -46402.2 4220.66 0.01 0.00999902 0.1 0.0999951 0.1 0 0 0.531869 -0.235349 -0.0459063
185 -42202.5 -46402.2 4199.63 0.01 0.0100009 0.1 0.100005 0.1 0 0 0.533723 -0.235543 -0.0457649
186 -42227 -46402.2 4175.16 0.01 0.00999766 0.1 0.0999883 0.1 0 0 0.535804 -0.236444 -0.0469332
187 -42250.6 -46402.2 4151.57 0.01 0.010001 0.1 0.100005 0.1 0 0 0.537586 -0.237291 -0.0466682
188 -42270.5 -46402.2 4131.67 0.01 0.0100047 0.1 0.100023 0.1 0 0 0.539871 -0.238889 -0.0478716
189 -42305.2 -46402.2 4097.01 0.01 0.0100032 0.1 0.100016 0.1 0 0 0.542312 -0.238919 -0.047335
190 -42313.4 -46402.2 4088.8 0.01 0.00999601 0.1 0.09998 0.1 0 0 0.544813 -0.239538 -0.0477933
191 -42360.5 -46402.2 4041.64 0.01 0.010001 0.1 0.100005 0.1 0 0 0.54588 -0.241448 -0.0482603
192 -42372.6 -46402.2 4029.62 0.01 0.00999887 0.1 0.0999943 0.1 0 0 0.547107 -0.241687 -0.0479582
193 -42411.1 -46402.2 3991.05 0.01 0.00999538 0.1 0.0999769 0.1 0 0 0.5484 -0.241923 -0.0480827
194 -42419.2 -46402.2 3982.98 0.01 0.0100018 0.1 0.100009 0.1 0 0 0.550186 -0.241977 -0.0496201
195 -42441 -46402.2 3961.18 0.01 0.010005 0.1 0.100025 0.1 0 0 0.551166 -0.243042 -0.0499308
196 -42454 -46402.2 3948.16 0.01 0.010005 0.1 0.100025 0.1 0 0 0.552849 -0.243781 -0.049283
197 -42462.9 -46402.2 3939.24 0.01 0.00999239 0.1 0.099962 0.1 0 0 0.554573 -0.245072 -0.0483201
198 -42479.1 -46402.2 3923.11 0.01 0.00999719 0.1 0.099986 0.1 0 0 0.556336 -0.245875 -0.0485309
199 -42486.8 -46402.2 3915.36 0.01 0.00999875 0.1 0.0999937 0.1 0 0 0.558952 -0.246175 -0.0490401
200 -42514.3 -46402.2 3887.89 0.01 0.010001 0.1 0.100005 0.1 0 0 0.560858 -0.246607 -0.0494214
201 -42529.4 -46402.2 3872.76 0.01 0.00999369 0.1 0.0999684 0.1 0 0 0.562949 -0.247241 -0.0500133
202 -42540 -46402.2 3862.16 0.01 0.0099988 0.1 0.099994 0.1 0 0 0.564824 -0.247781 -0.0497585
203 -42554.4 -46402.2 3847.77 0.01 0.0100044 0.1 0.100022 0.1 0 0 0.567417 -0.247405 -0.0502883
204 -42572.5 -46402.2 3829.71 0.01 0.0099972 0.1 0.099986 0.1 0 0 0.56955 -0.248016 -0.0516925
205 -42597.6 -46402.2 3804.58 0.01 0.00999908 0.1 0.0999954 0.1 0 0 0.572377 -0.249853 -0.0512106
206 -42620.6 -46402.2 3781.61 0.01 0.0100078 0.1 0.100039 0.1 0 0 0.574932 -0.24972 -0.0512967
207 -42651.1 -46402.2 3751.09 0.01 0.00999546 0.1 0.0999773 0.1 0 0 0.576479 -0.250891 -0.0521318
208 -42668.4 -46402.2 3733.77 0.01 0.0100099 0.1 0.100049 0.1 0 0 0.577538 -0.252389 -0.0517618
209 -42678.3 -46402.2 3723.88 0.01 0.00999646 0.1 0.0999823 0.1 0 0 0.578646 -0.25256 -0.0515666
210 -42692.8 -46402.2 3709.34 0.01 0.00999927 0.1 0.0999964 0.1 0 0 0.580372 -0.254187 -0.0522179
211 -42699.8 -46402.2 3702.34 0.01 0.00999822 0.1 0.0999911 0.1 0 0 0.583496 -0.2542 -0.0536074
212 -42717.6 -46402.2 3684.53 0.01 0.0100002 0.1 0.100001 0.1 0 0 0.584963 -0.254842 -0.0547446
213 -42716 -46402.2 3686.22 0.01 0.00999943 0.1 0.0999972 0.1 0 0 0.58565 -0.25519 -0.055382
214 -42735.7 -46402.2 3666.48 0.01 0.00999524 0.1 0.0999762 0.1 0 0 0.586774 -0.25582 -0.0551092
215 -42726.5 -46402.2 3675.68 0.01 0.0100015 0.1 0.100008 0.1 0 0 0.587405 -0.256931 -0.0552714
216 -42761.6 -46402.2 3640.56 0.01 0.00999977 0.1 0.0999988 0.1 0 0 0.589075 -0.257284 -0.0545105
217 -42764.8 -46402.2 3637.4 0.01 0.0100001 0.1 0.1 0.1 0 0 0.591183 -0.258287 -0.0545784
218 -42789.3 -46402.2 3612.9 0.01 0.0100061 0.1 0.100031 0.1 0 0 0.593362 -0.257984 -0.0556338
219 -42789.5 -46402.2 3612.71 0.01 0.0100066 0.1 0.100033 0.1 0 0 0.595589 -0.25837 -0.0553046
220 -42790.1 -46402.2 3612.09 0.01 0.00999644 0.1 0.0999822 0.1 0 0 0.597501 -0.258311 -0.0562975
221 -42801.4 -46402.2 3600.74 0.01 0.00999388 0.1 0.0999694 0.1 0 0 0.599479 -0.25863 -0.0562927
222 -42812.7 -46402.2 3589.47 0.01 0.00999979 0.1 0.099999 0.1 0 0 0.601345 -0.25896 -0.056704
223 -42855.7 -46402.2 3546.45 0.01 0.00999906 0.1 0.0999953 0.1 0 0 0.60352 -0.259421 -0.0575476
224 -42853.8 -46402.2 3548.4 0.01 0.0100013 0.1 0.100006 0.1 0 0 0.605203 -0.260321 -0.0573467
225 -42895.6 -46402.2 3506.55 0.01 0.00999873 0.1 0.0999937 0.1 0 0 0.606924 -0.260415 -0.0564451
226 -42906.7 -46402.2 3495.43 0.01 0.0100009 0.1 0.100004 0.1 0 0 0.608498 -0.260093 -0.0564288
227 -42918.7 -46402.2 3483.45 0.01 0.0100109 0.1 0.100055 0.1 0 0 0.610712 -0.260911 -0.0565094
228 -42909.4 -46402.2 3492.78 0.01 0.00999838 0.1 0.0999919 0.1 0 0 0.611769 -0.261659 -0.0568824
229 -42914.7 -46402.2 3487.52 0.01 0.0100023 0.1 0.100011 0.1 0 0 0.612701 -0.263706 -0.057943
230 -42911.5 -46402.2 3490.64 0.01 0.00999937 0.1 0.0999969 0.1 0 0 0.614731 -0.264977 -0.0590257
231 -42941.5 -46402.2 3460.71 0.01 0.00999376 0.1 0.0999688 0.1 0 0 0.616146 -0.265481 -0.0587029
232 -42975.6 -46402.2 3426.61 0.01 0.00999333 0.1 0.0999666 0.1 0 0 0.618326 -0.266109 -0.058421
233 -42996 -46402.2 3406.18 0.01 0.0100037 0.1 0.100018 0.1 0 0 0.619363 -0.266206 -0.0594512
234 -43010.9 -46402.2 3391.23 0.01 0.00999849 0.1 0.0999925 0.1 0 0 0.6211 -0.26692 -0.0608715
235 -43032.4 -46402.2 3369.77 0.01 0.0100021 0.1 0.10001 0.1 0 0 0.623084 -0.266009 -0.0607377
236 -43039 -46402.2 3363.16 0.01 0.0100032 0.1 0.100016 0.1 0 0 0.624843 -0.266184 -0.061192
237 -43067 -46402.2 3335.18 0.01 0.0100008 0.1 0.100004 0.1 0 0 0.626167 -0.26691 -0.0608218
238 -43074.2 -46402.2 3328.02 0.01 0.00999167 0.1 0.0999584 0.1 0 0 0.627597 -0.266905 -0.0600688
239 -43090.6 -46402.2 3311.56 0.01 0.00999651 0.1 0.0999825 0.1 0 0 0.629832 -0.267414 -0.05923
240 -43080.3 -46402.2 3321.91 0.01 0.0100156 0.1 0.100078 0.1 0 0 0.6303 -0.267891 -0.0594263
241 -43096.4 -46402.2 3305.82 0.01 0.0100014 0.1 0.100007 0.1 0 0 0.632042 -0.268087 -0.060488
242 -43093.9 -46402.2 3308.23 0.01 0.00998906 0.1 0.0999453 0.1 0 0 0.634138 -0.267879 -0.0611084
243 -43098.5 -46402.2 3303.63 0.01 0.010003 0.1 0.100015 0.1 0 0 0.634451 -0.269595 -0.0619565
244 -43123.6 -46402.2 3278.61 0.01 0.00999227 0.1 0.0999613 0.1 0 0 0.635528 -0.270689 -0.0618365
245 -43120.1 -46402.2 3282.03 0.01 0.00999648 0.1 0.0999824 0.1 0 0 0.635947 -0.271698 -0.0625534
246 -43117.1 -46402.2 3285.07 0.01 0.00999633 0.1 0.0999816 0.1 0 0 0.63709 -0.271782 -0.0626275
247 -43130.1 -46402.2 3272.09 0.01 0.0100067 0.1 0.100033 0.1 0 0 0.638192 -0.271577 -0.0628291
248 -43148.1 -46402.2 3254.07 0.01 0.0100137 0.1 0.100069 0.1 0 0 0.639796 -0.272272 -0.0625892
249 -43155.3 -46402.2 3246.89 0.01 0.0100059 0.1 0.100029 0.1 0 0 0.641182 -0.273097 -0.0614508
250 -43159.9 -46402.2 3242.25 0.01 0.0100058 0.1 0.100029 0.1 0 0 0.642771 -0.273162 -0.0612769
251 -43180.3 -46402.2 3221.86 0.01 0.0100092 0.1 0.100046 0.1 0 0 0.643495 -0.273719 -0.0613975
252 -43186.5 -46402.2 3215.65 0.01 0.0100008 0.1 0.100004 0.1 0 0 0.644624 -0.273914 -0.0621484
253 -43219.9 -46402.2 3182.25 0.01 0.010005 0.1 0.100025 0.1 0 0 0.646412 -0.274523 -0.0634715
254 -43230.1 -46402.2 3172.09 0.01 0.0100006 0.1 0.100003 0.1 0 0 0.647065 -0.275326 -0.0639172
255 -43239.5 -46402.2 3162.63 0.01 0.00999631 0.1 0.0999815 0.1 0 0 0.647056 -0.276439 -0.0648257
256 -43255.9 -46402.2 3146.32 0.01 0.0099997 0.1 0.0999985 0.1 0 0 0.648211 -0.276783 -0.0651695
257 -43269.9 -46402.2 3132.26 0.01 0.00999571 0.1 0.0999785 0.1 0 0 0.648918 -0.277379 -0.0652391
258 -43294.7 -46402.2 3107.51 0.01 0.0100005 0.1 0.100002 0.1 0 0 0.652234 -0.277271 -0.0665377
259 -43320.9 -46402.2 3081.23 0.01 0.0100072 0.1 0.100036 0.1 0 0 0.653928 -0.277462 -0.0668398
260 -43329.5 -46402.2 3072.71 0.01 0.00999837 0.1 0.0999918 0.1 0 0 0.655901 -0.277175 -0.0657871
261 -43314.6 -46402.2 3087.62 0.01 0.00999988 0.1 0.0999994 0.1 0 0 0.657399 -0.277431 -0.0660117
262 -43322.7 -46402.2 3079.52 0.01 0.00999621 0.1 0.0999811 0.1 0 0 0.659763 -0.276871 -0.0659812
263 -43330.3 -46402.2 3071.86 0.01 0.0100008 0.1 0.100004 0.1 0 0 0.660579 -0.276981 -0.0657021
264 -43317 -46402.2 3085.21 0.01 0.0100069 0.1 0.100035 0.1 0 0 0.662039 -0.275348 -0.0653862
265 -43319.8 -46402.2 3082.42 0.01 0.00999665 0.1 0.0999833 0.1 0 0 0.662911 -0.278251 -0.0666387
266 -43326.4 -46402.2 3075.77 0.01 0.0100064 0.1 0.100032 0.1 0 0 0.66444 -0.277698 -0.0672249
267 -43330.8 -46402.2 3071.42 0.01 0.0100007 0.1 0.100004 0.1 0 0 0.666099 -0.277947 -0.0688076
268 -43359.2 -46402.2 3042.93 0.01 0.00999843 0.1 0.0999922 0.1 0 0 0.667313 -0.277845 -0.0670989
269 -43364.7 -46402.2 3037.46 0.01 0.00999956 0.1 0.0999978 0.1 0 0 0.668429 -0.278644 -0.0656599
270 -43401.3 -46402.2 3000.9 0.01 0.0100053 0.1 0.100027 0.1 0 0 0.671342 -0.278432 -0.0656739
271 -43388 -46402.2 3014.2 0.01 0.00999431 0.1 0.0999716 0.1 0 0 0.673304 -0.27779 -0.0656205
272 -43416.4 -46402.2 2985.79 0.01 0.0100042 0.1 0.100021 0.1 0 0 0.675032 -0.278401 -0.0665839
273 -43445.8 -46402.2 2956.34 0.01 0.0100024 0.1 0.100012 0.1 0 0 0.676644 -0.278207 -0.0668556
274 -43457.8 -46402.2 2944.33 0.01 0.0100033 0.1 0.100017 0.1 0 0 0.676907 -0.277644 -0.0691582
275 -43463.8 -46402.2 2938.41 0.01 0.00999391 0.1 0.0999696 0.1 0 0 0.678546 -0.278033 -0.0693247
276 -43453.3 -46402.2 2948.85 0.01 0.00999662 0.1 0.0999831 0.1 0 0 0.678365 -0.278011 -0.06982
277 -43472.8 -46402.2 2929.33 0.01 0.0100016 0.1 0.100008 0.1 0 0 0.679568 -0.278206 -0.0702762
278 -43487.5 -46402.2 2914.68 0.01 0.00999598 0.1 0.0999799 0.1 0 0 0.680772 -0.279066 -0.070263
279 -43486.2 -46402.2 2916.02 0.01 0.00999444 0.1 0.0999722 0.1 0 0 0.681856 -0.27953 -0.0708801
280 -43481.2 -46402.2 2920.95 0.01 0.0100099 0.1 0.100049 0.1 0 0 0.682611 -0.279391 -0.0704534
281 -43481 -46402.2 2921.16 0.01 0.0100002 0.1 0.100001 0.1 0 0 0.684331 -0.278535 -0.0699988
282 -43483.7 -46402.2 2918.52 0.01 0.00999366 0.1 0.0999683 0.1 0 0 0.685261 -0.278516 -0.0709122
283 -43486.6 -46402.2 2915.61 0.01 0.0100028 0.1 0.100014 0.1 0 0 0.686336 -0.279672 -0.0704033
284 -43492.2 -46402.2 2909.98 0.01 0.00999616 0.1 0.0999808 0.1 0 0 0.686962 -0.279366 -0.0710195
285 -43514.4 -46402.2 2887.75 0.01 0.010001 0.1 0.100005 0.1 0 0 0.688962 -0.278633 -0.0717919
286 -43533.9 -46402.2 2868.29 0.01 0.01001 0.1 0.10005 0.1 0 0 0.690423 -0.279345 -0.0717606
287 -43545.3 -46402.2 2856.92 0.01 0.0099962 0.1 0.099981 0.1 0 0 0.691715 -0.280521 -0.0716778
288 -43561.5 -46402.2 2840.69 0.01 0.0100031 0.1 0.100016 0.1 0 0 0.693771 -0.280633 -0.0713942
289 -43572 -46402.2 2830.16 0.01 0.00999927 0.1 0.0999964 0.1 0 0 0.695012 -0.280731 -0.0712397
290 -43583.8 -46402.2 2818.34 0.01 0.00999595 0.1 0.0999798 0.1 0 0 0.69614 -0.282164 -0.0701894
291 -43585.2 -46402.2 2817 0.01 0.0100032 0.1 0.100016 0.1 0 0 0.697939 -0.282661 -0.0701312
292 -43594.6 -46402.2 2807.55 0.01 0.00999502 0.1 0.0999751 0.1 0 0 0.698878 -0.282277 -0.0718528
293 -43608.4 -46402.2 2793.75 0.01 0.00999178 0.1 0.0999589 0.1 0 0 0.699797 -0.282536 -0.072062
294 -43617 -46402.2 2785.18 0.01 0.0100069 0.1 0.100034 0.1 0 0 0.701087 -0.281502 -0.0711754
295 -43616.7 -46402.2 2785.51 0.01 0.0100071 0.1 0.100035 0.1 0 0 0.701931 -0.281752 -0.0715531
296 -43620.5 -46402.2 2781.71 0.01 0.00999966 0.1 0.0999983 0.1 0 0 0.704298 -0.280822 -0.0718821
297 -43638.9 -46402.2 2763.31 0.01 0.0100018 0.1 0.100009 0.1 0 0 0.70639 -0.281318 -0.0724079
298 -43632.8 -46402.2 2769.35 0.01 0.0100024 0.1 0.100012 0.1 0 0 0.707485 -0.280964 -0.0745648
299 -43627.7 -46402.2 2774.48 0.01 0.0100014 0.1 0.100007 0.1 0 0 0.708293 -0.281889 -0.0754033
300 -43634.8 -46402.2 2767.38 0.01 0.00999779 0.1 0.0999889 0.1 0 0 0.709788 -0.281952 -0.075468
301 -43648 -46402.2 2754.14 0.01 0.0099988 0.1 0.099994 0.1 0 0 0.710634 -0.282617 -0.0756412
302 -43667.7 -46402.2 2734.47 0.01 0.0100032 0.1 0.100016 0.1 0 0 0.712093 -0.282407 -0.0754038
303 -43676 -46402.2 2726.16 0.01 0.00999583 0.1 0.0999791 0.1 0 0 0.713854 -0.282741 -0.076337
304 -43678.9 -46402.2 2723.28 0.01 0.0100008 0.1 0.100004 0.1 0 0 0.715395 -0.281368 -0.0768187
305 -43681.1 -46402.2 2721.09 0.01 0.0100022 0.1 0.100011 0.1 0 0 0.716243 -0.282684 -0.0778503
306 -43715.3 -46402.2 2686.86 0.01 0.00999999 0.1 0.0999999 0.1 0 0 0.717887 -0.282483 -0.0776032
307 -43703.6 -46402.2 2698.56 0.01 0.00999644 0.1 0.0999822 0.1 0 0 0.720181 -0.281975 -0.0787976
308 -43693.6 -46402.2 2708.59 0.01 0.00999848 0.1 0.0999924 0.1 0 0 0.721397 -0.281525 -0.0791607
309 -43729.8 -46402.2 2672.34 0.01 0.00999689 0.1 0.0999844 0.1 0 0 0.723289 -0.281537 -0.0789463
310 -43725.7 -46402.2 2676.48 0.01 0.0100064 0.1 0.100032 0.1 0 0 0.724367 -0.281852 -0.0789936
311 -43726.7 -46402.2 2675.5 0.01 0.0100038 0.1 0.100019 0.1 0 0 0.725516 -0.282111 -0.0807943
312 -43767 -46402.2 2635.22 0.01 0.00999415 0.1 0.0999708 0.1 0 0 0.726657 -0.282702 -0.0802741
313 -43784 -46402.2 2618.21 0.01 0.010003 0.1 0.100015 0.1 0 0 0.72766 -0.283134 -0.0805256
314 -43790.3 -46402.2 2611.9 0.01 0.0100051 0.1 0.100025 0.1 0 0 0.728957 -0.283778 -0.0822323
315 -43790.7 -46402.2 2611.46 0.01 0.0099984 0.1 0.099992 0.1 0 0 0.729807 -0.283741 -0.0814303
316 -43785.5 -46402.2 2616.7 0.01 0.00999494 0.1 0.0999747 0.1 0 0 0.730264 -0.284374 -0.0817834
317 -43785.6 -46402.2 2616.62 0.01 0.00999715 0.1 0.0999858 0.1 0 0 0.731216 -0.28476 -0.0818071
318 -43811.3 -46402.2 2590.84 0.01 0.00999944 0.1 0.0999972 0.1 0 0 0.732552 -0.284475 -0.0819049
319 -43799.6 -46402.2 2602.59 0.01 0.00999564 0.1 0.0999782 0.1 0 0 0.734316 -0.283681 -0.0819248
320 -43818.8 -46402.2 2583.42 0.01 0.00999505 0.1 0.0999752 0.1 0 0 0.734601 -0.284684 -0.0817629
321 -43834.9 -46402.2 2567.27 0.01 0.00999951 0.1 0.0999976 0.1 0 0 0.73665 -0.283403 -0.080771
322 -43856 -46402.2 2546.17 0.01 0.0100032 0.1 0.100016 0.1 0 0 0.738612 -0.284045 -0.0815833
323 -43877.9 -46402.2 2524.25 0.01 0.00998788 0.1 0.0999394 0.1 0 0 0.740323 -0.285055 -0.0814288
324 -43889.1 -46402.2 2513.09 0.01 0.00998732 0.1 0.0999366 0.1 0 0 0.742179 -0.284368 -0.0814877
325 -43880.6 -46402.2 2521.61 0.01 0.01 0.1 0.1 0.1 0 0 0.74266 -0.285622 -0.0814685
326 -43899.3 -46402.2 2502.83 0.01 0.0100008 0.1 0.100004 0.1 0 0 0.744329 -0.284702 -0.0824591
327 -43908.2 -46402.2 2494 0.01 0.0100016 0.1 0.100008 0.1 0 0 0.745713 -0.285212 -0.0828877
328 -43899.4 -46402.2 2502.75 0.01 0.0100042 0.1 0.100021 0.1 0 0 0.747206 -0.284701 -0.083813
329 -43907.3 -46402.2 2494.88 0.01 0.00999863 0.1 0.0999932 0.1 0 0 0.748427 -0.285379 -0.0841499
330 -43904.6 -46402.2 2497.54 0.01 0.0100014 0.1 0.100007 0.1 0 0 0.749589 -0.28443 -0.0832346
331 -43917.9 -46402.2 2484.25 0.01 0.0100071 0.1 0.100035 0.1 0 0 0.75029 -0.284664 -0.0822746
332 -43913.2 -46402.2 2488.99 0.01 0.0100074 0.1 0.100037 0.1 0 0 0.750515 -0.28515 -0.0821262
333 -43908.6 -46402.2 2493.61 0.01 0.0100014 0.1 0.100007 0.1 0 0 0.751901 -0.284818 -0.0816379
334 -43889.5 -46402.2 2512.69 0.01 0.0100023 0.1 0.100012 0.1 0 0 0.752093 -0.284696 -0.0815647
335 -43893.6 -46402.2 2508.57 0.01 0.0100085 0.1 0.100042 0.1 0 0 0.752935 -0.284119 -0.0818297
336 -43877.8 -46402.2 2524.41 0.01 0.00999697 0.1 0.0999848 0.1 0 0 0.753173 -0.28472 -0.0816774
337 -43899.5 -46402.2 2502.66 0.01 0.0100029 0.1 0.100015 0.1 0 0 0.75369 -0.284198 -0.0836316
338 -43900.8 -46402.2 2501.37 0.01 0.00999568 0.1 0.0999784 0.1 0 0 0.754402 -0.285344 -0.0839259
339 -43908.6 -46402.2 2493.61 0.01 0.00998718 0.1 0.0999359 0.1 0 0 0.755533 -0.284735 -0.0843451
340 -43925 -46402.2 2477.16 0.01 0.00999808 0.1 0.0999904 0.1 0 0 0.756941 -0.2841 -0.0841779
341 -43932.6 -46402.2 2469.62 0.01 0.00999468 0.1 0.0999734 0.1 0 0 0.758322 -0.284446 -0.0853102
342 -43947 -46402.2 2455.19 0.01 0.00999913 0.1 0.0999957 0.1 0 0 0.759791 -0.283874 -0.0858333
343 -43959.1 -46402.2 2443.11 0.01 0.0100056 0.1 0.100028 0.1 0 0 0.761313 -0.284052 -0.0854423
344 -43986.1 -46402.2 2416.04 0.01 0.00999441 0.1 0.0999721 0.1 0 0 0.762609 -0.284022 -0.0853235
345 -44026.3 -46402.2 2375.85 0.01 0.0100005 0.1 0.100002 0.1 0 0 0.764148 -0.284183 -0.0852584
346 -44011.4 -46402.2 2390.75 0.01 0.0099999 0.1 0.0999995 0.1 0 0 0.765086 -0.284564 -0.0863156
347 -44016.5 -46402.2 2385.72 0.01 0.0100037 0.1 0.100019 0.1 0 0 0.766637 -0.284224 -0.0861537
348 -44026.6 -46402.2 2375.55 0.01 0.00999629 0.1 0.0999814 0.1 0 0 0.767649 -0.284 -0.0861433
349 -44026.6 -46402.2 2375.57 0.01 0.0099984 0.1 0.099992 0.1 0 0 0.768635 -0.284425 -0.0860456
350 -44031 -46402.2 2371.21 0.01 0.0100015 0.1 0.100008 0.1 0 0 0.769948 -0.283905 -0.085457
351 -44052.1 -46402.2 2350.03 0.01 0.00999669 0.1 0.0999834 0.1 0 0 0.771058 -0.283299 -0.086637
352 -44063.3 -46402.2 2338.91 0.01 0.00999213 0.1 0.0999606 0.1 0 0 0.771944 -0.283434 -0.087042
353 -44054.2 -46402.2 2347.94 0.01 0.0100099 0.1 0.10005 0.1 0 0 0.772402 -0.283936 -0.0875966
354 -44069.8 -46402.2 2332.36 0.01 0.00999684 0.1 0.0999842 0.1 0 0 0.773442 -0.285418 -0.0873497
355 -44069.5 -46402.2 2332.64 0.01 0.0100024 0.1 0.100012 0.1 0 0 0.774183 -0.285402 -0.0857399
356 -44067.4 -46402.2 2334.79 0.01 0.0100034 0.1 0.100017 0.1 0 0 0.775223 -0.285377 -0.0858476
357 -44054.1 -46402.2 2348.06 0.01 0.00999172 0.1 0.0999586 0.1 0 0 0.775671 -0.285416 -0.0861229
358 -44047 -46402.2 2355.14 0.01 0.0100051 0.1 0.100026 0.1 0 0 0.77679 -0.285003 -0.0874264
359 -44071.5 -46402.2 2330.65 0.01 0.00999987 0.1 0.0999993 0.1 0 0 0.778132 -0.284255 -0.0868098
360 -44070.3 -46402.2 2331.84 0.01 0.0100018 0.1 0.100009 0.1 0 0 0.779311 -0.283357 -0.0874937
361 -44080.4 -46402.2 2321.79 0.01 0.00999711 0.1 0.0999856 0.1 0 0 0.780148 -0.282359 -0.0881165
362 -44087.2 -46402.2 2314.95 0.01 0.00999656 0.1 0.0999828 0.1 0 0 0.781707 -0.282347 -0.0886916
363 -44088.8 -46402.2 2313.39 0.01 0.00999801 0.1 0.0999901 0.1 0 0 0.78281 -0.282934 -0.0883727
364 -44094.9 -46402.2 2307.3 0.01 0.00999751 0.1 0.0999875 0.1 0 0 0.784254 -0.281744 -0.0884407
365 -44103.8 -46402.2 2298.4 0.01 0.0100003 0.1 0.100001 0.1 0 0 0.785814 -0.280644 -0.0876988
366 -44104.8 -46402.2 2297.39 0.01 0.00999833 0.1 0.0999916 0.1 0 0 0.785939 -0.28163 -0.086835
367 -44120.7 -46402.2 2281.44 0.01 0.00999991 0.1 0.0999996 0.1 0 0 0.787568 -0.281692 -0.0872069
368 -44125.7 -46402.2 2276.46 0.01 0.0100019 0.1 0.10001 0.1 0 0 0.788569 -0.282183 -0.0878539
369 -44140.8 -46402.2 2261.42 0.01 0.0100004 0.1 0.100002 0.1 0 0 0.789016 -0.282057 -0.0885872
370 -44144.4 -46402.2 2257.82 0.01 0.0100027 0.1 0.100014 0.1 0 0 0.790419 -0.282901 -0.0885522
371 -44137.9 -46402.2 2264.32 0.01 0.00999358 0.1 0.0999679 0.1 0 0 0.790825 -0.282237 -0.0887665
372 -44144.1 -46402.2 2258.11 0.01 0.0100068 0.1 0.100034 0.1 0 0 0.79178 -0.281072 -0.0891495
373 -44133.9 -46402.2 2268.3 0.01 0.00999289 0.1 0.0999644 0.1 0 0 0.792993 -0.28001 -0.0899475
374 -44146.3 -46402.2 2255.88 0.01 0.00999384 0.1 0.0999692 0.1 0 0 0.794327 -0.279335 -0.0889409
375 -44167.4 -46402.2 2234.8 0.01 0.00999908 0.1 0.0999954 0.1 0 0 0.794335 -0.279647 -0.0898825
376 -44144.2 -46402.2 2258 0.01 0.010008 0.1 0.10004 0.1 0 0 0.795078 -0.279503 -0.0901903
377 -44141.2 -46402.2 2260.93 0.01 0.00999392 0.1 0.0999696 0.1 0 0 0.796411 -0.279497 -0.0900364
378 -44143.1 -46402.2 2259.07 0.01 0.00999922 0.1 0.0999961 0.1 0 0 0.796633 -0.279636 -0.0904508
379 -44134.2 -46402.2 2267.97 0.01 0.010001 0.1 0.100005 0.1 0 0 0.79757 -0.279076 -0.0906944
380 -44156.6 -46402.2 2245.6 0.01 0.0099978 0.1 0.099989 0.1 0 0 0.798839 -0.280205 -0.0910921
381 -44167.1 -46402.2 2235.11 0.01 0.0100005 0.1 0.100002 0.1 0 0 0.79953 -0.280475 -0.0919987
382 -44173.7 -46402.2 2228.46 0.01 0.00999793 0.1 0.0999896 0.1 0 0 0.80006 -0.280371 -0.0913481
383 -44178.1 -46402.2 2224.09 0.01 0.0100001 0.1 0.100001 0.1 0 0 0.800656 -0.280904 -0.0910577
384 -44182.9 -46402.2 2219.3 0.01 0.010005 0.1 0.100025 0.1 0 0 0.80167 -0.280458 -0.0903066
385 -44188.2 -46402.2 2214.01 0.01 0.00999409 0.1 0.0999704 0.1 0 0 0.802683 -0.280615 -0.0904503
386 -44183.9 -46402.2 2218.29 0.01 0.0099916 0.1 0.099958 0.1 0 0 0.803457 -0.280877 -0.0890536
387 -44192.6 -46402.2 2209.53 0.01 0.0100066 0.1 0.100033 0.1 0 0 0.803828 -0.279854 -0.0900547
388 -44184.3 -46402.2 2217.88 0.01 0.00999982 0.1 0.0999991 0.1 0 0 0.804586 -0.279567 -0.0909777
389 -44179 -46402.2 2223.18 0.01 0.00999942 0.1 0.0999971 0.1 0 0 0.805211 -0.278912 -0.0910502
390 -44183.9 -46402.2 2218.3 0.01 0.00999472 0.1 0.0999736 0.1 0 0 0.806038 -0.279133 -0.0907436
391 -44172.9 -46402.2 2229.29 0.01 0.00999518 0.1 0.0999759 0.1 0 0 0.807281 -0.278314 -0.0903743
392 -44157.8 -46402.2 2244.33 0.01 0.0100036 0.1 0.100018 0.1 0 0 0.807792 -0.277624 -0.0904895
393 -44150.6 -46402.2 2251.55 0.01 0.0100013 0.1 0.100006 0.1 0 0 0.807843 -0.278265 -0.0901382
394 -44141.7 -46402.2 2260.46 0.01 0.00999964 0.1 0.0999982 0.1 0 0 0.807771 -0.279327 -0.0908844
395 -44143.6 -46402.2 2258.61 0.01 0.0100044 0.1 0.100022 0.1 0 0 0.808332 -0.278302 -0.0916669
396 -44160.9 -46402.2 2241.29 0.01 0.0100056 0.1 0.100028 0.1 0 0 0.809228 -0.277282 -0.09205
397 -44172.2 -46402.2 2229.99 0.01 0.00999304 0.1 0.0999652 0.1 0 0 0.809836 -0.277304 -0.0914012
398 -44189.7 -46402.2 2212.45 0.01 0.009992 0.1 0.09996 0.1 0 0 0.811243 -0.276511 -0.091403
399 -44177.3 -46402.2 2224.84 0.01 0.00999914 0.1 0.0999957 0.1 0 0 0.812002 -0.274939 -0.0919656
400 -44204.4 -46402.2 2197.76 0.01 0.0099987 0.1 0.0999935 0.1 0 0 0.813381 -0.273797 -0.0922891
401 -44194.3 -46402.2 2207.9 0.01 0.00999867 0.1 0.0999934 0.1 0 0 0.814187 -0.272727 -0.0928002
402 -44212.2 -46402.2 2189.97 0.01 0.00999737 0.1 0.0999869 0.1 0 0 0.815528 -0.272808 -0.0923106
403 -44215 -46402.2 2187.2 0.01 0.0100034 0.1 0.100017 0.1 0 0 0.816803 -0.272931 -0.0923085
404 -44196.7 -46402.2 2205.51 0.01 0.0100017 0.1 0.100008 0.1 0 0 0.816394 -0.273489 -0.0926603
405 -44213.7 -46402.2 2188.45 0.01 0.0100065 0.1 0.100032 0.1 0 0 0.816819 -0.273401 -0.0931476
406 -44212.6 -46402.2 2189.54 0.01 0.00999188 0.1 0.0999594 0.1 0 0 0.817511 -0.273723 -0.0936891
407 -44221.9 -46402.2 2180.23 0.01 0.0100034 0.1 0.100017 0.1 0 0 0.818087 -0.274097 -0.0938835
408 -44219.9 -46402.2 2182.32 0.01 0.0100005 0.1 0.100002 0.1 0 0 0.819036 -0.273404 -0.0930471
409 -44209.3 -46402.2 2192.88 0.01 0.00999296 0.1 0.0999648 0.1 0 0 0.819606 -0.27283 -0.09308
410 -44213.6 -46402.2 2188.56 0.01 0.0100035 0.1 0.100018 0.1 0 0 0.819801 -0.273849 -0.093035
411 -44222.6 -46402.2 2179.54 0.01 0.00999445 0.1 0.0999722 0.1 0 0 0.820536 -0.273827 -0.093208
412 -44233 -46402.2 2169.22 0.01 0.00999888 0.1 0.0999944 0.1 0 0 0.821811 -0.273625 -0.0919162
413 -44235.7 -46402.2 2166.46 0.01 0.00999546 0.1 0.0999773 0.1 0 0 0.822432 -0.27371 -0.0905591
414 -44229.4 -46402.2 2172.8 0.01 0.00999969 0.1 0.0999984 0.1 0 0 0.822613 -0.273427 -0.0914507
415 -44219.4 -46402.2 2182.78 0.01 0.010006 0.1 0.10003 0.1 0 0 0.822996 -0.273733 -0.0922375
416 -44209.3 -46402.2 2192.92 0.01 0.0099962 0.1 0.099981 0.1 0 0 0.822975 -0.273776 -0.0922043
417 -44224.9 -46402.2 2177.3 0.01 0.0100024 0.1 0.100012 0.1 0 0 0.823997 -0.273161 -0.0915676
418 -44214.5 -46402.2 2187.65 0.01 0.010001 0.1 0.100005 0.1 0 0 0.824002 -0.2739 -0.0918507
419 -44243 -46402.2 2159.22 0.01 0.0100061 0.1 0.100031 0.1 0 0 0.825278 -0.27421 -0.0929321
420 -44246.2 -46402.2 2155.93 0.01 0.0100001 0.1 0.100001 0.1 0 0 0.826691 -0.272473 -0.093519
421 -44257.6 -46402.2 2144.61 0.01 0.0100003 0.1 0.100002 0.1 0 0 0.827825 -0.272183 -0.0930461
422 -44248.5 -46402.2 2153.66 0.01 0.0100035 0.1 0.100018 0.1 0 0 0.828698 -0.2705 -0.0916234
423 -44275.7 -46402.2 2126.51 0.01 0.0100048 0.1 0.100024 0.1 0 0 0.830259 -0.269962 -0.09109
424 -44259.7 -46402.2 2142.5 0.01 0.00999554 0.1 0.0999777 0.1 0 0 0.830877 -0.269302 -0.0911548
425 -44268.6 -46402.2 2133.62 0.01 0.00999898 0.1 0.0999949 0.1 0 0 0.831834 -0.269003 -0.0905428
426 -44288.9 -46402.2 2113.32 0.01 0.0100039 0.1 0.10002 0.1 0 0 0.832201 -0.269497 -0.0898133
427 -44307.7 -46402.2 2094.44 0.01 0.0100017 0.1 0.100008 0.1 0 0 0.833246 -0.268861 -0.091397
428 -44307.4 -46402.2 2094.78 0.01 0.00999356 0.1 0.0999678 0.1 0 0 0.833976 -0.268489 -0.0910236
429 -44304.6 -46402.2 2097.6 0.01 0.0100033 0.1 0.100017 0.1 0 0 0.835128 -0.267433 -0.0911716
430 -44310 -46402.2 2092.14 0.01 0.009997 0.1 0.099985 0.1 0 0 0.836013 -0.267622 -0.0910803
431 -44311.2 -46402.2 2091 0.01 0.00999847 0.1 0.0999923 0.1 0 0 0.835876 -0.268025 -0.0912526
432 -44308 -46402.2 2094.14 0.01 0.0100033 0.1 0.100016 0.1 0 0 0.836494 -0.267232 -0.0903415
433 -44277.5 -46402.2 2124.67 0.01 0.00999675 0.1 0.0999838 0.1 0 0 0.836388 -0.267467 -0.0912396
434 -44292.6 -46402.2 2109.57 0.01 0.0100014 0.1 0.100007 0.1 0 0 0.837617 -0.267431 -0.0921028
435 -44290.2 -46402.2 2111.99 0.01 0.0100052 0.1 0.100026 0.1 0 0 0.838809 -0.26542 -0.0906535
436 -44253.9 -46402.2 2148.29 0.01 0.0100021 0.1 0.100011 0.1 0 0 0.839065 -0.264895 -0.0911177
437 -44271.8 -46402.2 2130.34 0.01 0.0100026 0.1 0.100013 0.1 0 0 0.839238 -0.265574 -0.0923763
438 -44278.3 -46402.2 2123.89 0.01 0.010004 0.1 0.10002 0.1 0 0 0.839836 -0.264743 -0.0907215
439 -44272.3 -46402.2 2129.92 0.01 0.00999878 0.1 0.0999939 0.1 0 0 0.840602 -0.264066 -0.0907983
440 -44269.4 -46402.2 2132.73 0.01 0.00999403 0.1 0.0999701 0.1 0 0 0.84093 -0.264414 -0.0915685
441 -44269.6 -46402.2 2132.6 0.01 0.0099935 0.1 0.0999675 0.1 0 0 0.841855 -0.263364 -0.0898674
442 -44261.4 -46402.2 2140.77 0.01 0.00999649 0.1 0.0999825 0.1 0 0 0.842512 -0.262743 -0.0898139
443 -44250.3 -46402.2 2151.88 0.01 0.010001 0.1 0.100005 0.1 0 0 0.842839 -0.263125 -0.0892617
444 -44281.1 -46402.2 2121.08 0.01 0.0100082 0.1 0.100041 0.1 0 0 0.843283 -0.263416 -0.0895412
445 -44286.6 -46402.2 2115.57 0.01 0.00999713 0.1 0.0999857 0.1 0 0 0.843782 -0.26346 -0.0894918
446 -44291.7 -46402.2 2110.47 0.01 0.0100047 0.1 0.100023 0.1 0 0 0.844404 -0.262513 -0.0904461
447 -44299.3 -46402.2 2102.84 0.01 0.0100049 0.1 0.100024 0.1 0 0 0.844954 -0.262061 -0.0894678
448 -44309.3 -46402.2 2092.84 0.01 0.0100018 0.1 0.100009 0.1 0 0 0.846136 -0.261797 -0.088993
449 -44298.1 -46402.2 2104.11 0.01 0.0099983 0.1 0.0999915 0.1 0 0 0.846993 -0.261084 -0.0886046
450 -44340 -46402.2 2062.13 0.01 0.0100001 0.1 0.1 0.1 0 0 0.848189 -0.261441 -0.0891232
451 -44329.9 -46402.2 2072.3 0.01 0.0100048 0.1 0.100024 0.1 0 0 0.848505 -0.26193 -0.088604
452 -44317.4 -46402.2 2084.77 0.01 0.00999984 0.1 0.0999992 0.1 0 0 0.848927 -0.261308 -0.0884441
453 -44311.9 -46402.2 2090.31 0.01 0.00999804 0.1 0.0999902 0.1 0 0 0.849561 -0.260882 -0.088004
454 -44287.9 -46402.2 2114.32 0.01 0.010005 0.1 0.100025 0.1 0 0 0.850178 -0.260212 -0.0883105
455 -44292.9 -46402.2 2109.29 0.01 0.0100039 0.1 0.100019 0.1 0 0 0.850802 -0.260024 -0.0882148
456 -44302 -46402.2 2100.13 0.01 0.0100049 0.1 0.100024 0.1 0 0 0.8516 -0.261326 -0.0886001
457 -44319.6 -46402.2 2082.53 0.01 0.00999727 0.1 0.0999864 0.1 0 0 0.852362 -0.26154 -0.0881889
458 -44334 -46402.2 2068.2 0.01 0.00999997 0.1 0.0999998 0.1 0 0 0.852495 -0.261592 -0.0895409
459 -44330 -46402.2 2072.14 0.01 0.0099993 0.1 0.0999965 0.1 0 0 0.853591 -0.260132 -0.0896287
460 -44325.7 -46402.2 2076.45 0.01 0.00999926 0.1 0.0999963 0.1 0 0 0.853905 -0.260323 -0.0891211
461 -44320.3 -46402.2 2081.87 0.01 0.00999903 0.1 0.0999951 0.1 0 0 0.853823 -0.259201 -0.08919
462 -44315.9 -46402.2 2086.29 0.01 0.0100001 0.1 0.1 0.1 0 0 0.854263 -0.260195 -0.0888077
463 -44313.3 -46402.2 2088.88 0.01 0.00999773 0.1 0.0999886 0.1 0 0 0.854373 -0.259837 -0.0895208
464 -44315.8 -46402.2 2086.43 0.01 0.00999948 0.1 0.0999974 0.1 0 0 0.854676 -0.260029 -0.0896334
465 -44330.9 -46402.2 2071.31 0.01 0.00999323 0.1 0.0999661 0.1 0 0 0.854739 -0.2604 -0.0890577
466 -44317.1 -46402.2 2085.05 0.01 0.0100007 0.1 0.100004 0.1 0 0 0.855619 -0.26028 -0.0884012
467 -44317.6 -46402.2 2084.61 0.01 0.00999634 0.1 0.0999817 0.1 0 0 0.855253 -0.260805 -0.0881937
468 -44330.2 -46402.2 2072.02 0.01 0.00999723 0.1 0.0999861 0.1 0 0 0.855849 -0.260651 -0.0883247
469 -44328.1 -46402.2 2074.09 0.01 0.00999663 0.1 0.0999831 0.1 0 0 0.856649 -0.260332 -0.0882422
470 -44330 -46402.2 2072.17 0.01 0.010008 0.1 0.10004 0.1 0 0 0.857242 -0.260696 -0.0882453
471 -44327 -46402.2 2075.21 0.01 0.0100005 0.1 0.100003 0.1 0 0 0.857817 -0.260166 -0.087834
472 -44343 -46402.2 2059.21 0.01 0.00998873 0.1 0.0999436 0.1 0 0 0.858034 -0.260864 -0.087639
473 -44337.2 -46402.2 2064.96 0.01 0.00999928 0.1 0.0999964 0.1 0 0 0.858414 -0.261432 -0.0877893
474 -44333.7 -46402.2 2068.43 0.01 0.0099962 0.1 0.099981 0.1 0 0 0.858627 -0.25992 -0.0880231
475 -44325.6 -46402.2 2076.54 0.01 0.0100015 0.1 0.100008 0.1 0 0 0.858669 -0.260089 -0.0887078
476 -44326.9 -46402.2 2075.24 0.01 0.00999749 0.1 0.0999874 0.1 0 0 0.858946 -0.260185 -0.0883218
477 -44325.1 -46402.2 2077.04 0.01 0.00999805 0.1 0.0999902 0.1 0 0 0.859383 -0.259877 -0.0884096
478 -44342.8 -46402.2 2059.42 0.01 0.0100049 0.1 0.100025 0.1 0 0 0.860302 -0.259116 -0.0885037
479 -44335.4 -46402.2 2066.74 0.01 0.00999941 0.1 0.0999971 0.1 0 0 0.860934 -0.258443 -0.0891859
480 -44334.2 -46402.2 2067.99 0.01 0.0100103 0.1 0.100051 0.1 0 0 0.860874 -0.258614 -0.0895846
481 -44320.4 -46402.2 2081.73 0.01 0.0100002 0.1 0.100001 0.1 0 0 0.861747 -0.258304 -0.0884238
482 -44313.6 -46402.2 2088.54 0.01 0.00999741 0.1 0.0999871 0.1 0 0 0.861605 -0.258474 -0.0872203
483 -44313.1 -46402.2 2089.04 0.01 0.00999931 0.1 0.0999965 0.1 0 0 0.862044 -0.258301 -0.0875338
484 -44310.2 -46402.2 2091.95 0.01 0.00999451 0.1 0.0999725 0.1 0 0 0.862329 -0.258262 -0.0890977
485 -44329.6 -46402.2 2072.58 0.01 0.00999595 0.1 0.0999797 0.1 0 0 0.86321 -0.257857 -0.08992
486 -44344.3 -46402.2 2057.86 0.01 0.0100011 0.1 0.100005 0.1 0 0 0.863555 -0.257901 -0.0906169
487 -44334 -46402.2 2068.22 0.01 0.00999793 0.1 0.0999896 0.1 0 0 0.864192 -0.257176 -0.0898021
488 -44341.8 -46402.2 2060.41 0.01 0.0099936 0.1 0.099968 0.1 0 0 0.865262 -0.257532 -0.0891376
489 -44358.5 -46402.2 2043.71 0.01 0.0100056 0.1 0.100028 0.1 0 0 0.865674 -0.258478 -0.0898933
490 -44352.9 -46402.2 2049.25 0.01 0.00999489 0.1 0.0999744 0.1 0 0 0.866882 -0.257411 -0.088835
491 -44365.9 -46402.2 2036.28 0.01 0.00999974 0.1 0.0999987 0.1 0 0 0.867148 -0.258309 -0.0890149
492 -44352.6 -46402.2 2049.58 0.01 0.0100002 0.1 0.100001 0.1 0 0 0.867261 -0.258313 -0.0901758
493 -44348.7 -46402.2 2053.51 0.01 0.0100013 0.1 0.100006 0.1 0 0 0.867513 -0.257835 -0.0907659
494 -44325 -46402.2 2077.16 0.01 0.0099983 0.1 0.0999915 0.1 0 0 0.867617 -0.257066 -0.0913017
495 -44315.4 -46402.2 2086.8 0.01 0.00999895 0.1 0.0999947 0.1 0 0 0.868087 -0.256076 -0.0915159
496 -44337.6 -46402.2 2064.54 0.01 0.0100143 0.1 0.100072 0.1 0 0 0.868809 -0.256498 -0.0914203
497 -44354.3 -46402.2 2047.9 0.01 0.0100005 0.1 0.100003 0.1 0 0 0.869218 -0.256696 -0.090588
498 -44338.5 -46402.2 2063.72 0.01 0.0100014 0.1 0.100007 0.1 0 0 0.869258 -0.256706 -0.0911853
499 -44346 -46402.2 2056.16 0.01 0.00998933 0.1 0.0999466 0.1 0 0 0.870313 -0.256118 -0.0893974
500 -44369.2 -46402.2 2033 0.01 0.009998 0.1 0.09999 0.1 0 0 0.871077 -0.25659 -0.089826
501 -44382 -46402.2 2020.15 0.01 0.0100007 0.1 0.100004 0.1 0 0 0.87199 -0.255907 -0.0902387
502 -44370.9 -46402.2 2031.32 0.01 0.0100008 0.1 0.100004 0.1 0 0 0.872012 -0.255691 -0.0886252
503 -44367.4 -46402.2 2034.81 0.01 0.0099986 0.1 0.099993 0.1 0 0 0.872496 -0.25496 -0.0889466
504 -44371.6 -46402.2 2030.62 0.01 0.0099991 0.1 0.0999955 0.1 0 0 0.873487 -0.253779 -0.0892341
505 -44378.8 -46402.2 2023.36 0.01 0.00999562 0.1 0.0999781 0.1 0 0 0.873929 -0.253791 -0.0884807
506 -44388.1 -46402.2 2014.06 0.01 0.0100075 0.1 0.100038 0.1 0 0 0.87467 -0.252779 -0.0874818
507 -44395.8 -46402.2 2006.39 0.01 0.00999925 0.1 0.0999963 0.1 0 0 0.875126 -0.251681 -0.0872414
508 -44394.1 -46402.2 2008.04 0.01 0.0100022 0.1 0.100011 0.1 0 0 0.875998 -0.250962 -0.0870138
509 -44370.6 -46402.2 2031.55 0.01 0.00999179 0.1 0.0999589 0.1 0 0 0.875849 -0.25162 -0.0871153
510 -44368.9 -46402.2 2033.32 0.01 0.0100037 0.1 0.100019 0.1 0 0 0.876341 -0.251601 -0.0890538
511 -44361.6 -46402.2 2040.62 0.01 0.00999878 0.1 0.0999939 0.1 0 0 0.876552 -0.252415 -0.0892882
512 -44365.2 -46402.2 2036.93 0.01 0.00999593 0.1 0.0999796 0.1 0 0 0.876769 -0.252894 -0.088853
513 -44381.4 -46402.2 2020.75 0.01 0.0100047 0.1 0.100024 0.1 0 0 0.877252 -0.25301 -0.0878216
514 -44413.2 -46402.2 1988.94 0.01 0.01 0.1 0.1 0.1 0 0 0.878305 -0.252412 -0.0866946
515 -44402.4 -46402.2 1999.73 0.01 0.010008 0.1 0.10004 0.1 0 0 0.87862 -0.252007 -0.0873648
516 -44419.8 -46402.2 1982.36 0.01 0.00999552 0.1 0.0999776 0.1 0 0 0.879475 -0.250201 -0.0876396
517 -44411.1 -46402.2 1991.05 0.01 0.00999228 0.1 0.0999614 0.1 0 0 0.880023 -0.249756 -0.0877175
518 -44395.2 -46402.2 2006.93 0.01 0.0099983 0.1 0.0999915 0.1 0 0 0.880095 -0.249923 -0.0883505
519 -44389.1 -46402.2 2013.03 0.01 0.0099981 0.1 0.0999905 0.1 0 0 0.880694 -0.249341 -0.0876494
520 -44390.5 -46402.2 2011.69 0.01 0.0100033 0.1 0.100017 0.1 0 0 0.881088 -0.248451 -0.0887789
521 -44384.2 -46402.2 2017.98 0.01 0.0100099 0.1 0.100049 0.1 0 0 0.881335 -0.248987 -0.0875873
522 -44392.5 -46402.2 2009.66 0.01 0.0100091 0.1 0.100045 0.1 0 0 0.881986 -0.248267 -0.0883695
523 -44388.2 -46402.2 2014.02 0.01 0.00999828 0.1 0.0999914 0.1 0 0 0.881661 -0.249021 -0.0882214
524 -44387.7 -46402.2 2014.45 0.01 0.00999777 0.1 0.0999889 0.1 0 0 0.881789 -0.249299 -0.0882985
525 -44417.3 -46402.2 1984.87 0.01 0.00999964 0.1 0.0999982 0.1 0 0 0.882656 -0.2493 -0.0877332
526 -44401.2 -46402.2 2000.96 0.01 0.00999652 0.1 0.0999826 0.1 0 0 0.882964 -0.249371 -0.0877057
527 -44396.6 -46402.2 2005.57 0.01 0.00999284 0.1 0.0999642 0.1 0 0 0.883533 -0.24807 -0.0872677
528 -44386.7 -46402.2 2015.47 0.01 0.0100085 0.1 0.100042 0.1 0 0 0.883948 -0.247622 -0.0869769
529 -44402.8 -46402.2 1999.33 0.01 0.0100063 0.1 0.100032 0.1 0 0 0.885108 -0.245973 -0.0871922
530 -44397.4 -46402.2 2004.73 0.01 0.0100082 0.1 0.100041 0.1 0 0 0.886022 -0.244345 -0.0864675
531 -44389.6 -46402.2 2012.54 0.01 0.0100035 0.1 0.100017 0.1 0 0 0.88622 -0.24487 -0.0869332
532 -44401.8 -46402.2 2000.34 0.01 0.0099978 0.1 0.099989 0.1 0 0 0.886423 -0.245067 -0.0870806
533 -44396.2 -46402.2 2005.96 0.01 0.00998918 0.1 0.0999459 0.1 0 0 0.886932 -0.244308 -0.0874529
534 -44414 -46402.2 1988.21 0.01 0.010003 0.1 0.100015 0.1 0 0 0.887509 -0.24322 -0.087824
535 -44402.6 -46402.2 1999.54 0.01 0.0100031 0.1 0.100016 0.1 0 0 0.887831 -0.243228 -0.0880998
536 -44428.7 -46402.2 1973.51 0.01 0.0100038 0.1 0.100019 0.1 0 0 0.888393 -0.242426 -0.0878911
537 -44432.6 -46402.2 1969.57 0.01 0.00999304 0.1 0.0999652 0.1 0 0 0.888872 -0.241806 -0.0868296
538 -44426.6 -46402.2 1975.55 0.01 0.0100065 0.1 0.100033 0.1 0 0 0.889291 -0.2425 -0.0855136
539 -44419 -46402.2 1983.18 0.01 0.00999647 0.1 0.0999824 0.1 0 0 0.888898 -0.24404 -0.0866486
540 -44409.6 -46402.2 1992.6 0.01 0.0100047 0.1 0.100023 0.1 0 0 0.88884 -0.24363 -0.0874389
541 -44415.6 -46402.2 1986.58 0.01 0.00999345 0.1 0.0999672 0.1 0 0 0.888983 -0.244784 -0.0878788
542 -44420.4 -46402.2 1981.77 0.01 0.0100029 0.1 0.100014 0.1 0 0 0.88929 -0.245162 -0.0876116
543 -44418.6 -46402.2 1983.56 0.01 0.0100021 0.1 0.100011 0.1 0 0 0.889701 -0.245336 -0.0869126
544 -44414.1 -46402.2 1988.07 0.01 0.00999053 0.1 0.0999527 0.1 0 0 0.889993 -0.244916 -0.0864368
545 -44418.2 -46402.2 1983.93 0.01 0.0100039 0.1 0.10002 0.1 0 0 0.89027 -0.244178 -0.0867106
546 -44409.8 -46402.2 1992.4 0.01 0.0100018 0.1 0.100009 0.1 0 0 0.890757 -0.243585 -0.0858013
547 -44410 -46402.2 1992.16 0.01 0.0100026 0.1 0.100013 0.1 0 0 0.891021 -0.243089 -0.0859569
548 -44415.6 -46402.2 1986.57 0.01 0.00999645 0.1 0.0999823 0.1 0 0 0.891504 -0.242046 -0.0875355
549 -44420 -46402.2 1982.13 0.01 0.010001 0.1 0.100005 0.1 0 0 0.892434 -0.24137 -0.0861221
550 -44423.6 -46402.2 1978.59 0.01 0.00999428 0.1 0.0999714 0.1 0 0 0.892346 -0.242313 -0.0872811
551 -44440.3 -46402.2 1961.84 0.01 0.00999843 0.1 0.0999921 0.1 0 0 0.892916 -0.24259 -0.0875866
552 -44448.1 -46402.2 1954.05 0.01 0.0099933 0.1 0.0999665 0.1 0 0 0.89358 -0.242383 -0.0867977
553 -44446.1 -46402.2 1956.11 0.01 0.00999822 0.1 0.0999911 0.1 0 0 0.893562 -0.242629 -0.0854046
554 -44442.6 -46402.2 1959.58 0.01 0.00999768 0.1 0.0999884 0.1 0 0 0.893811 -0.241813 -0.0851554
555 -44432.7 -46402.2 1969.46 0.01 0.0100016 0.1 0.100008 0.1 0 0 0.893893 -0.241247 -0.0848458
556 -44432.3 -46402.2 1969.83 0.01 0.00999766 0.1 0.0999883 0.1 0 0 0.894789 -0.240079 -0.0850359
557 -44409.6 -46402.2 1992.62 0.01 0.00999402 0.1 0.0999701 0.1 0 0 0.894885 -0.238751 -0.0845322
558 -44412.7 -46402.2 1989.47 0.01 0.00999417 0.1 0.0999708 0.1 0 0 0.895433 -0.237062 -0.084829
559 -44432.7 -46402.2 1969.48 0.01 0.0100038 0.1 0.100019 0.1 0 0 0.896438 -0.23539 -0.0844313
560 -44435.3 -46402.2 1966.85 0.01 0.00999944 0.1 0.0999972 0.1 0 0 0.896802 -0.234961 -0.0848623
561 -44410.9 -46402.2 1991.25 0.01 0.0100058 0.1 0.100029 0.1 0 0 0.89638 -0.235146 -0.0855901
562 -44418.1 -46402.2 1984.06 0.01 0.0100071 0.1 0.100035 0.1 0 0 0.897303 -0.234152 -0.0841595
563 -44410.9 -46402.2 1991.31 0.01 0.0100055 0.1 0.100027 0.1 0 0 0.897501 -0.233633 -0.085261
564 -44416.6 -46402.2 1985.56 0.01 0.00999222 0.1 0.0999611 0.1 0 0 0.897838 -0.233438 -0.0841741
565 -44420.6 -46402.2 1981.57 0.01 0.00999636 0.1 0.0999818 0.1 0 0 0.898545 -0.233005 -0.0825141
566 -44423.8 -46402.2 1978.4 0.01 0.0099976 0.1 0.099988 0.1 0 0 0.898961 -0.233481 -0.0818427
567 -44430.6 -46402.2 1971.59 0.01 0.0099945 0.1 0.0999725 0.1 0 0 0.899387 -0.233026 -0.0811999
568 -44441.8 -46402.2 1960.4 0.01 0.0100015 0.1 0.100007 0.1 0 0 0.899129 -0.233182 -0.0810706
569 -44445.7 -46402.2 1956.51 0.01 0.0100013 0.1 0.100007 0.1 0 0 0.89955 -0.232345 -0.0798847
570 -44442.2 -46402.2 1960 0.01 0.0100071 0.1 0.100036 0.1 0 0 0.900145 -0.231837 -0.0790801
571 -44441.3 -46402.2 1960.88 0.01 0.0100044 0.1 0.100022 0.1 0 0 0.900622 -0.232148 -0.0794748
572 -44461.4 -46402.2 1940.73 0.01 0.00999955 0.1 0.0999978 0.1 0 0 0.900957 -0.232391 -0.0800725
573 -44463.6 -46402.2 1938.61 0.01 0.00999451 0.1 0.0999725 0.1 0 0 0.901668 -0.232833 -0.0797225
574 -44454.8 -46402.2 1947.35 0.01 0.0100068 0.1 0.100034 0.1 0 0 0.901601 -0.232356 -0.0799479
575 -44458.8 -46402.2 1943.41 0.01 0.009998 0.1 0.09999 0.1 0 0 0.902164 -0.232732 -0.0797747
576 -44445.1 -46402.2 1957.09 0.01 0.0100082 0.1 0.100041 0.1 0 0 0.902316 -0.232621 -0.0800619
577 -44445.9 -46402.2 1956.27 0.01 0.009999 0.1 0.099995 0.1 0 0 0.903117 -0.2306 -0.0791301
578 -44434 -46402.2 1968.16 0.01 0.00999905 0.1 0.0999952 0.1 0 0 0.903234 -0.228609 -0.0785077
579 -44449.1 -46402.2 1953.05 0.01 0.0099966 0.1 0.099983 0.1 0 0 0.903712 -0.228433 -0.0772049
580 -44431.1 -46402.2 1971.11 0.01 0.0100016 0.1 0.100008 0.1 0 0 0.903895 -0.227319 -0.0765696
581 -44456.7 -46402.2 1945.49 0.01 0.00999663 0.1 0.0999831 0.1 0 0 0.904628 -0.227187 -0.0764395
582 -44462.3 -46402.2 1939.84 0.01 0.00999517 0.1 0.0999758 0.1 0 0 0.904774 -0.227138 -0.0767717
583 -44454.1 -46402.2 1948.07 0.01 0.0100036 0.1 0.100018 0.1 0 0 0.904737 -0.228198 -0.0770709
584 -44454.5 -46402.2 1947.64 0.01 0.00999767 0.1 0.0999883 0.1 0 0 0.90481 -0.228561 -0.0767028
585 -44461.9 -46402.2 1940.29 0.01 0.00999409 0.1 0.0999705 0.1 0 0 0.904762 -0.228927 -0.0761605
586 -44484.7 -46402.2 1917.52 0.01 0.00999652 0.1 0.0999826 0.1 0 0 0.905054 -0.228698 -0.0761076
587 -44491.4 -46402.2 1910.74 0.01 0.0100056 0.1 0.100028 0.1 0 0 0.90531 -0.228523 -0.0767061
588 -44506.4 -46402.2 1895.73 0.01 0.0100016 0.1 0.100008 0.1 0 0 0.905268 -0.229932 -0.0760142
589 -44483.1 -46402.2 1919.07 0.01 0.00999443 0.1 0.0999721 0.1 0 0 0.904838 -0.230621 -0.0767093
590 -44487.9 -46402.2 1914.26 0.01 0.00999919 0.1 0.099996 0.1 0 0 0.904896 -0.231128 -0.0759362
591 -44507.5 -46402.2 1894.69 0.01 0.0100002 0.1 0.100001 0.1 0 0 0.905256 -0.23112 -0.0755666
592 -44494.1 -46402.2 1908.09 0.01 0.0100031 0.1 0.100016 0.1 0 0 0.905851 -0.231302 -0.075368
593 -44481.3 -46402.2 1920.84 0.01 0.0100008 0.1 0.100004 0.1 0 0 0.905656 -0.231167 -0.0749734
594 -44468.1 -46402.2 1934.1 0.01 0.0100006 0.1 0.100003 0.1 0 0 0.90536 -0.232041 -0.074682
595 -44457.3 -46402.2 1944.87 0.01 0.00999561 0.1 0.0999781 0.1 0 0 0.90549 -0.230693 -0.0752605
596 -44457 -46402.2 1945.14 0.01 0.0100032 0.1 0.100016 0.1 0 0 0.905866 -0.230288 -0.0742864
597 -44455.2 -46402.2 1947.02 0.01 0.00999661 0.1 0.0999831 0.1 0 0 0.906584 -0.228409 -0.0732703
598 -44448 -46402.2 1954.17 0.01 0.00999803 0.1 0.0999901 0.1 0 0 0.907133 -0.226532 -0.0726499
599 -44409.2 -46402.2 1992.94 0.01 0.00999663 0.1 0.0999832 0.1 0 0 0.906919 -0.225292 -0.0734122
600 -44409 -46402.2 1993.21 0.01 0.00999442 0.1 0.0999721 0.1 0 0 0.907699 -0.223122 -0.0731338
601 -44425.2 -46402.2 1977.02 0.01 0.0100088 0.1 0.100044 0.1 0 0 0.908003 -0.222887 -0.0717711
602 -44439.3 -46402.2 1962.85 0.01 0.0100008 0.1 0.100004 0.1 0 0 0.908058 -0.223076 -0.0718392
603 -44456.2 -46402.2 1945.98 0.01 0.0099998 0.1 0.099999 0.1 0 0 0.908496 -0.221742 -0.0720586
604 -44462 -46402.2 1940.16 0.01 0.00999836 0.1 0.0999918 0.1 0 0 0.909057 -0.220726 -0.0721939
605 -44481.2 -46402.2 1920.98 0.01 0.0100056 0.1 0.100028 0.1 0 0 0.909768 -0.219865 -0.073662
606 -44463.6 -46402.2 1938.58 0.01 0.0099902 0.1 0.099951 0.1 0 0 0.910263 -0.22006 -0.0735712
607 -44458.1 -46402.2 1944.12 0.01 0.0100057 0.1 0.100029 0.1 0 0 0.910184 -0.219559 -0.073279
608 -44447.8 -46402.2 1954.39 0.01 0.00999211 0.1 0.0999606 0.1 0 0 0.910211 -0.219349 -0.0736952
609 -44464.9 -46402.2 1937.26 0.01 0.010002 0.1 0.10001 0.1 0 0 0.911024 -0.218941 -0.0741361
610 -44468.2 -46402.2 1934.02 0.01 0.00999957 0.1 0.0999978 0.1 0 0 0.911695 -0.217395 -0.0737355
611 -44463.3 -46402.2 1938.85 0.01 0.0100071 0.1 0.100036 0.1 0 0 0.912262 -0.216853 -0.0731683
612 -44460.5 -46402.2 1941.72 0.01 0.00999903 0.1 0.0999952 0.1 0 0 0.912486 -0.217252 -0.0730695
613 -44449.3 -46402.2 1952.92 0.01 0.0100031 0.1 0.100015 0.1 0 0 0.912909 -0.216153 -0.0727522
614 -44446.1 -46402.2 1956.11 0.01 0.01 0.1 0.1 0.1 0 0 0.913263 -0.216249 -0.0720927
615 -44444.1 -46402.2 1958.12 0.01 0.0100003 0.1 0.100001 0.1 0 0 0.913988 -0.215168 -0.0715172
616 -44459.5 -46402.2 1942.7 0.01 0.0100037 0.1 0.100019 0.1 0 0 0.914594 -0.215422 -0.0712364
617 -44467.4 -46402.2 1934.77 0.01 0.0100001 0.1 0.100001 0.1 0 0 0.914987 -0.215413 -0.0708979
618 -44478.8 -46402.2 1923.38 0.01 0.00999687 0.1 0.0999843 0.1 0 0 0.915839 -0.214311 -0.0710876
619 -44478.4 -46402.2 1923.8 0.01 0.00999389 0.1 0.0999694 0.1 0 0 0.916169 -0.213992 -0.0717665
620 -44473.1 -46402.2 1929.07 0.01 0.00999377 0.1 0.0999689 0.1 0 0 0.916534 -0.213686 -0.0719049
621 -44461 -46402.2 1941.21 0.01 0.010001 0.1 0.100005 0.1 0 0 0.916305 -0.213612 -0.0714095
622 -44471 -46402.2 1931.17 0.01 0.0100028 0.1 0.100014 0.1 0 0 0.916971 -0.213392 -0.0719861
623 -44463.9 -46402.2 1938.26 0.01 0.00999545 0.1 0.0999772 0.1 0 0 0.917569 -0.211854 -0.0718133
624 -44463.7 -46402.2 1938.5 0.01 0.00999192 0.1 0.0999596 0.1 0 0 0.917653 -0.212564 -0.0710937
625 -44462.3 -46402.2 1939.92 0.01 0.0100054 0.1 0.100027 0.1 0 0 0.917547 -0.21318 -0.0710253
626 -44472 -46402.2 1930.16 0.01 0.0100013 0.1 0.100007 0.1 0 0 0.91821 -0.211508 -0.0704317
627 -44468.7 -46402.2 1933.46 0.01 0.00999716 0.1 0.0999858 0.1 0 0 0.91825 -0.211835 -0.0707435
628 -44456.5 -46402.2 1945.65 0.01 0.0100026 0.1 0.100013 0.1 0 0 0.9185 -0.211211 -0.0707351
629 -44450.8 -46402.2 1951.38 0.01 0.00999813 0.1 0.0999906 0.1 0 0 0.9182 -0.21078 -0.0708959
630 -44457.5 -46402.2 1944.69 0.01 0.00999837 0.1 0.0999919 0.1 0 0 0.91895 -0.210199 -0.0700556
631 -44472.3 -46402.2 1929.83 0.01 0.0100068 0.1 0.100034 0.1 0 0 0.919355 -0.209968 -0.0696902
632 -44478.4 -46402.2 1923.78 0.01 0.0100116 0.1 0.100058 0.1 0 0 0.919696 -0.209017 -0.0688173
633 -44486.7 -46402.2 1915.5 0.01 0.00999362 0.1 0.0999681 0.1 0 0 0.919696 -0.209283 -0.0694068
634 -44487.7 -46402.2 1914.46 0.01 0.0100077 0.1 0.100038 0.1 0 0 0.919941 -0.209651 -0.0686228
635 -44487.4 -46402.2 1914.75 0.01 0.00999788 0.1 0.0999894 0.1 0 0 0.920091 -0.208614 -0.0694828
636 -44497.1 -46402.2 1905.11 0.01 0.00999621 0.1 0.099981 0.1 0 0 0.920367 -0.207929 -0.0689537
637 -44492.7 -46402.2 1909.45 0.01 0.00999196 0.1 0.0999598 0.1 0 0 0.920977 -0.207074 -0.067241
638 -44481 -46402.2 1921.14 0.01 0.00999395 0.1 0.0999697 0.1 0 0 0.920461 -0.207644 -0.067211
639 -44484.1 -46402.2 1918.08 0.01 0.00999827 0.1 0.0999914 0.1 0 0 0.920872 -0.208043 -0.0676024
640 -44478.2 -46402.2 1924.02 0.01 0.00999602 0.1 0.0999801 0.1 0 0 0.921027 -0.208097 -0.0673415
641 -44465.1 -46402.2 1937.12 0.01 0.0100068 0.1 0.100034 0.1 0 0 0.921151 -0.207804 -0.0680921
642 -44482.3 -46402.2 1919.84 0.01 0.00999512 0.1 0.0999756 0.1 0 0 0.92166 -0.207293 -0.0686972
643 -44474.5 -46402.2 1927.71 0.01 0.00999364 0.1 0.0999682 0.1 0 0 0.922038 -0.206398 -0.067882
644 -44496.4 -46402.2 1905.82 0.01 0.010003 0.1 0.100015 0.1 0 0 0.922404 -0.205657 -0.0683645
645 -44499.8 -46402.2 1902.42 0.01 0.00999831 0.1 0.0999916 0.1 0 0 0.922642 -0.204841 -0.068956
646 -44493.7 -46402.2 1908.49 0.01 0.00999785 0.1 0.0999892 0.1 0 0 0.922946 -0.203599 -0.0685618
647 -44497 -46402.2 1905.19 0.01 0.0100085 0.1 0.100043 0.1 0 0 0.923239 -0.202716 -0.0688184
648 -44493.2 -46402.2 1908.96 0.01 0.0100041 0.1 0.10002 0.1 0 0 0.92331 -0.202061 -0.069381
649 -44490 -46402.2 1912.2 0.01 0.00999677 0.1 0.0999839 0.1 0 0 0.923168 -0.202627 -0.0703316
650 -44498 -46402.2 1904.22 0.01 0.0100053 0.1 0.100027 0.1 0 0 0.923754 -0.201751 -0.0692555
651 -44480 -46402.2 1922.21 0.01 0.0100002 0.1 0.100001 0.1 0 0 0.923264 -0.202514 -0.0692617
652 -44471.5 -46402.2 1930.7 0.01 0.0100022 0.1 0.100011 0.1 0 0 0.923566 -0.201713 -0.070202
653 -44484 -46402.2 1918.2 0.01 0.00999921 0.1 0.099996 0.1 0 0 0.92427 -0.202157 -0.0696418
654 -44469.9 -46402.2 1932.3 0.01 0.00999713 0.1 0.0999857 0.1 0 0 0.924559 -0.201263 -0.0676919
655 -44469 -46402.2 1933.22 0.01 0.00998921 0.1 0.099946 0.1 0 0 0.924892 -0.199957 -0.0675089
656 -44464.4 -46402.2 1937.8 0.01 0.010002 0.1 0.10001 0.1 0 0 0.924619 -0.199919 -0.0672632
657 -44489.4 -46402.2 1912.74 0.01 0.00999868 0.1 0.0999934 0.1 0 0 0.924881 -0.200016 -0.0662502
658 -44488.1 -46402.2 1914.05 0.01 0.00999992 0.1 0.0999996 0.1 0 0 0.924936 -0.20019 -0.0681158
659 -44490.8 -46402.2 1911.4 0.01 0.0100007 0.1 0.100003 0.1 0 0 0.925088 -0.199678 -0.0686696
660 -44487.9 -46402.2 1914.29 0.01 0.0100101 0.1 0.10005 0.1 0 0 0.925197 -0.199281 -0.068633
661 -44466.4 -46402.2 1935.75 0.01 0.00999131 0.1 0.0999565 0.1 0 0 0.925098 -0.198287 -0.068588
662 -44478.6 -46402.2 1923.54 0.01 0.00999372 0.1 0.0999686 0.1 0 0 0.925348 -0.198101 -0.068084
663 -44467.2 -46402.2 1935.02 0.01 0.00999754 0.1 0.0999877 0.1 0 0 0.925032 -0.199101 -0.0677144
664 -44468.5 -46402.2 1933.67 0.01 0.0100027 0.1 0.100014 0.1 0 0 0.924727 -0.199701 -0.0679113
665 -44478.6 -46402.2 1923.59 0.01 0.00999484 0.1 0.0999742 0.1 0 0 0.924807 -0.201721 -0.0680468
666 -44475.1 -46402.2 1927.07 0.01 0.0100022 0.1 0.100011 0.1 0 0 0.924795 -0.201616 -0.0678972
667 -44498.8 -46402.2 1903.39 0.01 0.0100062 0.1 0.100031 0.1 0 0 0.925439 -0.200327 -0.0677845
668 -44498.4 -46402.2 1903.74 0.01 0.00999716 0.1 0.0999858 0.1 0 0 0.925242 -0.201545 -0.0680395
669 -44492.6 -46402.2 1909.57 0.01 0.0100027 0.1 0.100013 0.1 0 0 0.925212 -0.202631 -0.0675921
670 -44483.5 -46402.2 1918.71 0.01 0.00999862 0.1 0.0999931 0.1 0 0 0.925328 -0.200773 -0.0685696
671 -44478 -46402.2 1924.16 0.01 0.0100064 0.1 0.100032 0.1 0 0 0.925415 -0.199179 -0.0701079
672 -44474 -46402.2 1928.17 0.01 0.00999971 0.1 0.0999985 0.1 0 0 0.925331 -0.199259 -0.0709346
673 -44478.2 -46402.2 1923.98 0.01 0.0100094 0.1 0.100047 0.1 0 0 0.925727 -0.199276 -0.0704199
674 -44493.9 -46402.2 1908.24 0.01 0.00999766 0.1 0.0999883 0.1 0 0 0.926293 -0.198786 -0.0697635
675 -44482.2 -46402.2 1919.99 0.01 0.010005 0.1 0.100025 0.1 0 0 0.926228 -0.199381 -0.0699586
676 -44459.6 -46402.2 1942.58 0.01 0.00999604 0.1 0.0999802 0.1 0 0 0.92624 -0.198834 -0.070115
677 -44457.8 -46402.2 1944.35 0.01 0.0099951 0.1 0.0999755 0.1 0 0 0.926584 -0.199405 -0.0695318
678 -44474.9 -46402.2 1927.24 0.01 0.00999909 0.1 0.0999955 0.1 0 0 0.926894 -0.199054 -0.0678078
679 -44460.5 -46402.2 1941.7 0.01 0.00999604 0.1 0.0999802 0.1 0 0 0.92756 -0.197805 -0.0658506
680 -44466.3 -46402.2 1935.84 0.01 0.0100018 0.1 0.100009 0.1 0 0 0.927918 -0.196323 -0.0668969
681 -44466.1 -46402.2 1936.07 0.01 0.0100031 0.1 0.100016 0.1 0 0 0.928209 -0.195909 -0.0665916
682 -44478.3 -46402.2 1923.91 0.01 0.00999847 0.1 0.0999924 0.1 0 0 0.928473 -0.195347 -0.0678265
683 -44486.7 -46402.2 1915.5 0.01 0.00999806 0.1 0.0999903 0.1 0 0 0.928907 -0.194524 -0.0679323
684 -44477.3 -46402.2 1924.84 0.01 0.0100006 0.1 0.100003 0.1 0 0 0.929414 -0.192364 -0.0675919
685 -44493.4 -46402.2 1908.76 0.01 0.00999823 0.1 0.0999911 0.1 0 0 0.929591 -0.19181 -0.0669932
686 -44490.9 -46402.2 1911.26 0.01 0.00999826 0.1 0.0999913 0.1 0 0 0.929691 -0.191575 -0.0667547
687 -44494.8 -46402.2 1907.4 0.01 0.0100143 0.1 0.100072 0.1 0 0 0.930167 -0.190777 -0.0662776
688 -44498.2 -46402.2 1904 0.01 0.0100051 0.1 0.100025 0.1 0 0 0.930574 -0.190291 -0.066145
689 -44498 -46402.2 1904.21 0.01 0.0100004 0.1 0.100002 0.1 0 0 0.930788 -0.189171 -0.0657427
690 -44496.9 -46402.2 1905.25 0.01 0.00999638 0.1 0.0999819 0.1 0 0 0.931116 -0.188674 -0.0660988
691 -44490.8 -46402.2 1911.33 0.01 0.0100008 0.1 0.100004 0.1 0 0 0.931651 -0.18735 -0.0658144
692 -44481.5 -46402.2 1920.64 0.01 0.00999056 0.1 0.0999528 0.1 0 0 0.931753 -0.186563 -0.067325
693 -44481.4 -46402.2 1920.76 0.01 0.0100041 0.1 0.100021 0.1 0 0 0.931769 -0.186934 -0.0666683
694 -44484.6 -46402.2 1917.6 0.01 0.00999367 0.1 0.0999683 0.1 0 0 0.931911 -0.186957 -0.0655194
695 -44492.5 -46402.2 1909.65 0.01 0.010006 0.1 0.10003 0.1 0 0 0.932122 -0.185483 -0.0652821
696 -44494.4 -46402.2 1907.75 0.01 0.00999426 0.1 0.0999713 0.1 0 0 0.932666 -0.184486 -0.0659761
697 -44484.6 -46402.2 1917.55 0.01 0.00999983 0.1 0.0999991 0.1 0 0 0.932769 -0.184586 -0.0654133
698 -44482.7 -46402.2 1919.43 0.01 0.00999712 0.1 0.0999856 0.1 0 0 0.932686 -0.185033 -0.0650377
699 -44493.3 -46402.2 1908.85 0.01 0.00999661 0.1 0.099983 0.1 0 0 0.932921 -0.184897 -0.0654052
700 -44500.9 -46402.2 1901.29 0.01 0.00999789 0.1 0.0999895 0.1 0 0 0.933316 -0.183421 -0.0658061
701 -44507.9 -46402.2 1894.25 0.01 0.00999392 0.1 0.0999696 0.1 0 0 0.933525 -0.182819 -0.065293
702 -44494.7 -46402.2 1907.52 0.01 0.00999118 0.1 0.0999559 0.1 0 0 0.933174 -0.183737 -0.0644756
703 -44508.9 -46402.2 1893.3 0.01 0.0099979 0.1 0.0999895 0.1 0 0 0.933412 -0.183369 -0.0649817
704 -44507 -46402.2 1895.16 0.01 0.0100017 0.1 0.100008 0.1 0 0 0.933756 -0.182243 -0.0632502
705 -44514.5 -46402.2 1887.68 0.01 0.00999597 0.1 0.0999799 0.1 0 0 0.934116 -0.181599 -0.0641503
706 -44538.6 -46402.2 1863.54 0.01 0.00999943 0.1 0.0999971 0.1 0 0 0.934803 -0.179763 -0.0633154
707 -44526.7 -46402.2 1875.47 0.01 0.00999434 0.1 0.0999717 0.1 0 0 0.934748 -0.180056 -0.0622598
708 -44510.4 -46402.2 1891.82 0.01 0.00999767 0.1 0.0999883 0.1 0 0 0.934496 -0.179989 -0.0629943
709 -44498.4 -46402.2 1903.73 0.01 0.0100009 0.1 0.100004 0.1 0 0 0.93453 -0.179471 -0.0617906
710 -44491.7 -46402.2 1910.49 0.01 0.00999488 0.1 0.0999744 0.1 0 0 0.934688 -0.178721 -0.06228
711 -44495.3 -46402.2 1906.84 0.01 0.0100021 0.1 0.100011 0.1 0 0 0.935183 -0.176885 -0.0614393
712 -44496.5 -46402.2 1905.65 0.01 0.0100001 0.1 0.100001 0.1 0 0 0.93536 -0.17787 -0.0616042
713 -44498.8 -46402.2 1903.33 0.01 0.00999645 0.1 0.0999822 0.1 0 0 0.93554 -0.177748 -0.0613846
714 -44499.7 -46402.2 1902.52 0.01 0.00999431 0.1 0.0999715 0.1 0 0 0.935693 -0.17717 -0.0615205
715 -44501.7 -46402.2 1900.5 0.01 0.0100039 0.1 0.10002 0.1 0 0 0.936116 -0.176365 -0.0609005
716 -44519.1 -46402.2 1883.12 0.01 0.0100022 0.1 0.100011 0.1 0 0 0.936358 -0.177172 -0.0609464
717 -44507.3 -46402.2 1894.85 0.01 0.0099997 0.1 0.0999985 0.1 0 0 0.936048 -0.177079 -0.0610468
718 -44499.2 -46402.2 1902.97 0.01 0.00999851 0.1 0.0999925 0.1 0 0 0.936107 -0.176767 -0.0606785
719 -44488.2 -46402.2 1913.99 0.01 0.00999735 0.1 0.0999867 0.1 0 0 0.936375 -0.175959 -0.0609341
720 -44490 -46402.2 1912.2 0.01 0.0100021 0.1 0.10001 0.1 0 0 0.936474 -0.175568 -0.0612732
721 -44498.8 -46402.2 1903.33 0.01 0.00999985 0.1 0.0999993 0.1 0 0 0.936744 -0.175407 -0.0605797
722 -44495.5 -46402.2 1906.71 0.01 0.0100067 0.1 0.100033 0.1 0 0 0.936892 -0.174687 -0.0620587
723 -44486 -46402.2 1916.2 0.01 0.00999188 0.1 0.0999594 0.1 0 0 0.936872 -0.174504 -0.0613044
724 -44478.2 -46402.2 1923.98 0.01 0.00999665 0.1 0.0999833 0.1 0 0 0.936844 -0.173976 -0.060807
725 -44487 -46402.2 1915.18 0.01 0.0100073 0.1 0.100037 0.1 0 0 0.937064 -0.173165 -0.0611528
726 -44479.7 -46402.2 1922.45 0.01 0.0100016 0.1 0.100008 0.1 0 0 0.936641 -0.175014 -0.0613284
727 -44495.9 -46402.2 1906.23 0.01 0.00999727 0.1 0.0999864 0.1 0 0 0.937037 -0.174808 -0.0627396
728 -44506.5 -46402.2 1895.66 0.01 0.00998822 0.1 0.0999411 0.1 0 0 0.937412 -0.174445 -0.0619019
729 -44506 -46402.2 1896.22 0.01 0.0100026 0.1 0.100013 0.1 0 0 0.937535 -0.174267 -0.0617559
730 -44485.5 -46402.2 1916.66 0.01 0.0100014 0.1 0.100007 0.1 0 0 0.937092 -0.174878 -0.0618489
731 -44499.8 -46402.2 1902.41 0.01 0.0100059 0.1 0.10003 0.1 0 0 0.937331 -0.17485 -0.0628334
732 -44492.2 -46402.2 1909.95 0.01 0.00999614 0.1 0.0999807 0.1 0 0 0.937445 -0.174575 -0.0611881
733 -44498.8 -46402.2 1903.42 0.01 0.0100014 0.1 0.100007 0.1 0 0 0.937421 -0.174188 -0.0617487
734 -44483.9 -46402.2 1918.3 0.01 0.0100001 0.1 0.100001 0.1 0 0 0.937313 -0.173176 -0.0612614
735 -44492.4 -46402.2 1909.75 0.01 0.00999965 0.1 0.0999982 0.1 0 0 0.937442 -0.173383 -0.0638527
736 -44494.7 -46402.2 1907.52 0.01 0.010003 0.1 0.100015 0.1 0 0 0.937247 -0.173719 -0.0634906
737 -44497.7 -46402.2 1904.52 0.01 0.00999183 0.1 0.0999591 0.1 0 0 0.937094 -0.172857 -0.0632043
738 -44509.2 -46402.2 1892.95 0.01 0.0100023 0.1 0.100012 0.1 0 0 0.937301 -0.173255 -0.0631751
739 -44491.7 -46402.2 1910.45 0.01 0.0100038 0.1 0.100019 0.1 0 0 0.937579 -0.171702 -0.0637856
740 -44493.4 -46402.2 1908.75 0.01 0.00999352 0.1 0.0999676 0.1 0 0 0.937943 -0.170718 -0.0649951
741 -44485.7 -46402.2 1916.52 0.01 0.0099941 0.1 0.0999705 0.1 0 0 0.937835 -0.171456 -0.0650659
742 -44495.4 -46402.2 1906.73 0.01 0.00999552 0.1 0.0999776 0.1 0 0 0.938315 -0.169431 -0.0647131
743 -44505.5 -46402.2 1896.63 0.01 0.0100012 0.1 0.100006 0.1 0 0 0.938151 -0.16927 -0.0654783
744 -44521.9 -46402.2 1880.26 0.01 0.00999465 0.1 0.0999732 0.1 0 0 0.938557 -0.168789 -0.0662112
745 -44525.9 -46402.2 1876.27 0.01 0.00999725 0.1 0.0999862 0.1 0 0 0.938924 -0.168445 -0.0662837
746 -44512.4 -46402.2 1889.76 0.01 0.0100009 0.1 0.100005 0.1 0 0 0.938778 -0.168444 -0.0670476
747 -44526.3 -46402.2 1875.87 0.01 0.00999998 0.1 0.0999999 0.1 0 0 0.938816 -0.168003 -0.0684916
748 -44522 -46402.2 1880.14 0.01 0.0100042 0.1 0.100021 0.1 0 0 0.93867 -0.168058 -0.0676566
749 -44532.2 -46402.2 1869.97 0.01 0.00999765 0.1 0.0999883 0.1 0 0 0.938912 -0.166672 -0.0681366
750 -44534.8 -46402.2 1867.39 0.01 0.0100018 0.1 0.100009 0.1 0 0 0.938999 -0.165799 -0.0691387
751 -44530.2 -46402.2 1872 0.01 0.0100096 0.1 0.100048 0.1 0 0 0.938826 -0.165999 -0.0687757
752 -44525.7 -46402.2 1876.49 0.01 0.0100068 0.1 0.100034 0.1 0 0 0.938909 -0.16667 -0.0684389
753 -44528.3 -46402.2 1873.91 0.01 0.00999277 0.1 0.0999638 0.1 0 0 0.939069 -0.166902 -0.0674912
754 -44524.9 -46402.2 1877.25 0.01 0.00999874 0.1 0.0999937 0.1 0 0 0.938903 -0.167009 -0.0679845
755 -44514.1 -46402.2 1888.07 0.01 0.0099972 0.1 0.099986 0.1 0 0 0.938957 -0.166744 -0.0678321
756 -44491.6 -46402.2 1910.6 0.01 0.0100013 0.1 0.100006 0.1 0 0 0.938699 -0.166327 -0.0677337
757 -44490.9 -46402.2 1911.27 0.01 0.0100024 0.1 0.100012 0.1 0 0 0.938682 -0.166376 -0.0679741
758 -44491.4 -46402.2 1910.81 0.01 0.00999746 0.1 0.0999873 0.1 0 0 0.938932 -0.165435 -0.0677146
759 -44480.5 -46402.2 1921.65 0.01 0.00999892 0.1 0.0999946 0.1 0 0 0.938988 -0.165532 -0.0675781
760 -44482.3 -46402.2 1919.84 0.01 0.0100037 0.1 0.100018 0.1 0 0 0.938791 -0.166306 -0.0678353
761 -44487.1 -46402.2 1915.05 0.01 0.0099999 0.1 0.0999995 0.1 0 0 0.939302 -0.166697 -0.0677582
762 -44471.3 -46402.2 1930.85 0.01 0.00999907 0.1 0.0999953 0.1 0 0 0.939076 -0.167865 -0.067236
763 -44481.1 -46402.2 1921.08 0.01 0.0100053 0.1 0.100027 0.1 0 0 0.939769 -0.16641 -0.0679563
764 -44485.9 -46402.2 1916.25 0.01 0.0100031 0.1 0.100016 0.1 0 0 0.940084 -0.165302 -0.0683857
765 -44460.2 -46402.2 1941.96 0.01 0.0100054 0.1 0.100027 0.1 0 0 0.940031 -0.164992 -0.0671873
766 -44459.4 -46402.2 1942.75 0.01 0.0100008 0.1 0.100004 0.1 0 0 0.940022 -0.165296 -0.0678501
767 -44482.8 -46402.2 1919.39 0.01 0.0100066 0.1 0.100033 0.1 0 0 0.940195 -0.164581 -0.0684841
768 -44506.1 -46402.2 1896.1 0.01 0.00999966 0.1 0.0999983 0.1 0 0 0.940388 -0.165582 -0.0676489
769 -44493.2 -46402.2 1908.93 0.01 0.0100023 0.1 0.100011 0.1 0 0 0.940618 -0.165276 -0.0669241
770 -44501.1 -46402.2 1901.12 0.01 0.00999795 0.1 0.0999897 0.1 0 0 0.940925 -0.164837 -0.0658825
771 -44518.2 -46402.2 1883.96 0.01 0.0100071 0.1 0.100035 0.1 0 0 0.941035 -0.164187 -0.0674017
772 -44523.6 -46402.2 1878.57 0.01 0.00999488 0.1 0.0999744 0.1 0 0 0.941209 -0.163285 -0.0680566
773 -44525.1 -46402.2 1877.03 0.01 0.00999768 0.1 0.0999884 0.1 0 0 0.941395 -0.163366 -0.0682874
774 -44541.7 -46402.2 1860.52 0.01 0.0100038 0.1 0.100019 0.1 0 0 0.941993 -0.162328 -0.0682531
775 -44540.7 -46402.2 1861.45 0.01 0.0100003 0.1 0.100001 0.1 0 0 0.942208 -0.161683 -0.0681598
776 -44523.1 -46402.2 1879.05 0.01 0.0100027 0.1 0.100014 0.1 0 0 0.942044 -0.161003 -0.0690483
777 -44548.1 -46402.2 1854.12 0.01 0.0100045 0.1 0.100023 0.1 0 0 0.942494 -0.16005 -0.0679105
778 -44530.2 -46402.2 1871.98 0.01 0.00999849 0.1 0.0999924 0.1 0 0 0.942679 -0.158636 -0.0670126
779 -44510.6 -46402.2 1891.61 0.01 0.0100034 0.1 0.100017 0.1 0 0 0.942591 -0.157645 -0.0656881
780 -44483.1 -46402.2 1919.09 0.01 0.0100055 0.1 0.100027 0.1 0 0 0.942397 -0.157332 -0.0644591
781 -44469.9 -46402.2 1932.3 0.01 0.00999972 0.1 0.0999986 0.1 0 0 0.94228 -0.156935 -0.0649358
782 -44483.9 -46402.2 1918.29 0.01 0.00999989 0.1 0.0999994 0.1 0 0 0.942192 -0.157336 -0.0650996
783 -44495.2 -46402.2 1907 0.01 0.00999328 0.1 0.0999664 0.1 0 0 0.942282 -0.157363 -0.0642561
784 -44504.6 -46402.2 1897.55 0.01 0.0100011 0.1 0.100005 0.1 0 0 0.942569 -0.157762 -0.0626737
785 -44512.4 -46402.2 1889.74 0.01 0.0100064 0.1 0.100032 0.1 0 0 0.942597 -0.158898 -0.0620121
786 -44520.6 -46402.2 1881.55 0.01 0.0100022 0.1 0.100011 0.1 0 0 0.942831 -0.158012 -0.0620479
787 -44522.7 -46402.2 1879.45 0.01 0.0100018 0.1 0.100009 0.1 0 0 0.942726 -0.157554 -0.0621643
788 -44525.8 -46402.2 1876.36 0.01 0.0100035 0.1 0.100017 0.1 0 0 0.942656 -0.15816 -0.0626612
789 -44526.1 -46402.2 1876.07 0.01 0.0099997 0.1 0.0999985 0.1 0 0 0.942892 -0.15717 -0.0631171
790 -44524 -46402.2 1878.14 0.01 0.0100019 0.1 0.100009 0.1 0 0 0.943553 -0.155823 -0.0620037
791 -44518.3 -46402.2 1883.91 0.01 0.00999369 0.1 0.0999684 0.1 0 0 0.94362 -0.156536 -0.0611109
792 -44526.3 -46402.2 1875.87 0.01 0.0100037 0.1 0.100019 0.1 0 0 0.943956 -0.156204 -0.0620105
793 -44526.2 -46402.2 1876.02 0.01 0.0099989 0.1 0.0999945 0.1 0 0 0.94368 -0.156683 -0.0618932
794 -44531.1 -46402.2 1871.09 0.01 0.00999198 0.1 0.0999599 0.1 0 0 0.943725 -0.157468 -0.0629286
795 -44506.4 -46402.2 1895.82 0.01 0.00999543 0.1 0.0999772 0.1 0 0 0.943473 -0.157479 -0.0634745
796 -44509.5 -46402.2 1892.69 0.01 0.0100022 0.1 0.100011 0.1 0 0 0.943257 -0.157326 -0.0628566
797 -44500.5 -46402.2 1901.68 0.01 0.00999769 0.1 0.0999885 0.1 0 0 0.943535 -0.156949 -0.0617938
798 -44507.7 -46402.2 1894.52 0.01 0.00999807 0.1 0.0999903 0.1 0 0 0.943939 -0.156434 -0.0616805
799 -44504 -46402.2 1898.16 0.01 0.0100007 0.1 0.100004 0.1 0 0 0.944331 -0.154893 -0.0611861
800 -44493.3 -46402.2 1908.91 0.01 0.00999316 0.1 0.0999658 0.1 0 0 0.944097 -0.154099 -0.0617229
801 -44498.3 -46402.2 1903.84 0.01 0.0100002 0.1 0.100001 0.1 0 0 0.944349 -0.153542 -0.0620258
802 -44485.6 -46402.2 1916.55 0.01 0.00999255 0.1 0.0999627 0.1 0 0 0.944282 -0.153904 -0.0613133
803 -44486.3 -46402.2 1915.85 0.01 0.00999512 0.1 0.0999756 0.1 0 0 0.944461 -0.154468 -0.0606542
804 -44472.5 -46402.2 1929.65 0.01 0.0100051 0.1 0.100026 0.1 0 0 0.944633 -0.15461 -0.0603462
805 -44493.4 -46402.2 1908.8 0.01 0.0100062 0.1 0.100031 0.1 0 0 0.944743 -0.155167 -0.0618661
806 -44504.9 -46402.2 1897.3 0.01 0.00999837 0.1 0.0999919 0.1 0 0 0.945133 -0.154389 -0.0610718
807 -44488.2 -46402.2 1914.01 0.01 0.0099996 0.1 0.099998 0.1 0 0 0.945676 -0.152146 -0.0601879
808 -44491.9 -46402.2 1910.32 0.01 0.00999839 0.1 0.099992 0.1 0 0 0.945749 -0.151716 -0.0597333
809 -44493.9 -46402.2 1908.3 0.01 0.00999588 0.1 0.0999794 0.1 0 0 0.945647 -0.152019 -0.0602974
810 -44494.3 -46402.2 1907.85 0.01 0.00999568 0.1 0.0999784 0.1 0 0 0.945317 -0.152975 -0.0613526
811 -44510 -46402.2 1892.18 0.01 0.00999778 0.1 0.0999889 0.1 0 0 0.945579 -0.152439 -0.0610365
812 -44523.3 -46402.2 1878.84 0.01 0.0100015 0.1 0.100008 0.1 0 0 0.945462 -0.152386 -0.0598956
813 -44531.5 -46402.2 1870.66 0.01 0.00999931 0.1 0.0999965 0.1 0 0 0.945646 -0.152354 -0.0598725
814 -44527 -46402.2 1875.21 0.01 0.00999712 0.1 0.0999856 0.1 0 0 0.945746 -0.151285 -0.0591022
815 -44522.9 -46402.2 1879.24 0.01 0.010007 0.1 0.100035 0.1 0 0 0.945579 -0.150546 -0.0585433
816 -44521.6 -46402.2 1880.54 0.01 0.0100025 0.1 0.100012 0.1 0 0 0.94606 -0.148763 -0.0568799
817 -44509 -46402.2 1893.14 0.01 0.00999495 0.1 0.0999747 0.1 0 0 0.946054 -0.148165 -0.0557806
818 -44490.7 -46402.2 1911.48 0.01 0.0100054 0.1 0.100027 0.1 0 0 0.946096 -0.148044 -0.0558716
819 -44472.6 -46402.2 1929.6 0.01 0.0100061 0.1 0.10003 0.1 0 0 0.94598 -0.148818 -0.0549127
820 -44489.4 -46402.2 1912.75 0.01 0.0099967 0.1 0.0999835 0.1 0 0 0.946236 -0.148713 -0.0548429
821 -44495.4 -46402.2 1906.8 0.01 0.00999893 0.1 0.0999947 0.1 0 0 0.946461 -0.147841 -0.0546958
822 -44496.9 -46402.2 1905.29 0.01 0.00999677 0.1 0.0999838 0.1 0 0 0.946569 -0.147648 -0.0549692
823 -44515.5 -46402.2 1886.66 0.01 0.00999137 0.1 0.0999568 0.1 0 0 0.946891 -0.146599 -0.0542723
824 -44509.7 -46402.2 1892.52 0.01 0.00999852 0.1 0.0999926 0.1 0 0 0.946832 -0.146597 -0.0537375
825 -44530.6 -46402.2 1871.56 0.01 0.010002 0.1 0.10001 0.1 0 0 0.947027 -0.146578 -0.0531976
826 -44526.8 -46402.2 1875.38 0.01 0.0100041 0.1 0.10002 0.1 0 0 0.947009 -0.146689 -0.0527175
827 -44525.5 -46402.2 1876.67 0.01 0.0100049 0.1 0.100025 0.1 0 0 0.947091 -0.1455 -0.0511073
828 -44535.1 -46402.2 1867.06 0.01 0.0100062 0.1 0.100031 0.1 0 0 0.947208 -0.145959 -0.0505851
829 -44536.5 -46402.2 1865.69 0.01 0.0100042 0.1 0.100021 0.1 0 0 0.947415 -0.145974 -0.0504081
830 -44525.2 -46402.2 1876.99 0.01 0.00999718 0.1 0.0999859 0.1 0 0 0.94745 -0.145116 -0.0509265
831 -44503.6 -46402.2 1898.61 0.01 0.00999799 0.1 0.0999899 0.1 0 0 0.947234 -0.145185 -0.0497342
832 -44512.8 -46402.2 1889.33 0.01 0.0100006 0.1 0.100003 0.1 0 0 0.947482 -0.144778 -0.0498922
833 -44502.1 -46402.2 1900.06 0.01 0.00999805 0.1 0.0999903 0.1 0 0 0.947455 -0.14436 -0.0482726
834 -44503.3 -46402.2 1898.84 0.01 0.0099976 0.1 0.099988 0.1 0 0 0.94783 -0.143737 -0.0473931
835 -44513.7 -46402.2 1888.47 0.01 0.0100045 0.1 0.100022 0.1 0 0 0.948191 -0.142306 -0.0477183
836 -44500.6 -46402.2 1901.62 0.01 0.0100088 0.1 0.100044 0.1 0 0 0.947739 -0.142264 -0.048202
837 -44500.3 -46402.2 1901.84 0.01 0.0100032 0.1 0.100016 0.1 0 0 0.9483 -0.140885 -0.0460733
838 -44515.7 -46402.2 1886.52 0.01 0.0100031 0.1 0.100015 0.1 0 0 0.948444 -0.141822 -0.0466182
839 -44507.2 -46402.2 1894.93 0.01 0.00999831 0.1 0.0999915 0.1 0 0 0.948416 -0.141214 -0.047951
840 -44507.9 -46402.2 1894.25 0.01 0.0100003 0.1 0.100002 0.1 0 0 0.948485 -0.140797 -0.0481021
841 -44491.9 -46402.2 1910.32 0.01 0.0100036 0.1 0.100018 0.1 0 0 0.948253 -0.141504 -0.0472395
842 -44478.1 -46402.2 1924.09 0.01 0.00999647 0.1 0.0999824 0.1 0 0 0.947949 -0.141832 -0.0474216
843 -44490 -46402.2 1912.14 0.01 0.00999913 0.1 0.0999957 0.1 0 0 0.948085 -0.141962 -0.0465963
844 -44490.2 -46402.2 1911.94 0.01 0.00999899 0.1 0.099995 0.1 0 0 0.947932 -0.142083 -0.0469631
845 -44451 -46402.2 1951.14 0.01 0.0100023 0.1 0.100011 0.1 0 0 0.947286 -0.141291 -0.0472528
846 -44454.4 -46402.2 1947.75 0.01 0.0100041 0.1 0.100021 0.1 0 0 0.9472 -0.141343 -0.0466934
847 -44473.1 -46402.2 1929.12 0.01 0.0100052 0.1 0.100026 0.1 0 0 0.947574 -0.141188 -0.0463065
848 -44472.4 -46402.2 1929.76 0.01 0.00999503 0.1 0.0999752 0.1 0 0 0.947662 -0.140684 -0.0470576
849 -44457.9 -46402.2 1944.27 0.01 0.0100013 0.1 0.100007 0.1 0 0 0.947501 -0.140813 -0.0463356
850 -44468.6 -46402.2 1933.53 0.01 0.00999646 0.1 0.0999823 0.1 0 0 0.947863 -0.14044 -0.0445293
851 -44486.4 -46402.2 1915.8 0.01 0.0100081 0.1 0.10004 0.1 0 0 0.948161 -0.140587 -0.0447164
852 -44489.3 -46402.2 1912.85 0.01 0.0100014 0.1 0.100007 0.1 0 0 0.948273 -0.14074 -0.043306
853 -44505.7 -46402.2 1896.52 0.01 0.0100016 0.1 0.100008 0.1 0 0 0.948793 -0.139494 -0.0437716
854 -44512 -46402.2 1890.2 0.01 0.0100082 0.1 0.100041 0.1 0 0 0.94916 -0.139219 -0.0429533
855 -44526.8 -46402.2 1875.35 0.01 0.0100006 0.1 0.100003 0.1 0 0 0.949401 -0.138927 -0.0434677
856 -44532.9 -46402.2 1869.25 0.01 0.0100058 0.1 0.100029 0.1 0 0 0.949697 -0.138863 -0.0420908
857 -44530.5 -46402.2 1871.71 0.01 0.0100003 0.1 0.100002 0.1 0 0 0.94987 -0.137336 -0.042491
858 -44553 -46402.2 1849.15 0.01 0.0100007 0.1 0.100003 0.1 0 0 0.950204 -0.136852 -0.0410281
859 -44543.8 -46402.2 1858.36 0.01 0.010008 0.1 0.10004 0.1 0 0 0.950333 -0.13565 -0.0403257
860 -44533.4 -46402.2 1868.82 0.01 0.0100145 0.1 0.100072 0.1 0 0 0.950381 -0.13589 -0.0409178
861 -44526.3 -46402.2 1875.92 0.01 0.0100099 0.1 0.10005 0.1 0 0 0.950276 -0.136235 -0.0413308
862 -44526.7 -46402.2 1875.52 0.01 0.0099971 0.1 0.0999855 0.1 0 0 0.950532 -0.136021 -0.0409959
863 -44523.8 -46402.2 1878.38 0.01 0.0100025 0.1 0.100012 0.1 0 0 0.950399 -0.136122 -0.0419224
864 -44524.7 -46402.2 1877.46 0.01 0.0100026 0.1 0.100013 0.1 0 0 0.950492 -0.136193 -0.0416724
865 -44528.1 -46402.2 1874.11 0.01 0.0100005 0.1 0.100002 0.1 0 0 0.950447 -0.135656 -0.042201
866 -44521.9 -46402.2 1880.31 0.01 0.0100069 0.1 0.100035 0.1 0 0 0.950556 -0.134707 -0.0421053
867 -44551.8 -46402.2 1850.38 0.01 0.00999232 0.1 0.0999616 0.1 0 0 0.950946 -0.134472 -0.0414008
868 -44561.2 -46402.2 1841.02 0.01 0.0100031 0.1 0.100016 0.1 0 0 0.951299 -0.133719 -0.0412252
869 -44542.7 -46402.2 1859.52 0.01 0.010009 0.1 0.100045 0.1 0 0 0.951205 -0.132699 -0.0409448
870 -44524.1 -46402.2 1878.09 0.01 0.0100019 0.1 0.10001 0.1 0 0 0.9511 -0.132018 -0.0398561
871 -44539 -46402.2 1863.19 0.01 0.00999229 0.1 0.0999614 0.1 0 0 0.951319 -0.132647 -0.0395429
872 -44558 -46402.2 1844.2 0.01 0.0100021 0.1 0.10001 0.1 0 0 0.95155 -0.132221 -0.0394018
873 -44553.2 -46402.2 1849 0.01 0.0100024 0.1 0.100012 0.1 0 0 0.951594 -0.13185 -0.0403146
874 -44537.1 -46402.2 1865.09 0.01 0.00999544 0.1 0.0999772 0.1 0 0 0.951566 -0.131785 -0.0405783
875 -44530.5 -46402.2 1871.7 0.01 0.0100003 0.1 0.100001 0.1 0 0 0.951597 -0.131088 -0.0394834
876 -44546.1 -46402.2 1856.03 0.01 0.0100018 0.1 0.100009 0.1 0 0 0.951783 -0.130398 -0.039456
877 -44545 -46402.2 1857.18 0.01 0.00999362 0.1 0.0999681 0.1 0 0 0.951707 -0.130344 -0.0415568
878 -44564.9 -46402.2 1837.32 0.01 0.0100029 0.1 0.100014 0.1 0 0 0.952114 -0.129938 -0.0417929
879 -44572.9 -46402.2 1829.26 0.01 0.010009 0.1 0.100045 0.1 0 0 0.952412 -0.128313 -0.0417646
880 -44543.6 -46402.2 1858.61 0.01 0.0100037 0.1 0.100019 0.1 0 0 0.952458 -0.127642 -0.0421397
881 -44506.3 -46402.2 1895.85 0.01 0.0100026 0.1 0.100013 0.1 0 0 0.952205 -0.127283 -0.0413911
882 -44516 -46402.2 1886.2 0.01 0.0100092 0.1 0.100046 0.1 0 0 0.952372 -0.127793 -0.0422184
883 -44516.6 -46402.2 1885.56 0.01 0.0100036 0.1 0.100018 0.1 0 0 0.952339 -0.126326 -0.0423284
884 -44512.5 -46402.2 1889.65 0.01 0.0100003 0.1 0.100002 0.1 0 0 0.952466 -0.12652 -0.0415721
885 -44510.5 -46402.2 1891.63 0.01 0.00999303 0.1 0.0999651 0.1 0 0 0.952407 -0.126667 -0.0417249
886 -44507.7 -46402.2 1894.44 0.01 0.0100046 0.1 0.100023 0.1 0 0 0.952271 -0.128078 -0.0408757
887 -44500.6 -46402.2 1901.6 0.01 0.010009 0.1 0.100045 0.1 0 0 0.95239 -0.127237 -0.0404183
888 -44500.6 -46402.2 1901.62 0.01 0.00999352 0.1 0.0999676 0.1 0 0 0.951984 -0.129081 -0.0408431
889 -44506.5 -46402.2 1895.7 0.01 0.010009 0.1 0.100045 0.1 0 0 0.952131 -0.130004 -0.0411966
890 -44507 -46402.2 1895.17 0.01 0.0100001 0.1 0.1 0.1 0 0 0.952401 -0.129547 -0.0419052
891 -44504.7 -46402.2 1897.5 0.01 0.0100013 0.1 0.100006 0.1 0 0 0.952285 -0.129853 -0.0406087
892 -44481.2 -46402.2 1920.98 0.01 0.01 0.1 0.1 0.1 0 0 0.952062 -0.129235 -0.0425257
893 -44488.9 -46402.2 1913.32 0.01 0.0100016 0.1 0.100008 0.1 0 0 0.952243 -0.129685 -0.0431727
894 -44480.1 -46402.2 1922.09 0.01 0.0100026 0.1 0.100013 0.1 0 0 0.952367 -0.130485 -0.0428398
895 -44474.1 -46402.2 1928.05 0.01 0.00999341 0.1 0.099967 0.1 0 0 0.952793 -0.129153 -0.0426131
896 -44483.2 -46402.2 1918.93 0.01 0.0100006 0.1 0.100003 0.1 0 0 0.953039 -0.128715 -0.0421067
897 -44486.4 -46402.2 1915.79 0.01 0.00999944 0.1 0.0999972 0.1 0 0 0.953297 -0.127045 -0.0423872
898 -44491 -46402.2 1911.21 0.01 0.010004 0.1 0.10002 0.1 0 0 0.95341 -0.126797 -0.0422587
899 -44513.2 -46402.2 1888.94 0.01 0.0100001 0.1 0.1 0.1 0 0 0.953906 -0.125681 -0.0425726
900 -44528.1 -46402.2 1874.04 0.01 0.0100047 0.1 0.100024 0.1 0 0 0.953992 -0.12687 -0.0421253
901 -44521.5 -46402.2 1880.68 0.01 0.00998878 0.1 0.0999439 0.1 0 0 0.954152 -0.126438 -0.0409599
902 -44507.7 -46402.2 1894.44 0.01 0.00998701 0.1 0.099935 0.1 0 0 0.95426 -0.125321 -0.0404572
903 -44520.5 -46402.2 1881.63 0.01 0.0100071 0.1 0.100036 0.1 0 0 0.95458 -0.125058 -0.039076
904 -44501.6 -46402.2 1900.55 0.01 0.0100067 0.1 0.100034 0.1 0 0 0.954476 -0.123909 -0.039682
905 -44529.4 -46402.2 1872.77 0.01 0.0100013 0.1 0.100006 0.1 0 0 0.954893 -0.123897 -0.0391627
906 -44527.3 -46402.2 1874.83 0.01 0.00999497 0.1 0.0999748 0.1 0 0 0.955015 -0.123036 -0.0394498
907 -44530.2 -46402.2 1872.02 0.01 0.00999362 0.1 0.0999681 0.1 0 0 0.955412 -0.122334 -0.0384489
908 -44528.2 -46402.2 1874.02 0.01 0.0100053 0.1 0.100027 0.1 0 0 0.955424 -0.121924 -0.0391891
909 -44525.8 -46402.2 1876.38 0.01 0.00999951 0.1 0.0999976 0.1 0 0 0.955331 -0.121628 -0.0396508
910 -44532.4 -46402.2 1869.79 0.01 0.0100015 0.1 0.100007 0.1 0 0 0.955531 -0.120567 -0.0392372
911 -44537.2 -46402.2 1864.95 0.01 0.00999485 0.1 0.0999743 0.1 0 0 0.955507 -0.121351 -0.0385538
912 -44529.2 -46402.2 1873 0.01 0.00999053 0.1 0.0999526 0.1 0 0 0.95555 -0.120686 -0.0383507
913 -44515.8 -46402.2 1886.39 0.01 0.0100028 0.1 0.100014 0.1 0 0 0.955139 -0.122652 -0.0381263
914 -44519.2 -46402.2 1883.01 0.01 0.0100041 0.1 0.100021 0.1 0 0 0.955342 -0.122461 -0.0375353
915 -44511.4 -46402.2 1890.76 0.01 0.0100016 0.1 0.100008 0.1 0 0 0.955301 -0.122473 -0.0372936
916 -44517.3 -46402.2 1884.84 0.01 0.00999834 0.1 0.0999917 0.1 0 0 0.955512 -0.121423 -0.0363109
917 -44525.5 -46402.2 1876.66 0.01 0.0100017 0.1 0.100009 0.1 0 0 0.95551 -0.121199 -0.0350225
918 -44538.4 -46402.2 1863.79 0.01 0.00999577 0.1 0.0999788 0.1 0 0 0.955906 -0.121161 -0.0333883
919 -44560.8 -46402.2 1841.33 0.01 0.0100024 0.1 0.100012 0.1 0 0 0.956466 -0.120577 -0.0342763
920 -44556 -46402.2 1846.17 0.01 0.00999591 0.1 0.0999796 0.1 0 0 0.956528 -0.120554 -0.0335419
921 -44555 -46402.2 1847.14 0.01 0.0100058 0.1 0.100029 0.1 0 0 0.956803 -0.118841 -0.0340196
922 -44552.7 -46402.2 1849.5 0.01 0.00999824 0.1 0.0999912 0.1 0 0 0.95662 -0.120339 -0.0335998
923 -44559.6 -46402.2 1842.59 0.01 0.0100034 0.1 0.100017 0.1 0 0 0.956775 -0.11988 -0.0331987
924 -44555.1 -46402.2 1847.03 0.01 0.0100038 0.1 0.100019 0.1 0 0 0.956635 -0.120526 -0.0341433
925 -44547.5 -46402.2 1854.71 0.01 0.00999749 0.1 0.0999875 0.1 0 0 0.956722 -0.119856 -0.0339963
926 -44553.8 -46402.2 1848.42 0.01 0.0100013 0.1 0.100007 0.1 0 0 0.956807 -0.11984 -0.0328676
927 -44550.5 -46402.2 1851.67 0.01 0.0100053 0.1 0.100026 0.1 0 0 0.956739 -0.120509 -0.0328647
928 -44528.4 -46402.2 1873.75 0.01 0.0100003 0.1 0.100002 0.1 0 0 0.956647 -0.119541 -0.0330732
929 -44534.5 -46402.2 1867.7 0.01 0.00999895 0.1 0.0999948 0.1 0 0 0.95659 -0.120588 -0.0331165
930 -44536.2 -46402.2 1866 0.01 0.00999969 0.1 0.0999984 0.1 0 0 0.956828 -0.119701 -0.0326862
931 -44527.8 -46402.2 1874.36 0.01 0.00999291 0.1 0.0999645 0.1 0 0 0.956919 -0.119196 -0.0318804
932 -44520.4 -46402.2 1881.75 0.01 0.0100009 0.1 0.100004 0.1 0 0 0.956754 -0.118033 -0.0328508
933 -44517.8 -46402.2 1884.33 0.01 0.00999916 0.1 0.0999958 0.1 0 0 0.956741 -0.117679 -0.0328596
934 -44522.8 -46402.2 1879.36 0.01 0.0100044 0.1 0.100022 0.1 0 0 0.956879 -0.116537 -0.0327351
935 -44518.4 -46402.2 1883.77 0.01 0.0100031 0.1 0.100016 0.1 0 0 0.956796 -0.116462 -0.0324316
936 -44512.9 -46402.2 1889.25 0.01 0.00999807 0.1 0.0999904 0.1 0 0 0.956426 -0.116521 -0.0324175
937 -44506.9 -46402.2 1895.25 0.01 0.0099888 0.1 0.099944 0.1 0 0 0.956374 -0.116117 -0.032971
938 -44507.4 -46402.2 1894.75 0.01 0.00999765 0.1 0.0999883 0.1 0 0 0.956242 -0.115915 -0.0340672
939 -44493.8 -46402.2 1908.34 0.01 0.0100006 0.1 0.100003 0.1 0 0 0.956345 -0.114618 -0.0343573
940 -44486.2 -46402.2 1915.95 0.01 0.0099992 0.1 0.099996 0.1 0 0 0.956273 -0.113433 -0.0339602
941 -44507.9 -46402.2 1894.29 0.01 0.0099982 0.1 0.099991 0.1 0 0 0.956333 -0.114139 -0.0347597
942 -44501.7 -46402.2 1900.46 0.01 0.00999545 0.1 0.0999773 0.1 0 0 0.956343 -0.113458 -0.0353724
943 -44517.3 -46402.2 1884.84 0.01 0.0100055 0.1 0.100028 0.1 0 0 0.95633 -0.113815 -0.0350369
944 -44513.7 -46402.2 1888.52 0.01 0.0100045 0.1 0.100023 0.1 0 0 0.956551 -0.112851 -0.0353849
945 -44523.8 -46402.2 1878.34 0.01 0.00999999 0.1 0.0999999 0.1 0 0 0.956467 -0.111736 -0.0355923
946 -44521.9 -46402.2 1880.27 0.01 0.00999786 0.1 0.0999893 0.1 0 0 0.956969 -0.110226 -0.0347504
947 -44515.6 -46402.2 1886.54 0.01 0.00999681 0.1 0.0999841 0.1 0 0 0.956968 -0.111359 -0.0341221
948 -44504.9 -46402.2 1897.29 0.01 0.01 0.1 0.1 0.1 0 0 0.956868 -0.109933 -0.0344792
949 -44495.6 -46402.2 1906.62 0.01 0.00999437 0.1 0.0999719 0.1 0 0 0.956719 -0.110017 -0.0346789
950 -44509.5 -46402.2 1892.64 0.01 0.00999898 0.1 0.0999949 0.1 0 0 0.957062 -0.110439 -0.0340515
951 -44498.3 -46402.2 1903.88 0.01 0.00999472 0.1 0.0999736 0.1 0 0 0.956982 -0.110326 -0.0341241
952 -44512.8 -46402.2 1889.35 0.01 0.0100052 0.1 0.100026 0.1 0 0 0.957646 -0.108562 -0.0337391
953 -44498.9 -46402.2 1903.26 0.01 0.00999335 0.1 0.0999667 0.1 0 0 0.957307 -0.108852 -0.0331931
954 -44509.4 -46402.2 1892.82 0.01 0.01 0.1 0.1 0.1 0 0 0.957451 -0.108018 -0.034137
955 -44510.2 -46402.2 1891.94 0.01 0.0100026 0.1 0.100013 0.1 0 0 0.95729 -0.107046 -0.0337607
956 -44513.4 -46402.2 1888.82 0.01 0.00999369 0.1 0.0999684 0.1 0 0 0.957606 -0.106112 -0.034368
957 -44509.3 -46402.2 1892.91 0.01 0.0100069 0.1 0.100035 0.1 0 0 0.957679 -0.105801 -0.0334423
958 -44507.3 -46402.2 1894.86 0.01 0.0100027 0.1 0.100013 0.1 0 0 0.957787 -0.10482 -0.0329627
959 -44512.2 -46402.2 1890.01 0.01 0.0099936 0.1 0.099968 0.1 0 0 0.958001 -0.104764 -0.0322621
960 -44504.7 -46402.2 1897.49 0.01 0.0100117 0.1 0.100058 0.1 0 0 0.957888 -0.105294 -0.0312128
961 -44507.9 -46402.2 1894.26 0.01 0.0100043 0.1 0.100021 0.1 0 0 0.957895 -0.10448 -0.0317015
962 -44509.4 -46402.2 1892.79 0.01 0.00999835 0.1 0.0999917 0.1 0 0 0.957906 -0.104523 -0.0318724
963 -44496.8 -46402.2 1905.41 0.01 0.00999439 0.1 0.0999719 0.1 0 0 0.957588 -0.105534 -0.031523
964 -44508.9 -46402.2 1893.27 0.01 0.0100029 0.1 0.100015 0.1 0 0 0.95805 -0.103951 -0.030972
965 -44505.8 -46402.2 1896.33 0.01 0.0100033 0.1 0.100016 0.1 0 0 0.958015 -0.104338 -0.0308137
966 -44516.2 -46402.2 1885.95 0.01 0.00999812 0.1 0.0999906 0.1 0 0 0.958106 -0.103717 -0.0307052
967 -44515.5 -46402.2 1886.68 0.01 0.00999576 0.1 0.0999788 0.1 0 0 0.957958 -0.104012 -0.0295625
968 -44519.5 -46402.2 1882.68 0.01 0.0100016 0.1 0.100008 0.1 0 0 0.957957 -0.103154 -0.0302923
969 -44527.3 -46402.2 1874.88 0.01 0.0100052 0.1 0.100026 0.1 0 0 0.95812 -0.102691 -0.0304391
970 -44511.6 -46402.2 1890.61 0.01 0.0100015 0.1 0.100008 0.1 0 0 0.958075 -0.101064 -0.0292164
971 -44533.1 -46402.2 1869.1 0.01 0.0100007 0.1 0.100004 0.1 0 0 0.958175 -0.102278 -0.0287027
972 -44544.7 -46402.2 1857.52 0.01 0.00999859 0.1 0.0999929 0.1 0 0 0.95851 -0.101983 -0.0298964
973 -44544.7 -46402.2 1857.5 0.01 0.0100041 0.1 0.100021 0.1 0 0 0.959168 -0.1006 -0.030416
974 -44550.7 -46402.2 1851.5 0.01 0.0100055 0.1 0.100027 0.1 0 0 0.95925 -0.100009 -0.0292743
975 -44540.9 -46402.2 1861.27 0.01 0.0100085 0.1 0.100043 0.1 0 0 0.959032 -0.101013 -0.0294842
976 -44512.1 -46402.2 1890.04 0.01 0.0100072 0.1 0.100036 0.1 0 0 0.958714 -0.100608 -0.0288376
977 -44522.9 -46402.2 1879.29 0.01 0.0100027 0.1 0.100014 0.1 0 0 0.958808 -0.100909 -0.0286082
978 -44540.4 -46402.2 1861.8 0.01 0.00999524 0.1 0.0999762 0.1 0 0 0.959158 -0.1 -0.0276178
979 -44550.6 -46402.2 1851.55 0.01 0.0099906 0.1 0.099953 0.1 0 0 0.959246 -0.0999779 -0.028025
980 -44554.3 -46402.2 1847.91 0.01 0.010002 0.1 0.10001 0.1 0 0 0.959296 -0.0995374 -0.0289387
981 -44534.5 -46402.2 1867.72 0.01 0.0100035 0.1 0.100017 0.1 0 0 0.95912 -0.0984654 -0.0297494
982 -44531.3 -46402.2 1870.87 0.01 0.0100023 0.1 0.100012 0.1 0 0 0.958947 -0.0990573 -0.0287746
983 -44532.1 -46402.2 1870.03 0.01 0.00999176 0.1 0.0999588 0.1 0 0 0.95878 -0.10101 -0.0278279
984 -44529.1 -46402.2 1873.1 0.01 0.0100042 0.1 0.100021 0.1 0 0 0.958831 -0.100041 -0.0267336
985 -44528.1 -46402.2 1874.07 0.01 0.0100009 0.1 0.100005 0.1 0 0 0.958558 -0.0989265 -0.0282295
986 -44521.5 -46402.2 1880.71 0.01 0.00998666 0.1 0.0999333 0.1 0 0 0.958527 -0.0991178 -0.0288416
987 -44529.2 -46402.2 1872.99 0.01 0.00999567 0.1 0.0999783 0.1 0 0 0.958425 -0.099804 -0.0283481
988 -44522.9 -46402.2 1879.25 0.01 0.00999771 0.1 0.0999885 0.1 0 0 0.958614 -0.0984721 -0.0281895
989 -44529 -46402.2 1873.16 0.01 0.00999724 0.1 0.0999862 0.1 0 0 0.95888 -0.0977795 -0.0292394
990 -44539 -46402.2 1863.21 0.01 0.0100004 0.1 0.100002 0.1 0 0 0.958759 -0.0982559 -0.0295982
991 -44542.1 -46402.2 1860.09 0.01 0.00999792 0.1 0.0999896 0.1 0 0 0.958665 -0.0990791 -0.029038
992 -44523.4 -46402.2 1878.78 0.01 0.00999657 0.1 0.0999828 0.1 0 0 0.958555 -0.0992267 -0.0287403
993 -44535.4 -46402.2 1866.78 0.01 0.00999297 0.1 0.0999648 0.1 0 0 0.958601 -0.0986335 -0.0273073
994 -44551.7 -46402.2 1850.5 0.01 0.0100009 0.1 0.100005 0.1 0 0 0.958732 -0.0983988 -0.0285233
995 -44543.5 -46402.2 1858.7 0.01 0.0100004 0.1 0.100002 0.1 0 0 0.958438 -0.0990577 -0.0292951
996 -44543.8 -46402.2 1858.39 0.01 0.00999011 0.1 0.0999505 0.1 0 0 0.958843 -0.0979092 -0.0279725
997 -44536.9 -46402.2 1865.32 0.01 0.0100046 0.1 0.100023 0.1 0 0 0.959076 -0.0971186 -0.0264357
998 -44547.4 -46402.2 1854.76 0.01 0.0100073 0.1 0.100036 0.1 0 0 0.959194 -0.0971177 -0.0265319
999 -44540.6 -46402.2 1861.59 0.01 0.0100009 0.1 0.100005 0.1 0 0 0.959216 -0.09716 -0.0274095
1000 -44508.5 -46402.2 1893.69 0.01 0.0100034 0.1 0.100017 0.1 0 0 0.95903 -0.0959772 -0.027081
