# Iteration Energy MinEnergy Delta temp realtemp dtheta realdtheta MagneticFieldX Y Z MagnetizationX Y Z
1 -1502.65 -46236 44733.3 0.01 0.0100017 0.1 0.100008 0.08 0 0 0.00336464 -0.0102745 -0.000597364
2 -2738.03 -46236 43498 0.01 0.00999787 0.1 0.0999893 0.08 0 0 0.00564631 -0.0115922 -0.000645541
3 -3885.49 -46236 42350.5 0.01 0.0100052 0.1 0.100026 0.08 0 0 0.00746337 -0.0126741 -0.00110841
4 -4960.4 -46236 41275.6 0.01 0.0100025 0.1 0.100013 0.08 0 0 0.00884799 -0.0136864 -0.000250333
5 -5991.21 -46236 40244.8 0.01 0.010005 0.1 0.100025 0.08 0 0 0.0115866 -0.0149199 0.00039193
6 -6980.01 -46236 39256 0.01 0.0100007 0.1 0.100003 0.08 0 0 0.0141288 -0.0156076 -0.00104811
7 -7944.02 -46236 38292 0.01 0.0100025 0.1 0.100012 0.08 0 0 0.0159182 -0.0170686 -0.000741541
8 -8870.45 -46236 37365.5 0.01 0.00999347 0.1 0.0999673 0.08 0 0 0.0179215 -0.0180742 -0.00135736
9 -9811.5 -46236 36424.5 0.01 0.0100021 0.1 0.10001 0.08 0 0 0.0204851 -0.0198735 -0.000921201
10 -10742.2 -46236 35493.8 0.01 0.0099981 0.1 0.0999905 0.08 0 0 0.0222591 -0.0211667 -0.00138908
11 -11683.2 -46236 34552.8 0.01 0.0099994 0.1 0.099997 0.08 0 0 0.024105 -0.0231287 -0.000441086
12 -12613.8 -46236 33622.2 0.01 0.0099983 0.1 0.0999915 0.08 0 0 0.026511 -0.0251204 -0.000240712
13 -13536.5 -46236 32699.4 0.01 0.00999203 0.1 0.0999601 0.08 0 0 0.0304717 -0.0262619 -0.000830157
14 -14467.4 -46236 31768.5 0.01 0.00999799 0.1 0.0999899 0.08 0 0 0.0326249 -0.0280358 -0.0009338
15 -15399.2 -46236 30836.8 0.01 0.00999718 0.1 0.0999859 0.08 0 0 0.0357583 -0.029789 -0.0019085
16 -16320.6 -46236 29915.4 0.01 0.0100071 0.1 0.100036 0.08 0 0 0.0394246 -0.031539 -0.00142923
17 -17212.1 -46236 29023.9 0.01 0.0100004 0.1 0.100002 0.08 0 0 0.0417688 -0.0336207 -0.00112358
18 -18094 -46236 28142 0.01 0.0100017 0.1 0.100008 0.08 0 0 0.0452571 -0.0359896 -0.00159059
19 -18965.4 -46236 27270.6 0.01 0.00999734 0.1 0.0999867 0.08 0 0 0.048798 -0.0384976 -0.00150321
20 -19838 -46236 26398 0.01 0.0100092 0.1 0.100046 0.08 0 0 0.0513485 -0.0402424 -0.00168865
21 -20663.1 -46236 25572.9 0.01 0.00999861 0.1 0.099993 0.08 0 0 0.0539586 -0.0427638 -0.00264034
22 -21500 -46236 24736 0.01 0.00998887 0.1 0.0999443 0.08 0 0 0.057589 -0.0447515 -0.00275458
23 -22298.7 -46236 23937.2 0.01 0.00999393 0.1 0.0999696 0.08 0 0 0.0610002 -0.0465946 -0.00262942
24 -23074.2 -46236 23161.8 0.01 0.00999791 0.1 0.0999895 0.08 0 0 0.0636214 -0.0485642 -0.0028374
25 -23836.7 -46236 22399.3 0.01 0.00999346 0.1 0.0999673 0.08 0 0 0.0672299 -0.0512299 -0.0034606
26 -24574.5 -46236 21661.5 0.01 0.00998847 0.1 0.0999423 0.08 0 0 0.0711083 -0.0537957 -0.00451061
27 -25273.1 -46236 20962.9 0.01 0.00999612 0.1 0.0999806 0.08 0 0 0.0749211 -0.0566514 -0.00433953
28 -25912.7 -46236 20323.3 0.01 0.00999872 0.1 0.0999936 0.08 0 0 0.0774813 -0.0587381 -0.00420017
29 -26523.5 -46236 19712.5 0.01 0.00999702 0.1 0.0999851 0.08 0 0 0.079904 -0.0610766 -0.00466257
30 -27103.3 -46236 19132.6 0.01 0.00999859 0.1 0.099993 0.08 0 0 0.083855 -0.063722 -0.00494002
31 -27681.5 -46236 18554.4 0.01 0.00999737 0.1 0.0999869 0.08 0 0 0.0870934 -0.0663524 -0.00468935
32 -28202.3 -46236 18033.7 0.01 0.00999365 0.1 0.0999683 0.08 0 0 0.0888546 -0.0682274 -0.00555449
33 -28690.6 -46236 17545.4 0.01 0.00999729 0.1 0.0999865 0.08 0 0 0.0920257 -0.0693677 -0.00714779
34 -29175 -46236 17061 0.01 0.010004 0.1 0.10002 0.08 0 0 0.0941454 -0.0718883 -0.0068404
35 -29641.9 -46236 16594.1 0.01 0.00999907 0.1 0.0999953 0.08 0 0 0.0971011 -0.0725233 -0.00598382
36 -30070.2 -46236 16165.8 0.01 0.00999549 0.1 0.0999774 0.08 0 0 0.0997876 -0.0732154 -0.00641472
37 -30496 -46236 15740 0.01 0.0100006 0.1 0.100003 0.08 0 0 0.103082 -0.0752919 -0.00715821
38 -30896.5 -46236 15339.5 0.01 0.00999743 0.1 0.0999872 0.08 0 0 0.106542 -0.0761953 -0.00679199
39 -31301.6 -46236 14934.4 0.01 0.0100016 0.1 0.100008 0.08 0 0 0.109015 -0.0782435 -0.00748379
40 -31643.2 -46236 14592.8 0.01 0.0100021 0.1 0.100011 0.08 0 0 0.1117 -0.0804315 -0.00802464
41 -31973.6 -46236 14262.4 0.01 0.0100031 0.1 0.100016 0.08 0 0 0.11514 -0.0821024 -0.00775507
42 -32274.5 -46236 13961.4 0.01 0.0100014 0.1 0.100007 0.08 0 0 0.118834 -0.0828887 -0.00771584
43 -32571.4 -46236 13664.5 0.01 0.0100015 0.1 0.100007 0.08 0 0 0.120646 -0.0844487 -0.0093934
44 -32849.8 -46236 13386.2 0.01 0.0100035 0.1 0.100017 0.08 0 0 0.123908 -0.0864834 -0.00968041
45 -33089.4 -46236 13146.6 0.01 0.0100013 0.1 0.100007 0.08 0 0 0.126542 -0.088878 -0.00925049
46 -33322.2 -46236 12913.8 0.01 0.00999745 0.1 0.0999872 0.08 0 0 0.128735 -0.0894512 -0.00920736
47 -33556.4 -46236 12679.6 0.01 0.00999225 0.1 0.0999613 0.08 0 0 0.131137 -0.0905213 -0.00978471
48 -33767.8 -46236 12468.2 0.01 0.00999296 0.1 0.0999648 0.08 0 0 0.133877 -0.0908581 -0.0109146
49 -33975.6 -46236 12260.4 0.01 0.0099969 0.1 0.0999845 0.08 0 0 0.136655 -0.0923604 -0.0105795
50 -34158.4 -46236 12077.6 0.01 0.0099978 0.1 0.099989 0.08 0 0 0.139044 -0.0942504 -0.0115159
51 -34356 -46236 11879.9 0.01 0.00999781 0.1 0.099989 0.08 0 0 0.141974 -0.0950941 -0.0113742
52 -34539.7 -46236 11696.3 0.01 0.0100005 0.1 0.100002 0.08 0 0 0.143562 -0.0962805 -0.01125
53 -34698.7 -46236 11537.3 0.01 0.0100076 0.1 0.100038 0.08 0 0 0.146749 -0.0984083 -0.0120926
54 -34870.1 -46236 11365.8 0.01 0.0100024 0.1 0.100012 0.08 0 0 0.149663 -0.0993933 -0.0132081
55 -35029.5 -46236 11206.4 0.01 0.0100042 0.1 0.100021 0.08 0 0 0.150747 -0.0998648 -0.013622
56 -35205.1 -46236 11030.9 0.01 0.00999896 0.1 0.0999948 0.08 0 0 0.152785 -0.100876 -0.0136791
57 -35367.7 -46236 10868.2 0.01 0.00999313 0.1 0.0999656 0.08 0 0 0.155865 -0.10299 -0.0139226
58 -35514.1 -46236 10721.9 0.01 0.0100012 0.1 0.100006 0.08 0 0 0.157692 -0.104066 -0.0146388
59 -35656.6 -46236 10579.4 0.01 0.0100046 0.1 0.100023 0.08 0 0 0.161541 -0.104725 -0.0160151
60 -35791.5 -46236 10444.5 0.01 0.00998917 0.1 0.0999458 0.08 0 0 0.164242 -0.105691 -0.0166358
61 -35918.8 -46236 10317.2 0.01 0.0100009 0.1 0.100005 0.08 0 0 0.167126 -0.106119 -0.0165921
62 -36039 -46236 10197 0.01 0.00999993 0.1 0.0999997 0.08 0 0 0.169792 -0.106395 -0.0166514
63 -36172.4 -46236 10063.6 0.01 0.0099981 0.1 0.0999905 0.08 0 0 0.172523 -0.108516 -0.0168976
64 -36299 -46236 9937 0.01 0.0100007 0.1 0.100003 0.08 0 0 0.175119 -0.109038 -0.0179156
65 -36419.6 -46236 9816.37 0.01 0.0100027 0.1 0.100013 0.08 0 0 0.178129 -0.111108 -0.018184
66 -36541.4 -46236 9694.54 0.01 0.0100025 0.1 0.100013 0.08 0 0 0.180648 -0.111589 -0.019308
67 -36658.6 -46236 9577.41 0.01 0.00999805 0.1 0.0999903 0.08 0 0 0.18388 -0.111929 -0.0193955
68 -36774.4 -46236 9461.55 0.01 0.00999907 0.1 0.0999953 0.08 0 0 0.186458 -0.112925 -0.0198121
69 -36883.3 -46236 9352.71 0.01 0.0100019 0.1 0.100009 0.08 0 0 0.18828 -0.113893 -0.0201307
70 -36976 -46236 9260.01 0.01 0.00999688 0.1 0.0999844 0.08 0 0 0.191285 -0.115097 -0.0192675
71 -37077.9 -46236 9158.06 0.01 0.00999345 0.1 0.0999672 0.08 0 0 0.193613 -0.116191 -0.0190557
72 -37146.7 -46236 9089.31 0.01 0.00999765 0.1 0.0999882 0.08 0 0 0.195572 -0.116258 -0.0195335
73 -37236.5 -46236 8999.52 0.01 0.00999707 0.1 0.0999853 0.08 0 0 0.19905 -0.117334 -0.0195546
74 -37309 -46236 8927 0.01 0.0100003 0.1 0.100002 0.08 0 0 0.202297 -0.117014 -0.0194905
75 -37391.9 -46236 8844.12 0.01 0.0100045 0.1 0.100023 0.08 0 0 0.204975 -0.11851 -0.0202122
76 -37489.5 -46236 8746.46 0.01 0.00999776 0.1 0.0999888 0.08 0 0 0.208504 -0.119172 -0.0200852
77 -37555.3 -46236 8680.67 0.01 0.00998564 0.1 0.0999282 0.08 0 0 0.211269 -0.120853 -0.0196311
78 -37644.1 -46236 8591.92 0.01 0.0100033 0.1 0.100017 0.08 0 0 0.214735 -0.121569 -0.0205311
79 -37717.6 -46236 8518.34 0.01 0.0100006 0.1 0.100003 0.08 0 0 0.217261 -0.122685 -0.0210057
80 -37798.4 -46236 8437.55 0.01 0.0099939 0.1 0.0999695 0.08 0 0 0.219577 -0.122712 -0.0213296
81 -37878.2 -46236 8357.83 0.01 0.00999391 0.1 0.0999696 0.08 0 0 0.221742 -0.123535 -0.022082
82 -37964 -46236 8272.01 0.01 0.0100012 0.1 0.100006 0.08 0 0 0.225142 -0.124313 -0.0219638
83 -38057.6 -46236 8178.38 0.01 0.0099935 0.1 0.0999675 0.08 0 0 0.227848 -0.12615 -0.023242
84 -38121 -46236 8115.03 0.01 0.00999826 0.1 0.0999913 0.08 0 0 0.231007 -0.128027 -0.0229042
85 -38218.4 -46236 8017.54 0.01 0.0100004 0.1 0.100002 0.08 0 0 0.233794 -0.129173 -0.0242597
86 -38280.8 -46236 7955.18 0.01 0.0100052 0.1 0.100026 0.08 0 0 0.236542 -0.130874 -0.0251234
87 -38342.1 -46236 7893.93 0.01 0.00999663 0.1 0.0999831 0.08 0 0 0.239469 -0.132906 -0.0249411
88 -38413.7 -46236 7822.23 0.01 0.00999345 0.1 0.0999672 0.08 0 0 0.241282 -0.133672 -0.0242534
89 -38495.5 -46236 7740.51 0.01 0.00999108 0.1 0.0999554 0.08 0 0 0.243567 -0.135148 -0.0238936
90 -38548.1 -46236 7687.86 0.01 0.00999753 0.1 0.0999876 0.08 0 0 0.245976 -0.135431 -0.0247375
91 -38616 -46236 7620.03 0.01 0.0100006 0.1 0.100003 0.08 0 0 0.248911 -0.137918 -0.0238341
92 -38688.3 -46236 7547.67 0.01 0.00999821 0.1 0.099991 0.08 0 0 0.250678 -0.138665 -0.0236397
93 -38768.5 -46236 7467.5 0.01 0.010002 0.1 0.10001 0.08 0 0 0.252421 -0.14 -0.0228808
94 -38829 -46236 7407.01 0.01 0.0100008 0.1 0.100004 0.08 0 0 0.255161 -0.140807 -0.0230313
95 -38879.8 -46236 7356.2 0.01 0.0100084 0.1 0.100042 0.08 0 0 0.257231 -0.140324 -0.0230982
96 -38930.5 -46236 7305.51 0.01 0.00999417 0.1 0.0999709 0.08 0 0 0.259702 -0.141472 -0.0238576
97 -38976.5 -46236 7259.43 0.01 0.00999512 0.1 0.0999756 0.08 0 0 0.261958 -0.142844 -0.0248394
98 -39006.9 -46236 7229.12 0.01 0.0100077 0.1 0.100038 0.08 0 0 0.263982 -0.14401 -0.0256348
99 -39067 -46236 7169.02 0.01 0.00998749 0.1 0.0999374 0.08 0 0 0.26671 -0.143635 -0.0270295
100 -39135 -46236 7100.96 0.01 0.00999436 0.1 0.0999718 0.08 0 0 0.268703 -0.14459 -0.0260768
101 -39195.4 -46236 7040.57 0.01 0.00999903 0.1 0.0999952 0.08 0 0 0.271333 -0.145547 -0.026543
102 -39264.1 -46236 6971.9 0.01 0.00999768 0.1 0.0999884 0.08 0 0 0.273521 -0.146525 -0.0285052
103 -39316.8 -46236 6919.14 0.01 0.00999714 0.1 0.0999857 0.08 0 0 0.274908 -0.147144 -0.029045
104 -39356.9 -46236 6879.05 0.01 0.010003 0.1 0.100015 0.08 0 0 0.275693 -0.14989 -0.0291098
105 -39393.3 -46236 6842.7 0.01 0.0100043 0.1 0.100021 0.08 0 0 0.278058 -0.15025 -0.0291751
106 -39447.4 -46236 6788.59 0.01 0.00999809 0.1 0.0999905 0.08 0 0 0.280535 -0.150492 -0.0291861
107 -39484.9 -46236 6751.11 0.01 0.00999947 0.1 0.0999974 0.08 0 0 0.283467 -0.151786 -0.0289346
108 -39540 -46236 6696.02 0.01 0.00999857 0.1 0.0999929 0.08 0 0 0.285022 -0.153755 -0.0283166
109 -39591.1 -46236 6644.88 0.01 0.00999103 0.1 0.0999551 0.08 0 0 0.286806 -0.155042 -0.0288807
110 -39629.8 -46236 6606.19 0.01 0.0100032 0.1 0.100016 0.08 0 0 0.288681 -0.155266 -0.0289286
111 -39672.6 -46236 6563.4 0.01 0.00999676 0.1 0.0999838 0.08 0 0 0.29105 -0.156638 -0.0280937
112 -39718.1 -46236 6517.89 0.01 0.00999776 0.1 0.0999888 0.08 0 0 0.29289 -0.158076 -0.0285026
113 -39753.2 -46236 6482.79 0.01 0.00999745 0.1 0.0999873 0.08 0 0 0.294634 -0.158864 -0.0295035
114 -39800.8 -46236 6435.2 0.01 0.0100032 0.1 0.100016 0.08 0 0 0.296759 -0.159264 -0.0302194
115 -39817.7 -46236 6418.24 0.01 0.00999761 0.1 0.099988 0.08 0 0 0.298866 -0.159641 -0.0309406
116 -39852.6 -46236 6383.41 0.01 0.0100077 0.1 0.100038 0.08 0 0 0.301102 -0.160913 -0.0304954
117 -39889.6 -46236 6346.41 0.01 0.0100043 0.1 0.100022 0.08 0 0 0.302289 -0.162565 -0.0317853
118 -39948.8 -46236 6287.19 0.01 0.00999747 0.1 0.0999874 0.08 0 0 0.30465 -0.16325 -0.031063
119 -39991.9 -46236 6244.04 0.01 0.00999454 0.1 0.0999727 0.08 0 0 0.306423 -0.164841 -0.0317001
120 -40036.7 -46236 6199.27 0.01 0.0100041 0.1 0.10002 0.08 0 0 0.309258 -0.165435 -0.0313981
121 -40058.6 -46236 6177.35 0.01 0.0100051 0.1 0.100025 0.08 0 0 0.31121 -0.165555 -0.0304191
122 -40105.8 -46236 6130.21 0.01 0.00999712 0.1 0.0999856 0.08 0 0 0.315154 -0.166674 -0.0305323
123 -40141 -46236 6095.03 0.01 0.00999804 0.1 0.0999902 0.08 0 0 0.317606 -0.167358 -0.0317123
124 -40165 -46236 6071 0.01 0.00999306 0.1 0.0999653 0.08 0 0 0.319075 -0.167829 -0.0309137
125 -40207.8 -46236 6028.22 0.01 0.00999467 0.1 0.0999733 0.08 0 0 0.320254 -0.168602 -0.0317358
126 -40240.2 -46236 5995.76 0.01 0.00999694 0.1 0.0999847 0.08 0 0 0.321258 -0.16894 -0.0314607
127 -40290.1 -46236 5945.92 0.01 0.0100022 0.1 0.100011 0.08 0 0 0.323464 -0.169936 -0.0321412
128 -40321.8 -46236 5914.21 0.01 0.00999931 0.1 0.0999966 0.08 0 0 0.325757 -0.170499 -0.0317642
129 -40346.6 -46236 5889.39 0.01 0.010001 0.1 0.100005 0.08 0 0 0.327267 -0.17169 -0.0316935
130 -40383.9 -46236 5852.09 0.01 0.00999466 0.1 0.0999733 0.08 0 0 0.329119 -0.170862 -0.0310353
131 -40451 -46236 5784.96 0.01 0.0100064 0.1 0.100032 0.08 0 0 0.332195 -0.171728 -0.0307702
132 -40480.9 -46236 5755.12 0.01 0.0100008 0.1 0.100004 0.08 0 0 0.333693 -0.172817 -0.0305893
133 -40506.6 -46236 5729.35 0.01 0.0099978 0.1 0.099989 0.08 0 0 0.335177 -0.173646 -0.0304093
134 -40533.7 -46236 5702.24 0.01 0.0100005 0.1 0.100003 0.08 0 0 0.336548 -0.175545 -0.0301746
135 -40563.7 -46236 5672.32 0.01 0.0100036 0.1 0.100018 0.08 0 0 0.338864 -0.177956 -0.0297867
136 -40599.8 -46236 5636.18 0.01 0.00999853 0.1 0.0999926 0.08 0 0 0.340778 -0.178752 -0.0304354
137 -40653.2 -46236 5582.82 0.01 0.0100016 0.1 0.100008 0.08 0 0 0.343204 -0.179034 -0.0306243
138 -40679.4 -46236 5556.63 0.01 0.00999575 0.1 0.0999788 0.08 0 0 0.344796 -0.179477 -0.0310059
139 -40697.4 -46236 5538.55 0.01 0.010001 0.1 0.100005 0.08 0 0 0.346371 -0.179697 -0.0297887
140 -40750.9 -46236 5485.06 0.01 0.00999503 0.1 0.0999751 0.08 0 0 0.346844 -0.179013 -0.0305114
141 -40763.9 -46236 5472.08 0.01 0.0100014 0.1 0.100007 0.08 0 0 0.349232 -0.180007 -0.0314723
142 -40796.5 -46236 5439.5 0.01 0.0100116 0.1 0.100058 0.08 0 0 0.350959 -0.182019 -0.0316575
143 -40827.5 -46236 5408.52 0.01 0.00999882 0.1 0.0999941 0.08 0 0 0.352768 -0.183586 -0.0323301
144 -40877.4 -46236 5358.57 0.01 0.0100024 0.1 0.100012 0.08 0 0 0.355138 -0.184092 -0.0312434
145 -40902.2 -46236 5333.8 0.01 0.0100021 0.1 0.100011 0.08 0 0 0.355787 -0.185545 -0.0314918
146 -40946.6 -46236 5289.41 0.01 0.0100025 0.1 0.100013 0.08 0 0 0.358208 -0.186535 -0.0309224
147 -40973.4 -46236 5262.54 0.01 0.0100031 0.1 0.100015 0.08 0 0 0.359732 -0.185865 -0.0315006
148 -40991.2 -46236 5244.78 0.01 0.0100021 0.1 0.10001 0.08 0 0 0.360725 -0.186291 -0.0320574
149 -41017.9 -46236 5218.12 0.01 0.00999793 0.1 0.0999897 0.08 0 0 0.362474 -0.187055 -0.0313155
150 -41043.6 -46236 5192.37 0.01 0.00999997 0.1 0.0999999 0.08 0 0 0.364747 -0.188003 -0.0322327
151 -41075.6 -46236 5160.42 0.01 0.00999775 0.1 0.0999888 0.08 0 0 0.367816 -0.187591 -0.0321536
152 -41114.6 -46236 5121.38 0.01 0.00999893 0.1 0.0999947 0.08 0 0 0.370409 -0.187833 -0.0319628
153 -41125.9 -46236 5110.08 0.01 0.0100049 0.1 0.100024 0.08 0 0 0.372084 -0.188842 -0.0331481
154 -41140.3 -46236 5095.68 0.01 0.0100016 0.1 0.100008 0.08 0 0 0.374125 -0.189575 -0.0338476
155 -41146.4 -46236 5089.57 0.01 0.010009 0.1 0.100045 0.08 0 0 0.376476 -0.190242 -0.0333651
156 -41167.5 -46236 5068.49 0.01 0.0100017 0.1 0.100008 0.08 0 0 0.377783 -0.190226 -0.033864
157 -41186.5 -46236 5049.47 0.01 0.00999731 0.1 0.0999865 0.08 0 0 0.379619 -0.19082 -0.0331515
158 -41218.8 -46236 5017.22 0.01 0.0100034 0.1 0.100017 0.08 0 0 0.380974 -0.191017 -0.0328925
159 -41238.4 -46236 4997.61 0.01 0.00999281 0.1 0.099964 0.08 0 0 0.383344 -0.192065 -0.033125
160 -41288 -46236 4948.03 0.01 0.0100016 0.1 0.100008 0.08 0 0 0.385854 -0.191781 -0.0346733
161 -41300 -46236 4935.95 0.01 0.0100023 0.1 0.100011 0.08 0 0 0.387854 -0.19237 -0.035098
162 -41320.8 -46236 4915.14 0.01 0.0100065 0.1 0.100033 0.08 0 0 0.388727 -0.193335 -0.0338899
163 -41342.9 -46236 4893.1 0.01 0.0100032 0.1 0.100016 0.08 0 0 0.390799 -0.192642 -0.0335385
164 -41352.8 -46236 4883.16 0.01 0.0100008 0.1 0.100004 0.08 0 0 0.393379 -0.192533 -0.0339345
165 -41376.9 -46236 4859.08 0.01 0.0100002 0.1 0.100001 0.08 0 0 0.396221 -0.193237 -0.035011
166 -41390.1 -46236 4845.83 0.01 0.0100006 0.1 0.100003 0.08 0 0 0.396561 -0.192837 -0.034774
167 -41419.2 -46236 4816.81 0.01 0.0100017 0.1 0.100009 0.08 0 0 0.398024 -0.19383 -0.034792
168 -41450 -46236 4786 0.01 0.00999513 0.1 0.0999757 0.08 0 0 0.399078 -0.195258 -0.0355071
169 -41461.9 -46236 4774.11 0.01 0.0100037 0.1 0.100019 0.08 0 0 0.401123 -0.196641 -0.0346794
170 -41491.8 -46236 4744.19 0.01 0.01 0.1 0.1 0.08 0 0 0.403074 -0.198192 -0.0350739
171 -41511.1 -46236 4724.88 0.01 0.0100059 0.1 0.100029 0.08 0 0 0.404211 -0.199205 -0.0338131
172 -41521.4 -46236 4714.59 0.01 0.00999507 0.1 0.0999753 0.08 0 0 0.405432 -0.200148 -0.0343215
173 -41519.7 -46236 4716.26 0.01 0.0100029 0.1 0.100015 0.08 0 0 0.405694 -0.200412 -0.0342315
174 -41529.5 -46236 4706.47 0.01 0.00999132 0.1 0.0999566 0.08 0 0 0.406561 -0.201222 -0.0331737
175 -41549.7 -46236 4686.27 0.01 0.00999911 0.1 0.0999956 0.08 0 0 0.407854 -0.200738 -0.032895
176 -41573.4 -46236 4662.61 0.01 0.0100023 0.1 0.100011 0.08 0 0 0.410471 -0.201332 -0.0330224
177 -41585.7 -46236 4650.32 0.01 0.0100018 0.1 0.100009 0.08 0 0 0.413126 -0.200923 -0.0338741
178 -41605.4 -46236 4630.58 0.01 0.00999829 0.1 0.0999914 0.08 0 0 0.415311 -0.202709 -0.035165
179 -41630 -46236 4605.98 0.01 0.00999452 0.1 0.0999726 0.08 0 0 0.417113 -0.203501 -0.0357911
180 -41673 -46236 4562.98 0.01 0.00999434 0.1 0.0999717 0.08 0 0 0.419969 -0.204027 -0.0354963
181 -41678.5 -46236 4557.46 0.01 0.00999947 0.1 0.0999973 0.08 0 0 0.422159 -0.204319 -0.0344228
182 -41718.9 -46236 4517.07 0.01 0.010001 0.1 0.100005 0.08 0 0 0.423415 -0.204042 -0.0369531
183 -41740.7 -46236 4495.3 0.01 0.00999716 0.1 0.0999858 0.08 0 0 0.425153 -0.204732 -0.0371338
184 -41779.9 -46236 4456.08 0.01 0.00999797 0.1 0.0999898 0.08 0 0 0.426935 -0.205146 -0.035433
185 -41799.3 -46236 4436.65 0.01 0.0100037 0.1 0.100019 0.08 0 0 0.42771 -0.204831 -0.0351815
186 -41801.7 -46236 4434.28 0.01 0.00999579 0.1 0.0999789 0.08 0 0 0.430664 -0.204583 -0.0351686
187 -41814.9 -46236 4421.12 0.01 0.0100023 0.1 0.100012 0.08 0 0 0.432695 -0.206126 -0.0358289
188 -41841.8 -46236 4394.22 0.01 0.00999673 0.1 0.0999836 0.08 0 0 0.434326 -0.206462 -0.0357149
189 -41858.4 -46236 4377.54 0.01 0.0100015 0.1 0.100007 0.08 0 0 0.436446 -0.20667 -0.0363476
190 -41858.3 -46236 4377.71 0.01 0.00999668 0.1 0.0999834 0.08 0 0 0.438506 -0.207232 -0.0368153
191 -41867.1 -46236 4368.89 0.01 0.0100065 0.1 0.100032 0.08 0 0 0.439941 -0.206988 -0.036344
192 -41899.6 -46236 4336.36 0.01 0.0100025 0.1 0.100012 0.08 0 0 0.441683 -0.20817 -0.036524
193 -41908.4 -46236 4327.62 0.01 0.0100004 0.1 0.100002 0.08 0 0 0.444959 -0.208879 -0.0365269
194 -41944.6 -46236 4291.36 0.01 0.00999649 0.1 0.0999824 0.08 0 0 0.447573 -0.210173 -0.0356133
195 -41965.3 -46236 4270.67 0.01 0.0100029 0.1 0.100015 0.08 0 0 0.447468 -0.211094 -0.0358218
196 -41974.8 -46236 4261.23 0.01 0.00999696 0.1 0.0999848 0.08 0 0 0.449382 -0.210757 -0.0360711
197 -41983.4 -46236 4252.53 0.01 0.00999771 0.1 0.0999886 0.08 0 0 0.450542 -0.211206 -0.0360066
198 -41989.1 -46236 4246.92 0.01 0.0100031 0.1 0.100016 0.08 0 0 0.452299 -0.211097 -0.0363676
199 -42006.5 -46236 4229.52 0.01 0.00999982 0.1 0.0999991 0.08 0 0 0.453478 -0.2117 -0.036853
200 -42016.6 -46236 4219.37 0.01 0.0100061 0.1 0.10003 0.08 0 0 0.455413 -0.212416 -0.0370576
201 -42018.2 -46236 4217.75 0.01 0.00999368 0.1 0.0999684 0.08 0 0 0.456859 -0.212966 -0.0352308
202 -42032.3 -46236 4203.7 0.01 0.00999925 0.1 0.0999963 0.08 0 0 0.458965 -0.214635 -0.0363368
203 -42052.3 -46236 4183.67 0.01 0.00999817 0.1 0.0999908 0.08 0 0 0.461104 -0.214819 -0.035801
204 -42090.1 -46236 4145.91 0.01 0.00999851 0.1 0.0999926 0.08 0 0 0.463398 -0.214497 -0.0365995
205 -42089.5 -46236 4146.48 0.01 0.00999743 0.1 0.0999872 0.08 0 0 0.464259 -0.214613 -0.0373828
206 -42113.3 -46236 4122.67 0.01 0.00999703 0.1 0.0999851 0.08 0 0 0.465681 -0.216174 -0.037216
207 -42129.2 -46236 4106.82 0.01 0.0100058 0.1 0.100029 0.08 0 0 0.467181 -0.216918 -0.0370893
208 -42140.7 -46236 4095.25 0.01 0.00999255 0.1 0.0999627 0.08 0 0 0.468712 -0.218081 -0.0381571
209 -42167.7 -46236 4068.3 0.01 0.0100032 0.1 0.100016 0.08 0 0 0.471493 -0.219634 -0.037331
210 -42175.1 -46236 4060.89 0.01 0.0100057 0.1 0.100028 0.08 0 0 0.4727 -0.219396 -0.0370449
211 -42190.6 -46236 4045.39 0.01 0.00999935 0.1 0.0999967 0.08 0 0 0.475094 -0.22062 -0.037738
212 -42194.1 -46236 4041.89 0.01 0.0100062 0.1 0.100031 0.08 0 0 0.475962 -0.22167 -0.0380803
213 -42222.6 -46236 4013.43 0.01 0.00999779 0.1 0.0999889 0.08 0 0 0.477389 -0.222971 -0.038011
214 -42206.9 -46236 4029.1 0.01 0.00999591 0.1 0.0999795 0.08 0 0 0.4783 -0.22425 -0.038924
215 -42225.2 -46236 4010.77 0.01 0.00999832 0.1 0.0999916 0.08 0 0 0.48052 -0.223193 -0.0400311
216 -42253.5 -46236 3982.45 0.01 0.0100003 0.1 0.100002 0.08 0 0 0.482369 -0.224057 -0.0403316
217 -42244.2 -46236 3991.79 0.01 0.00999932 0.1 0.0999966 0.08 0 0 0.483118 -0.225098 -0.0408878
218 -42269 -46236 3966.97 0.01 0.0099991 0.1 0.0999955 0.08 0 0 0.484975 -0.225871 -0.0413798
219 -42279.2 -46236 3956.75 0.01 0.0100027 0.1 0.100014 0.08 0 0 0.486394 -0.226762 -0.04193
220 -42287.2 -46236 3948.79 0.01 0.00999784 0.1 0.0999892 0.08 0 0 0.487706 -0.227121 -0.0420396
221 -42328 -46236 3908.02 0.01 0.00999937 0.1 0.0999968 0.08 0 0 0.48968 -0.228015 -0.0416577
222 -42353.6 -46236 3882.36 0.01 0.0100081 0.1 0.100041 0.08 0 0 0.491234 -0.22838 -0.0428029
223 -42358.9 -46236 3877.07 0.01 0.0100059 0.1 0.100029 0.08 0 0 0.493945 -0.229624 -0.0426089
224 -42372.4 -46236 3863.56 0.01 0.00999416 0.1 0.0999708 0.08 0 0 0.495369 -0.229862 -0.0428416
225 -42380.2 -46236 3855.73 0.01 0.00999868 0.1 0.0999934 0.08 0 0 0.49703 -0.231002 -0.0430238
226 -42381.6 -46236 3854.39 0.01 0.00999523 0.1 0.0999762 0.08 0 0 0.498703 -0.230446 -0.0437709
227 -42405.7 -46236 3830.29 0.01 0.0100012 0.1 0.100006 0.08 0 0 0.500421 -0.229904 -0.0439572
228 -42395.3 -46236 3840.65 0.01 0.00999867 0.1 0.0999934 0.08 0 0 0.501407 -0.230443 -0.0436597
229 -42442.5 -46236 3793.49 0.01 0.0100014 0.1 0.100007 0.08 0 0 0.503793 -0.230371 -0.0430767
230 -42481.7 -46236 3754.3 0.01 0.0100041 0.1 0.10002 0.08 0 0 0.505254 -0.230729 -0.0433891
231 -42485.7 -46236 3750.32 0.01 0.0100034 0.1 0.100017 0.08 0 0 0.506168 -0.23234 -0.0439154
232 -42498.6 -46236 3737.38 0.01 0.0100022 0.1 0.100011 0.08 0 0 0.508213 -0.234207 -0.0436269
233 -42509.1 -46236 3726.93 0.01 0.0100029 0.1 0.100015 0.08 0 0 0.509764 -0.235907 -0.0442451
234 -42522 -46236 3713.97 0.01 0.00999851 0.1 0.0999925 0.08 0 0 0.512029 -0.23636 -0.0458309
235 -42533 -46236 3702.98 0.01 0.00999145 0.1 0.0999573 0.08 0 0 0.51358 -0.235841 -0.0460755
236 -42568 -46236 3667.98 0.01 0.00999555 0.1 0.0999778 0.08 0 0 0.515306 -0.235754 -0.0462397
237 -42572.9 -46236 3663.11 0.01 0.0100032 0.1 0.100016 0.08 0 0 0.516338 -0.235465 -0.0475353
238 -42573.4 -46236 3662.62 0.01 0.00999983 0.1 0.0999992 0.08 0 0 0.517241 -0.236153 -0.0481554
239 -42586.4 -46236 3649.55 0.01 0.0100014 0.1 0.100007 0.08 0 0 0.518626 -0.235653 -0.0481203
240 -42594.7 -46236 3641.23 0.01 0.0100008 0.1 0.100004 0.08 0 0 0.521069 -0.236408 -0.0481056
241 -42615.2 -46236 3620.79 0.01 0.0100025 0.1 0.100012 0.08 0 0 0.521767 -0.23731 -0.0482141
242 -42616.4 -46236 3619.58 0.01 0.00999352 0.1 0.0999676 0.08 0 0 0.522391 -0.237475 -0.0487168
243 -42624.2 -46236 3611.8 0.01 0.00999448 0.1 0.0999724 0.08 0 0 0.524073 -0.237107 -0.047839
244 -42627.1 -46236 3608.93 0.01 0.0100165 0.1 0.100082 0.08 0 0 0.525742 -0.238342 -0.049483
245 -42657.8 -46236 3578.17 0.01 0.00999606 0.1 0.0999803 0.08 0 0 0.527426 -0.238709 -0.0506703
246 -42644 -46236 3591.95 0.01 0.00999359 0.1 0.0999679 0.08 0 0 0.528612 -0.238861 -0.0508711
247 -42652.8 -46236 3583.18 0.01 0.0100023 0.1 0.100011 0.08 0 0 0.530095 -0.240655 -0.0522209
248 -42665.2 -46236 3570.8 0.01 0.00999352 0.1 0.0999676 0.08 0 0 0.530026 -0.241198 -0.0526446
249 -42683.7 -46236 3552.25 0.01 0.00999155 0.1 0.0999577 0.08 0 0 0.531255 -0.241481 -0.052701
250 -42669.4 -46236 3566.6 0.01 0.00999977 0.1 0.0999988 0.08 0 0 0.532428 -0.241625 -0.0536135
251 -42672.5 -46236 3563.48 0.01 0.0100109 0.1 0.100055 0.08 0 0 0.533602 -0.240845 -0.0546307
252 -42684.4 -46236 3551.55 0.01 0.0100094 0.1 0.100047 0.08 0 0 0.535205 -0.241433 -0.0546116
253 -42702.6 -46236 3533.36 0.01 0.0100056 0.1 0.100028 0.08 0 0 0.536342 -0.242401 -0.0534367
254 -42709.2 -46236 3526.8 0.01 0.0100103 0.1 0.100051 0.08 0 0 0.538081 -0.24173 -0.0540363
255 -42717.7 -46236 3518.27 0.01 0.0100052 0.1 0.100026 0.08 0 0 0.539104 -0.242043 -0.0541947
256 -42719.6 -46236 3516.42 0.01 0.0100025 0.1 0.100012 0.08 0 0 0.539631 -0.242236 -0.0541123
257 -42745.6 -46236 3490.34 0.01 0.0100008 0.1 0.100004 0.08 0 0 0.541985 -0.242324 -0.056034
258 -42760.3 -46236 3475.66 0.01 0.0100055 0.1 0.100027 0.08 0 0 0.542049 -0.243009 -0.0562085
259 -42771.3 -46236 3464.7 0.01 0.0099927 0.1 0.0999635 0.08 0 0 0.542442 -0.243923 -0.0569466
260 -42785.5 -46236 3450.49 0.01 0.0100038 0.1 0.100019 0.08 0 0 0.543532 -0.244461 -0.056564
261 -42796.3 -46236 3439.68 0.01 0.00999054 0.1 0.0999527 0.08 0 0 0.545076 -0.245246 -0.0567311
262 -42823.9 -46236 3412.13 0.01 0.010004 0.1 0.10002 0.08 0 0 0.548074 -0.244798 -0.0579249
263 -42836.9 -46236 3399.12 0.01 0.0100076 0.1 0.100038 0.08 0 0 0.549957 -0.24566 -0.0578019
264 -42847 -46236 3388.95 0.01 0.0099971 0.1 0.0999855 0.08 0 0 0.551628 -0.245446 -0.0573694
265 -42832.3 -46236 3403.71 0.01 0.0100007 0.1 0.100004 0.08 0 0 0.552808 -0.245645 -0.0576404
266 -42833.2 -46236 3402.81 0.01 0.00999638 0.1 0.0999819 0.08 0 0 0.554081 -0.246438 -0.057373
267 -42844.5 -46236 3391.51 0.01 0.0100033 0.1 0.100016 0.08 0 0 0.555425 -0.245458 -0.0566005
268 -42840.5 -46236 3395.53 0.01 0.0100021 0.1 0.10001 0.08 0 0 0.557638 -0.244817 -0.0571672
269 -42850.4 -46236 3385.61 0.01 0.00999894 0.1 0.0999947 0.08 0 0 0.558557 -0.24633 -0.0577968
270 -42877.8 -46236 3358.2 0.01 0.010007 0.1 0.100035 0.08 0 0 0.560565 -0.245921 -0.0592396
271 -42884.8 -46236 3351.23 0.01 0.00999806 0.1 0.0999903 0.08 0 0 0.561499 -0.246281 -0.0601813
272 -42901.3 -46236 3334.69 0.01 0.0100011 0.1 0.100005 0.08 0 0 0.562456 -0.245676 -0.0596871
273 -42909.7 -46236 3326.28 0.01 0.00999621 0.1 0.099981 0.08 0 0 0.564238 -0.245525 -0.0594633
274 -42926.9 -46236 3309.05 0.01 0.0100069 0.1 0.100035 0.08 0 0 0.567016 -0.24561 -0.0596638
275 -42919 -46236 3316.96 0.01 0.00999592 0.1 0.0999796 0.08 0 0 0.567775 -0.244776 -0.0601769
276 -42933 -46236 3303.03 0.01 0.0100046 0.1 0.100023 0.08 0 0 0.569747 -0.244959 -0.0606317
277 -42961 -46236 3275 0.01 0.0100015 0.1 0.100007 0.08 0 0 0.571625 -0.244743 -0.0611873
278 -42964.8 -46236 3271.15 0.01 0.010002 0.1 0.10001 0.08 0 0 0.572954 -0.244927 -0.0624804
279 -42980 -46236 3255.96 0.01 0.00999386 0.1 0.0999693 0.08 0 0 0.573463 -0.245291 -0.061683
280 -42975.2 -46236 3260.79 0.01 0.00999633 0.1 0.0999816 0.08 0 0 0.575351 -0.245786 -0.0620405
281 -42977.4 -46236 3258.61 0.01 0.0100033 0.1 0.100016 0.08 0 0 0.576286 -0.245421 -0.062404
282 -42997.7 -46236 3238.3 0.01 0.00999518 0.1 0.0999759 0.08 0 0 0.577258 -0.246238 -0.0632173
283 -42993.9 -46236 3242.04 0.01 0.00999705 0.1 0.0999853 0.08 0 0 0.578497 -0.245998 -0.0640731
284 -43000.5 -46236 3235.46 0.01 0.0100075 0.1 0.100037 0.08 0 0 0.580109 -0.245487 -0.0635569
285 -42987.8 -46236 3248.14 0.01 0.00999765 0.1 0.0999882 0.08 0 0 0.581918 -0.244453 -0.0630444
286 -43002.9 -46236 3233.07 0.01 0.00999573 0.1 0.0999787 0.08 0 0 0.583042 -0.245038 -0.0642804
287 -43013.6 -46236 3222.41 0.01 0.0100011 0.1 0.100006 0.08 0 0 0.584674 -0.245664 -0.0643808
288 -43010.9 -46236 3225.12 0.01 0.00999479 0.1 0.099974 0.08 0 0 0.585456 -0.245007 -0.0645611
289 -43023.1 -46236 3212.93 0.01 0.0100059 0.1 0.100029 0.08 0 0 0.586318 -0.244409 -0.0647169
290 -43051.3 -46236 3184.68 0.01 0.0100071 0.1 0.100036 0.08 0 0 0.587211 -0.24502 -0.0647874
291 -43063.9 -46236 3172.06 0.01 0.0100007 0.1 0.100004 0.08 0 0 0.588345 -0.24522 -0.0651437
292 -43080.2 -46236 3155.75 0.01 0.0100007 0.1 0.100004 0.08 0 0 0.58979 -0.245478 -0.0651292
293 -43098.9 -46236 3137.06 0.01 0.00999661 0.1 0.099983 0.08 0 0 0.59182 -0.245596 -0.0647596
294 -43114.6 -46236 3121.37 0.01 0.0100011 0.1 0.100006 0.08 0 0 0.592722 -0.247046 -0.0631431
295 -43110.7 -46236 3125.26 0.01 0.0100001 0.1 0.1 0.08 0 0 0.594336 -0.247562 -0.0638972
296 -43119.9 -46236 3116.06 0.01 0.00999477 0.1 0.0999739 0.08 0 0 0.595749 -0.247007 -0.0651235
297 -43133.4 -46236 3102.54 0.01 0.00999026 0.1 0.0999513 0.08 0 0 0.59642 -0.247071 -0.0657936
298 -43127.9 -46236 3108.06 0.01 0.0100108 0.1 0.100054 0.08 0 0 0.598092 -0.246105 -0.0657712
299 -43134.8 -46236 3101.16 0.01 0.00999933 0.1 0.0999966 0.08 0 0 0.599859 -0.246411 -0.0665041
300 -43142.8 -46236 3093.21 0.01 0.0100032 0.1 0.100016 0.08 0 0 0.601798 -0.24545 -0.0667846
301 -43148.3 -46236 3087.71 0.01 0.0100058 0.1 0.100029 0.08 0 0 0.603399 -0.246277 -0.0681362
302 -43156.7 -46236 3079.24 0.01 0.0100024 0.1 0.100012 0.08 0 0 0.60449 -0.24631 -0.0702105
303 -43155.2 -46236 3080.73 0.01 0.0100008 0.1 0.100004 0.08 0 0 0.604964 -0.246881 -0.0707242
304 -43166.3 -46236 3069.71 0.01 0.00999388 0.1 0.0999694 0.08 0 0 0.606352 -0.24774 -0.0702155
305 -43166.7 -46236 3069.26 0.01 0.0100035 0.1 0.100017 0.08 0 0 0.607875 -0.246932 -0.0710917
306 -43168.6 -46236 3067.42 0.01 0.00999938 0.1 0.0999969 0.08 0 0 0.609291 -0.248083 -0.0709218
307 -43167.9 -46236 3068.04 0.01 0.00999804 0.1 0.0999902 0.08 0 0 0.610347 -0.248503 -0.0726486
308 -43162.6 -46236 3073.39 0.01 0.00999656 0.1 0.0999828 0.08 0 0 0.612305 -0.248753 -0.0732961
309 -43169.8 -46236 3066.14 0.01 0.0100026 0.1 0.100013 0.08 0 0 0.613354 -0.249071 -0.0741741
310 -43182.1 -46236 3053.86 0.01 0.0100045 0.1 0.100023 0.08 0 0 0.615026 -0.247771 -0.0744781
311 -43183.6 -46236 3052.34 0.01 0.00999136 0.1 0.0999568 0.08 0 0 0.616867 -0.246813 -0.0754755
312 -43174.5 -46236 3061.44 0.01 0.0100008 0.1 0.100004 0.08 0 0 0.61761 -0.246786 -0.0761613
313 -43203.4 -46236 3032.62 0.01 0.00999743 0.1 0.0999872 0.08 0 0 0.619484 -0.247118 -0.0760675
314 -43198.4 -46236 3037.56 0.01 0.0100065 0.1 0.100033 0.08 0 0 0.620425 -0.247961 -0.0766021
315 -43196.8 -46236 3039.18 0.01 0.0100043 0.1 0.100022 0.08 0 0 0.620897 -0.248639 -0.0775321
316 -43223.9 -46236 3012.12 0.01 0.00999512 0.1 0.0999756 0.08 0 0 0.622373 -0.249841 -0.0761861
317 -43247.5 -46236 2988.51 0.01 0.0100009 0.1 0.100004 0.08 0 0 0.624309 -0.249497 -0.0770242
318 -43278.2 -46236 2957.8 0.01 0.0100053 0.1 0.100027 0.08 0 0 0.626204 -0.250907 -0.0784072
319 -43301.1 -46236 2934.88 0.01 0.00999903 0.1 0.0999952 0.08 0 0 0.627354 -0.250255 -0.0789403
320 -43294.9 -46236 2941.09 0.01 0.00999979 0.1 0.099999 0.08 0 0 0.627868 -0.250126 -0.0790076
321 -43308.1 -46236 2927.93 0.01 0.00999109 0.1 0.0999554 0.08 0 0 0.629704 -0.250426 -0.0788385
322 -43325.7 -46236 2910.32 0.01 0.0100012 0.1 0.100006 0.08 0 0 0.630927 -0.24986 -0.0792789
323 -43341.9 -46236 2894.03 0.01 0.00999509 0.1 0.0999754 0.08 0 0 0.63275 -0.249707 -0.0789849
324 -43345.1 -46236 2890.89 0.01 0.00999383 0.1 0.0999691 0.08 0 0 0.634193 -0.249627 -0.0795763
325 -43345.7 -46236 2890.25 0.01 0.0100022 0.1 0.100011 0.08 0 0 0.636079 -0.249155 -0.0792483
326 -43366.8 -46236 2869.2 0.01 0.00999787 0.1 0.0999894 0.08 0 0 0.638375 -0.249662 -0.0797155
327 -43367.7 -46236 2868.23 0.01 0.00998997 0.1 0.0999498 0.08 0 0 0.639179 -0.249707 -0.0796742
328 -43367.3 -46236 2868.66 0.01 0.00999145 0.1 0.0999573 0.08 0 0 0.640617 -0.249473 -0.0806316
329 -43372.2 -46236 2863.77 0.01 0.0099976 0.1 0.099988 0.08 0 0 0.641821 -0.249315 -0.0797859
330 -43389.1 -46236 2846.85 0.01 0.0100057 0.1 0.100028 0.08 0 0 0.643267 -0.248058 -0.0802306
331 -43390.7 -46236 2845.28 0.01 0.00999642 0.1 0.0999821 0.08 0 0 0.643929 -0.248384 -0.0811367
332 -43404.3 -46236 2831.65 0.01 0.0100093 0.1 0.100047 0.08 0 0 0.645454 -0.248322 -0.0813618
333 -43401.4 -46236 2834.59 0.01 0.00999533 0.1 0.0999766 0.08 0 0 0.647413 -0.248151 -0.0807339
334 -43406.7 -46236 2829.31 0.01 0.0100029 0.1 0.100014 0.08 0 0 0.64845 -0.24736 -0.0802584
335 -43405.2 -46236 2830.78 0.01 0.0100067 0.1 0.100033 0.08 0 0 0.649363 -0.247358 -0.0795716
336 -43395.7 -46236 2840.3 0.01 0.0100054 0.1 0.100027 0.08 0 0 0.649973 -0.249013 -0.0795
337 -43413.2 -46236 2822.75 0.01 0.0100025 0.1 0.100012 0.08 0 0 0.651475 -0.2491 -0.0793538
338 -43389.7 -46236 2846.29 0.01 0.0100052 0.1 0.100026 0.08 0 0 0.651345 -0.248345 -0.0792626
339 -43386 -46236 2849.94 0.01 0.0100034 0.1 0.100017 0.08 0 0 0.652591 -0.24764 -0.0798226
340 -43380.1 -46236 2855.91 0.01 0.0100004 0.1 0.100002 0.08 0 0 0.65335 -0.247354 -0.0799367
341 -43389.4 -46236 2846.56 0.01 0.00999777 0.1 0.0999889 0.08 0 0 0.654144 -0.2479 -0.08112
342 -43414.7 -46236 2821.31 0.01 0.00999558 0.1 0.0999779 0.08 0 0 0.655696 -0.24894 -0.0819692
343 -43398.6 -46236 2837.36 0.01 0.00998916 0.1 0.0999458 0.08 0 0 0.656814 -0.248747 -0.0828464
344 -43411.1 -46236 2824.83 0.01 0.00999868 0.1 0.0999934 0.08 0 0 0.658545 -0.248923 -0.0825374
345 -43419 -46236 2816.94 0.01 0.00999486 0.1 0.0999743 0.08 0 0 0.660427 -0.249609 -0.0836959
346 -43430.1 -46236 2805.92 0.01 0.00999927 0.1 0.0999964 0.08 0 0 0.661665 -0.250067 -0.0845229
347 -43471.1 -46236 2764.88 0.01 0.0100033 0.1 0.100017 0.08 0 0 0.663748 -0.250518 -0.0844761
348 -43488.7 -46236 2747.3 0.01 0.00999167 0.1 0.0999583 0.08 0 0 0.665668 -0.249632 -0.0842057
349 -43501.5 -46236 2734.53 0.01 0.0100049 0.1 0.100025 0.08 0 0 0.667628 -0.249634 -0.0850938
350 -43487.6 -46236 2748.35 0.01 0.0100035 0.1 0.100018 0.08 0 0 0.669253 -0.24972 -0.0859308
351 -43501.6 -46236 2734.36 0.01 0.00999907 0.1 0.0999954 0.08 0 0 0.670482 -0.249146 -0.085421
352 -43508.4 -46236 2727.57 0.01 0.00999725 0.1 0.0999862 0.08 0 0 0.671892 -0.248391 -0.0853723
353 -43498.8 -46236 2737.23 0.01 0.0100028 0.1 0.100014 0.08 0 0 0.67247 -0.248658 -0.0856257
354 -43522.8 -46236 2713.16 0.01 0.00999904 0.1 0.0999952 0.08 0 0 0.674383 -0.249055 -0.0867465
355 -43539.1 -46236 2696.84 0.01 0.00998972 0.1 0.0999486 0.08 0 0 0.675266 -0.249382 -0.0873849
356 -43546.9 -46236 2689.08 0.01 0.0100003 0.1 0.100001 0.08 0 0 0.676891 -0.248613 -0.0881814
357 -43543.4 -46236 2692.54 0.01 0.0100069 0.1 0.100035 0.08 0 0 0.678004 -0.24938 -0.0891568
358 -43562.4 -46236 2673.57 0.01 0.00999726 0.1 0.0999863 0.08 0 0 0.679341 -0.250229 -0.0871638
359 -43567.9 -46236 2668.09 0.01 0.0100076 0.1 0.100038 0.08 0 0 0.681323 -0.250363 -0.087036
360 -43567.6 -46236 2668.38 0.01 0.0099981 0.1 0.0999905 0.08 0 0 0.682579 -0.250209 -0.0862528
361 -43556.7 -46236 2679.25 0.01 0.00999345 0.1 0.0999672 0.08 0 0 0.683135 -0.250296 -0.0872281
362 -43556.9 -46236 2679.04 0.01 0.0100033 0.1 0.100016 0.08 0 0 0.683591 -0.249229 -0.0881067
363 -43576.4 -46236 2659.56 0.01 0.0100033 0.1 0.100016 0.08 0 0 0.685806 -0.248585 -0.0887496
364 -43576.3 -46236 2659.7 0.01 0.00999894 0.1 0.0999947 0.08 0 0 0.687009 -0.248896 -0.0893199
365 -43574.8 -46236 2661.23 0.01 0.00999575 0.1 0.0999788 0.08 0 0 0.688792 -0.248639 -0.0901905
366 -43582.7 -46236 2653.3 0.01 0.00999575 0.1 0.0999788 0.08 0 0 0.689932 -0.249005 -0.0905547
367 -43587 -46236 2648.95 0.01 0.00999868 0.1 0.0999934 0.08 0 0 0.691003 -0.249001 -0.0890605
368 -43598.1 -46236 2637.93 0.01 0.00999891 0.1 0.0999945 0.08 0 0 0.693367 -0.248499 -0.0896423
369 -43597.1 -46236 2638.89 0.01 0.0100008 0.1 0.100004 0.08 0 0 0.694578 -0.24849 -0.0893846
370 -43612.6 -46236 2623.35 0.01 0.00999652 0.1 0.0999826 0.08 0 0 0.695572 -0.249148 -0.0894881
371 -43619.7 -46236 2616.32 0.01 0.0100043 0.1 0.100021 0.08 0 0 0.697027 -0.249716 -0.0897553
372 -43632.9 -46236 2603.05 0.01 0.0099996 0.1 0.099998 0.08 0 0 0.697682 -0.250438 -0.0896477
373 -43650.9 -46236 2585.04 0.01 0.0100001 0.1 0.100001 0.08 0 0 0.69979 -0.249733 -0.0908937
374 -43650.4 -46236 2585.55 0.01 0.0100025 0.1 0.100012 0.08 0 0 0.701394 -0.249982 -0.0911688
375 -43654.7 -46236 2581.32 0.01 0.00999202 0.1 0.0999601 0.08 0 0 0.702446 -0.250445 -0.0916129
376 -43669.7 -46236 2566.27 0.01 0.0100073 0.1 0.100036 0.08 0 0 0.703872 -0.248953 -0.0918825
377 -43670 -46236 2565.98 0.01 0.00999249 0.1 0.0999624 0.08 0 0 0.70529 -0.2485 -0.0922829
378 -43683 -46236 2553.02 0.01 0.00999767 0.1 0.0999884 0.08 0 0 0.707158 -0.247874 -0.0914447
379 -43705.9 -46236 2530.12 0.01 0.00999553 0.1 0.0999777 0.08 0 0 0.708677 -0.24893 -0.0930108
380 -43690.6 -46236 2545.38 0.01 0.0100091 0.1 0.100046 0.08 0 0 0.709193 -0.248495 -0.0932311
381 -43700.3 -46236 2535.65 0.01 0.0099937 0.1 0.0999685 0.08 0 0 0.710577 -0.24763 -0.0925441
382 -43691.6 -46236 2544.39 0.01 0.00999996 0.1 0.0999998 0.08 0 0 0.71122 -0.24789 -0.0934319
383 -43692.7 -46236 2543.27 0.01 0.0099997 0.1 0.0999985 0.08 0 0 0.712415 -0.247377 -0.0939274
384 -43700.1 -46236 2535.93 0.01 0.00999901 0.1 0.099995 0.08 0 0 0.713065 -0.248018 -0.0945208
385 -43726.3 -46236 2509.64 0.01 0.0099999 0.1 0.0999995 0.08 0 0 0.714022 -0.247958 -0.0946146
386 -43735.1 -46236 2500.92 0.01 0.00999881 0.1 0.099994 0.08 0 0 0.715352 -0.248045 -0.0946905
387 -43758.6 -46236 2477.33 0.01 0.00999959 0.1 0.099998 0.08 0 0 0.716449 -0.248845 -0.0938065
388 -43755.9 -46236 2480.12 0.01 0.0100055 0.1 0.100027 0.08 0 0 0.717772 -0.248499 -0.0934635
389 -43763 -46236 2472.97 0.01 0.00999337 0.1 0.0999669 0.08 0 0 0.718937 -0.248827 -0.0937551
390 -43751.6 -46236 2484.34 0.01 0.00999393 0.1 0.0999696 0.08 0 0 0.720345 -0.248387 -0.0932212
391 -43762.7 -46236 2473.32 0.01 0.0100026 0.1 0.100013 0.08 0 0 0.721144 -0.248511 -0.0946201
392 -43738.4 -46236 2497.6 0.01 0.00999847 0.1 0.0999924 0.08 0 0 0.721735 -0.247407 -0.0946376
393 -43745.3 -46236 2490.66 0.01 0.0100007 0.1 0.100004 0.08 0 0 0.723546 -0.247017 -0.0955514
394 -43734.5 -46236 2501.43 0.01 0.00999523 0.1 0.0999762 0.08 0 0 0.724624 -0.246748 -0.0948434
395 -43720.7 -46236 2515.25 0.01 0.0099974 0.1 0.099987 0.08 0 0 0.724827 -0.24666 -0.094258
396 -43715.5 -46236 2520.53 0.01 0.010004 0.1 0.10002 0.08 0 0 0.725626 -0.246229 -0.0938624
397 -43721.3 -46236 2514.66 0.01 0.0100016 0.1 0.100008 0.08 0 0 0.726545 -0.246732 -0.0940196
398 -43707 -46236 2529.02 0.01 0.0100013 0.1 0.100007 0.08 0 0 0.726542 -0.246863 -0.0940294
399 -43741.2 -46236 2494.75 0.01 0.0100002 0.1 0.100001 0.08 0 0 0.728225 -0.246362 -0.0944221
400 -43752.8 -46236 2483.17 0.01 0.0100072 0.1 0.100036 0.08 0 0 0.729492 -0.245429 -0.0942321
401 -43761.1 -46236 2474.85 0.01 0.00999058 0.1 0.0999529 0.08 0 0 0.73082 -0.24552 -0.0937515
402 -43775.2 -46236 2460.76 0.01 0.00999422 0.1 0.0999711 0.08 0 0 0.731725 -0.244348 -0.0933671
403 -43796.7 -46236 2439.26 0.01 0.0099978 0.1 0.099989 0.08 0 0 0.733205 -0.243017 -0.0934888
404 -43811 -46236 2424.97 0.01 0.00999707 0.1 0.0999853 0.08 0 0 0.735142 -0.243034 -0.093394
405 -43804.2 -46236 2431.75 0.01 0.00999806 0.1 0.0999903 0.08 0 0 0.736138 -0.24091 -0.0934847
406 -43808.1 -46236 2427.86 0.01 0.0100002 0.1 0.100001 0.08 0 0 0.737277 -0.241455 -0.0936707
407 -43803.1 -46236 2432.92 0.01 0.0100065 0.1 0.100033 0.08 0 0 0.738327 -0.241698 -0.0932181
408 -43793.6 -46236 2442.37 0.01 0.0100006 0.1 0.100003 0.08 0 0 0.739479 -0.241566 -0.0937414
409 -43803.4 -46236 2432.62 0.01 0.010005 0.1 0.100025 0.08 0 0 0.739967 -0.241679 -0.0942464
410 -43815.1 -46236 2420.86 0.01 0.00999331 0.1 0.0999665 0.08 0 0 0.740771 -0.242763 -0.0956891
411 -43823.5 -46236 2412.46 0.01 0.0100037 0.1 0.100019 0.08 0 0 0.742242 -0.24297 -0.0959677
412 -43833.9 -46236 2402.05 0.01 0.00999846 0.1 0.0999923 0.08 0 0 0.74366 -0.241262 -0.0946016
413 -43830.1 -46236 2405.9 0.01 0.00999351 0.1 0.0999675 0.08 0 0 0.743866 -0.24195 -0.0939927
414 -43852.2 -46236 2383.8 0.01 0.0100026 0.1 0.100013 0.08 0 0 0.744907 -0.242711 -0.093539
415 -43859 -46236 2376.96 0.01 0.00999333 0.1 0.0999667 0.08 0 0 0.745688 -0.242673 -0.0937978
416 -43859.9 -46236 2376.12 0.01 0.0100004 0.1 0.100002 0.08 0 0 0.746712 -0.242246 -0.092621
417 -43877.5 -46236 2358.5 0.01 0.00999463 0.1 0.0999731 0.08 0 0 0.747549 -0.241559 -0.0911962
418 -43863.5 -46236 2372.5 0.01 0.0100016 0.1 0.100008 0.08 0 0 0.748089 -0.241125 -0.0924318
419 -43853.8 -46236 2382.2 0.01 0.0100035 0.1 0.100018 0.08 0 0 0.74776 -0.241198 -0.0918396
420 -43852.4 -46236 2383.56 0.01 0.00999861 0.1 0.0999931 0.08 0 0 0.748294 -0.241832 -0.0913285
421 -43862.1 -46236 2373.88 0.01 0.0100031 0.1 0.100016 0.08 0 0 0.74929 -0.241373 -0.0912205
422 -43883.6 -46236 2352.37 0.01 0.00999634 0.1 0.0999817 0.08 0 0 0.749519 -0.241846 -0.0917083
423 -43915.3 -46236 2320.68 0.01 0.0100081 0.1 0.10004 0.08 0 0 0.750634 -0.241607 -0.0929766
424 -43910 -46236 2325.98 0.01 0.0100006 0.1 0.100003 0.08 0 0 0.751948 -0.240737 -0.0933639
425 -43900.6 -46236 2335.35 0.01 0.0100015 0.1 0.100008 0.08 0 0 0.752583 -0.23965 -0.0932217
426 -43898.6 -46236 2337.42 0.01 0.0100032 0.1 0.100016 0.08 0 0 0.753132 -0.23836 -0.0925705
427 -43908.3 -46236 2327.66 0.01 0.0100023 0.1 0.100012 0.08 0 0 0.754614 -0.237987 -0.0918549
428 -43910.6 -46236 2325.38 0.01 0.00999723 0.1 0.0999861 0.08 0 0 0.755528 -0.237867 -0.091977
429 -43913.9 -46236 2322.09 0.01 0.0100032 0.1 0.100016 0.08 0 0 0.755978 -0.237419 -0.0908242
430 -43916 -46236 2319.94 0.01 0.00999985 0.1 0.0999993 0.08 0 0 0.756775 -0.236958 -0.0908885
431 -43939.2 -46236 2296.76 0.01 0.0100006 0.1 0.100003 0.08 0 0 0.757622 -0.236885 -0.0923335
432 -43949.7 -46236 2286.23 0.01 0.00999635 0.1 0.0999817 0.08 0 0 0.759625 -0.235941 -0.09118
433 -43951.5 -46236 2284.45 0.01 0.0100003 0.1 0.100002 0.08 0 0 0.761346 -0.236365 -0.0917472
434 -43955.4 -46236 2280.58 0.01 0.00999911 0.1 0.0999956 0.08 0 0 0.762605 -0.236122 -0.0908025
435 -43957.4 -46236 2278.57 0.01 0.00999973 0.1 0.0999987 0.08 0 0 0.76331 -0.237089 -0.0904913
436 -43944.6 -46236 2291.34 0.01 0.0100009 0.1 0.100004 0.08 0 0 0.764214 -0.236673 -0.0907417
437 -43936.5 -46236 2299.45 0.01 0.0100008 0.1 0.100004 0.08 0 0 0.764191 -0.236509 -0.0922083
438 -43920.8 -46236 2315.14 0.01 0.00999895 0.1 0.0999948 0.08 0 0 0.765253 -0.235182 -0.0926563
439 -43919.6 -46236 2316.36 0.01 0.0100054 0.1 0.100027 0.08 0 0 0.765952 -0.234351 -0.0919173
440 -43902.2 -46236 2333.79 0.01 0.0100037 0.1 0.100019 0.08 0 0 0.766752 -0.233453 -0.0926579
441 -43925.2 -46236 2310.74 0.01 0.0100019 0.1 0.10001 0.08 0 0 0.767417 -0.233428 -0.0937867
442 -43933 -46236 2302.96 0.01 0.0100021 0.1 0.100011 0.08 0 0 0.768756 -0.232572 -0.0931444
443 -43919.9 -46236 2316.11 0.01 0.00999848 0.1 0.0999924 0.08 0 0 0.769783 -0.232013 -0.0929904
444 -43936.1 -46236 2299.84 0.01 0.00999119 0.1 0.0999559 0.08 0 0 0.771291 -0.232464 -0.093413
445 -43919.1 -46236 2316.92 0.01 0.00999498 0.1 0.0999749 0.08 0 0 0.772037 -0.232434 -0.0919518
446 -43917.1 -46236 2318.88 0.01 0.00999847 0.1 0.0999924 0.08 0 0 0.77254 -0.231801 -0.0924776
447 -43932.7 -46236 2303.32 0.01 0.0100014 0.1 0.100007 0.08 0 0 0.77408 -0.231759 -0.0925138
448 -43962.1 -46236 2273.87 0.01 0.0100042 0.1 0.100021 0.08 0 0 0.774688 -0.23224 -0.0923172
449 -43955.3 -46236 2280.64 0.01 0.010001 0.1 0.100005 0.08 0 0 0.775483 -0.231661 -0.0928326
450 -43982.4 -46236 2253.59 0.01 0.0100065 0.1 0.100033 0.08 0 0 0.777089 -0.231336 -0.0934136
451 -43978.9 -46236 2257.07 0.01 0.0100024 0.1 0.100012 0.08 0 0 0.777505 -0.231249 -0.0933906
452 -43989.4 -46236 2246.55 0.01 0.010002 0.1 0.10001 0.08 0 0 0.778732 -0.23045 -0.0922769
453 -43985.7 -46236 2250.25 0.01 0.00999865 0.1 0.0999933 0.08 0 0 0.779401 -0.23089 -0.0925682
454 -44000.7 -46236 2235.29 0.01 0.0100029 0.1 0.100014 0.08 0 0 0.780423 -0.230987 -0.0922733
455 -43992.7 -46236 2243.24 0.01 0.0100017 0.1 0.100008 0.08 0 0 0.780845 -0.230541 -0.0923288
456 -43991.1 -46236 2244.91 0.01 0.00999785 0.1 0.0999893 0.08 0 0 0.782221 -0.230327 -0.0919739
457 -43976.3 -46236 2259.67 0.01 0.00999921 0.1 0.099996 0.08 0 0 0.7832 -0.23019 -0.0919314
458 -43976.9 -46236 2259.1 0.01 0.0100039 0.1 0.100019 0.08 0 0 0.783965 -0.229456 -0.0926553
459 -43979.7 -46236 2256.33 0.01 0.0100078 0.1 0.100039 0.08 0 0 0.784159 -0.230031 -0.0922144
460 -43980.5 -46236 2255.48 0.01 0.0100003 0.1 0.100001 0.08 0 0 0.784952 -0.230349 -0.0915962
461 -44016.1 -46236 2219.84 0.01 0.0100008 0.1 0.100004 0.08 0 0 0.785129 -0.230585 -0.0912738
462 -44018.4 -46236 2217.55 0.01 0.00999866 0.1 0.0999933 0.08 0 0 0.785411 -0.22977 -0.0917216
463 -44013.3 -46236 2222.69 0.01 0.0100023 0.1 0.100011 0.08 0 0 0.786606 -0.229064 -0.0925074
464 -44005.9 -46236 2230.1 0.01 0.00999725 0.1 0.0999863 0.08 0 0 0.787389 -0.22873 -0.0923787
465 -44015.3 -46236 2220.66 0.01 0.00999867 0.1 0.0999933 0.08 0 0 0.787432 -0.228389 -0.0923244
466 -44004.3 -46236 2231.65 0.01 0.00999719 0.1 0.099986 0.08 0 0 0.787323 -0.229287 -0.093203
467 -44004.3 -46236 2231.64 0.01 0.0100049 0.1 0.100025 0.08 0 0 0.788322 -0.229919 -0.0933891
468 -44009.7 -46236 2226.27 0.01 0.00999239 0.1 0.0999619 0.08 0 0 0.788839 -0.229995 -0.0932281
469 -44030.3 -46236 2205.68 0.01 0.00999684 0.1 0.0999842 0.08 0 0 0.789967 -0.229869 -0.0931655
470 -44019 -46236 2217.01 0.01 0.00999926 0.1 0.0999963 0.08 0 0 0.790219 -0.22907 -0.0931001
471 -44019.6 -46236 2216.43 0.01 0.0099985 0.1 0.0999925 0.08 0 0 0.790269 -0.229968 -0.0922459
472 -44029 -46236 2206.97 0.01 0.00999557 0.1 0.0999778 0.08 0 0 0.791083 -0.229884 -0.0924974
473 -44028.3 -46236 2207.64 0.01 0.00999645 0.1 0.0999823 0.08 0 0 0.792308 -0.23049 -0.0922804
474 -44046.3 -46236 2189.73 0.01 0.0100092 0.1 0.100046 0.08 0 0 0.79349 -0.231757 -0.0925702
475 -44035.1 -46236 2200.93 0.01 0.00999567 0.1 0.0999784 0.08 0 0 0.794021 -0.230257 -0.0920264
476 -44051.3 -46236 2184.66 0.01 0.00999149 0.1 0.0999575 0.08 0 0 0.794562 -0.230586 -0.0928106
477 -44032.3 -46236 2203.66 0.01 0.0100055 0.1 0.100028 0.08 0 0 0.794908 -0.230719 -0.0928357
478 -44029.9 -46236 2206.06 0.01 0.00999002 0.1 0.0999501 0.08 0 0 0.795473 -0.230356 -0.0934748
479 -44025.8 -46236 2210.23 0.01 0.00999843 0.1 0.0999921 0.08 0 0 0.795979 -0.230163 -0.093806
480 -44027.2 -46236 2208.77 0.01 0.00999937 0.1 0.0999969 0.08 0 0 0.79666 -0.230683 -0.0939052
481 -44029.2 -46236 2206.8 0.01 0.0100028 0.1 0.100014 0.08 0 0 0.797258 -0.230557 -0.0933615
482 -44047.5 -46236 2188.5 0.01 0.00999862 0.1 0.0999931 0.08 0 0 0.798595 -0.229868 -0.0933809
483 -44039.4 -46236 2196.54 0.01 0.0100026 0.1 0.100013 0.08 0 0 0.79951 -0.228746 -0.093998
484 -44046.9 -46236 2189.04 0.01 0.0100097 0.1 0.100048 0.08 0 0 0.799555 -0.229531 -0.0946488
485 -44038.2 -46236 2197.75 0.01 0.0100014 0.1 0.100007 0.08 0 0 0.800014 -0.22967 -0.0939125
486 -44029.5 -46236 2206.52 0.01 0.00999339 0.1 0.0999669 0.08 0 0 0.800142 -0.230272 -0.0929597
487 -44022.7 -46236 2213.29 0.01 0.0100017 0.1 0.100008 0.08 0 0 0.800931 -0.229484 -0.0934485
488 -44033.5 -46236 2202.46 0.01 0.00999808 0.1 0.0999904 0.08 0 0 0.801644 -0.229394 -0.094273
489 -44037.9 -46236 2198.12 0.01 0.00999449 0.1 0.0999724 0.08 0 0 0.802511 -0.229362 -0.0946691
490 -44042.9 -46236 2193.07 0.01 0.0100014 0.1 0.100007 0.08 0 0 0.802591 -0.229885 -0.0949938
491 -44051.6 -46236 2184.41 0.01 0.00999565 0.1 0.0999782 0.08 0 0 0.802895 -0.228981 -0.0940753
492 -44051.8 -46236 2184.16 0.01 0.00999734 0.1 0.0999867 0.08 0 0 0.80443 -0.229642 -0.094065
493 -44067.2 -46236 2168.75 0.01 0.0100022 0.1 0.100011 0.08 0 0 0.805713 -0.230425 -0.0939042
494 -44063.6 -46236 2172.41 0.01 0.00999705 0.1 0.0999852 0.08 0 0 0.806423 -0.230309 -0.0936558
495 -44087.4 -46236 2148.63 0.01 0.00999678 0.1 0.0999839 0.08 0 0 0.807007 -0.231162 -0.0938735
496 -44059.6 -46236 2176.36 0.01 0.0100004 0.1 0.100002 0.08 0 0 0.807047 -0.231302 -0.0956976
497 -44064.7 -46236 2171.33 0.01 0.0100052 0.1 0.100026 0.08 0 0 0.807612 -0.230407 -0.096426
498 -44041.3 -46236 2194.72 0.01 0.00999241 0.1 0.099962 0.08 0 0 0.807757 -0.229556 -0.0961444
499 -44043.5 -46236 2192.47 0.01 0.0100067 0.1 0.100034 0.08 0 0 0.808793 -0.228151 -0.096342
500 -44055.6 -46236 2180.43 0.01 0.0100104 0.1 0.100052 0.08 0 0 0.809343 -0.22846 -0.0957662
501 -44077.4 -46236 2158.58 0.01 0.00999949 0.1 0.0999975 0.08 0 0 0.809773 -0.229404 -0.0964683
502 -44058 -46236 2177.98 0.01 0.010002 0.1 0.10001 0.08 0 0 0.809489 -0.229054 -0.09665
503 -44068.3 -46236 2167.72 0.01 0.00998557 0.1 0.0999278 0.08 0 0 0.810292 -0.22936 -0.0957276
504 -44085.6 -46236 2150.39 0.01 0.0100028 0.1 0.100014 0.08 0 0 0.81098 -0.230492 -0.0952474
505 -44095.4 -46236 2140.62 0.01 0.00999456 0.1 0.0999728 0.08 0 0 0.81201 -0.228969 -0.0955927
506 -44082.6 -46236 2153.4 0.01 0.0100067 0.1 0.100034 0.08 0 0 0.812503 -0.229514 -0.0948053
507 -44078.6 -46236 2157.34 0.01 0.00999773 0.1 0.0999886 0.08 0 0 0.813528 -0.228897 -0.0940975
508 -44078.6 -46236 2157.41 0.01 0.00999838 0.1 0.0999919 0.08 0 0 0.814547 -0.228949 -0.0953184
509 -44078.5 -46236 2157.46 0.01 0.00999563 0.1 0.0999781 0.08 0 0 0.815603 -0.228861 -0.0939401
510 -44086.4 -46236 2149.57 0.01 0.0100073 0.1 0.100037 0.08 0 0 0.816299 -0.228121 -0.0932322
511 -44095.6 -46236 2140.34 0.01 0.0100013 0.1 0.100006 0.08 0 0 0.816611 -0.22755 -0.0929618
512 -44102.5 -46236 2133.47 0.01 0.0100014 0.1 0.100007 0.08 0 0 0.817577 -0.227184 -0.0930537
513 -44081.6 -46236 2154.36 0.01 0.00998939 0.1 0.099947 0.08 0 0 0.817814 -0.226922 -0.093544
514 -44097.1 -46236 2138.88 0.01 0.0100068 0.1 0.100034 0.08 0 0 0.818767 -0.227804 -0.0950386
515 -44087.1 -46236 2148.92 0.01 0.00999618 0.1 0.0999809 0.08 0 0 0.819525 -0.227992 -0.0964227
516 -44086.2 -46236 2149.79 0.01 0.00999934 0.1 0.0999967 0.08 0 0 0.819371 -0.228295 -0.0953251
517 -44095.1 -46236 2140.89 0.01 0.0100034 0.1 0.100017 0.08 0 0 0.820188 -0.228223 -0.0943526
518 -44122.6 -46236 2113.38 0.01 0.010004 0.1 0.10002 0.08 0 0 0.821476 -0.228234 -0.0946483
519 -44117.5 -46236 2118.46 0.01 0.0100044 0.1 0.100022 0.08 0 0 0.821865 -0.228254 -0.0948614
520 -44142.3 -46236 2093.7 0.01 0.00999692 0.1 0.0999846 0.08 0 0 0.822949 -0.22716 -0.0948218
521 -44135.4 -46236 2100.61 0.01 0.00998926 0.1 0.0999463 0.08 0 0 0.823042 -0.226438 -0.0954932
522 -44130 -46236 2106.02 0.01 0.0099965 0.1 0.0999825 0.08 0 0 0.823147 -0.226154 -0.0949019
523 -44115.6 -46236 2120.43 0.01 0.0100043 0.1 0.100021 0.08 0 0 0.823736 -0.225655 -0.0942179
524 -44128.8 -46236 2107.14 0.01 0.0100024 0.1 0.100012 0.08 0 0 0.824463 -0.225232 -0.0964975
525 -44132 -46236 2104 0.01 0.0100121 0.1 0.100061 0.08 0 0 0.824921 -0.226321 -0.0962699
526 -44112.5 -46236 2123.52 0.01 0.0100035 0.1 0.100018 0.08 0 0 0.82489 -0.225476 -0.096313
527 -44122.2 -46236 2113.81 0.01 0.00999751 0.1 0.0999876 0.08 0 0 0.825525 -0.226319 -0.0963683
528 -44108.5 -46236 2127.48 0.01 0.00999437 0.1 0.0999718 0.08 0 0 0.825562 -0.227257 -0.09651
529 -44127 -46236 2108.96 0.01 0.0100036 0.1 0.100018 0.08 0 0 0.82644 -0.227589 -0.0961312
530 -44117.3 -46236 2118.65 0.01 0.00999465 0.1 0.0999732 0.08 0 0 0.827104 -0.226757 -0.0964133
531 -44117.3 -46236 2118.67 0.01 0.00999855 0.1 0.0999927 0.08 0 0 0.827689 -0.226599 -0.0958422
532 -44113.1 -46236 2122.84 0.01 0.0100046 0.1 0.100023 0.08 0 0 0.828186 -0.225752 -0.0965656
533 -44128.2 -46236 2107.76 0.01 0.0100081 0.1 0.100041 0.08 0 0 0.829162 -0.2243 -0.0961706
534 -44130 -46236 2105.96 0.01 0.010008 0.1 0.10004 0.08 0 0 0.829887 -0.223457 -0.0962222
535 -44115 -46236 2121 0.01 0.010001 0.1 0.100005 0.08 0 0 0.830083 -0.224323 -0.0969213
536 -44131.5 -46236 2104.5 0.01 0.0100006 0.1 0.100003 0.08 0 0 0.830896 -0.225245 -0.0971099
537 -44117.1 -46236 2118.84 0.01 0.00998829 0.1 0.0999415 0.08 0 0 0.832109 -0.224402 -0.0969042
538 -44145 -46236 2091.01 0.01 0.0100044 0.1 0.100022 0.08 0 0 0.833117 -0.224752 -0.0975392
539 -44150 -46236 2085.97 0.01 0.00999909 0.1 0.0999954 0.08 0 0 0.833892 -0.224798 -0.0983426
540 -44172.3 -46236 2063.71 0.01 0.010003 0.1 0.100015 0.08 0 0 0.834771 -0.223801 -0.097483
541 -44169.2 -46236 2066.73 0.01 0.00999612 0.1 0.0999806 0.08 0 0 0.83539 -0.222526 -0.0961323
542 -44174.2 -46236 2061.82 0.01 0.0100028 0.1 0.100014 0.08 0 0 0.836118 -0.223413 -0.0956273
543 -44155.6 -46236 2080.41 0.01 0.00999845 0.1 0.0999923 0.08 0 0 0.836293 -0.224573 -0.0968123
544 -44160.3 -46236 2075.66 0.01 0.0100042 0.1 0.100021 0.08 0 0 0.83658 -0.225533 -0.0972037
545 -44163.7 -46236 2072.32 0.01 0.00999663 0.1 0.0999832 0.08 0 0 0.836909 -0.225156 -0.096008
546 -44170.3 -46236 2065.65 0.01 0.0100005 0.1 0.100002 0.08 0 0 0.836904 -0.225449 -0.0957739
547 -44154.1 -46236 2081.86 0.01 0.0100055 0.1 0.100028 0.08 0 0 0.837871 -0.225857 -0.0948383
548 -44157 -46236 2079 0.01 0.00998689 0.1 0.0999344 0.08 0 0 0.838168 -0.225001 -0.0943173
549 -44154.2 -46236 2081.74 0.01 0.0100063 0.1 0.100032 0.08 0 0 0.838315 -0.225148 -0.0950209
550 -44153 -46236 2082.97 0.01 0.0100024 0.1 0.100012 0.08 0 0 0.838819 -0.224081 -0.0938295
551 -44153.4 -46236 2082.57 0.01 0.0100016 0.1 0.100008 0.08 0 0 0.83923 -0.224092 -0.0950056
552 -44143.4 -46236 2092.56 0.01 0.0099955 0.1 0.0999775 0.08 0 0 0.839879 -0.223708 -0.09585
553 -44151.7 -46236 2084.29 0.01 0.00999931 0.1 0.0999965 0.08 0 0 0.84092 -0.222371 -0.0954674
554 -44147.5 -46236 2088.5 0.01 0.00999387 0.1 0.0999693 0.08 0 0 0.84118 -0.222511 -0.0959976
555 -44182.4 -46236 2053.59 0.01 0.0100001 0.1 0.1 0.08 0 0 0.841824 -0.222804 -0.096283
556 -44183.1 -46236 2052.84 0.01 0.00999292 0.1 0.0999646 0.08 0 0 0.842788 -0.223185 -0.0964475
557 -44180.5 -46236 2055.51 0.01 0.0100004 0.1 0.100002 0.08 0 0 0.843118 -0.223905 -0.09497
558 -44182.6 -46236 2053.43 0.01 0.00999618 0.1 0.0999809 0.08 0 0 0.843119 -0.222937 -0.0946901
559 -44171.3 -46236 2064.71 0.01 0.0100016 0.1 0.100008 0.08 0 0 0.843849 -0.223083 -0.0942925
560 -44161.6 -46236 2074.42 0.01 0.00999721 0.1 0.0999861 0.08 0 0 0.844747 -0.221806 -0.0938253
561 -44147.5 -46236 2088.52 0.01 0.00999492 0.1 0.0999746 0.08 0 0 0.845395 -0.220916 -0.0931452
562 -44151.3 -46236 2084.67 0.01 0.00999302 0.1 0.0999651 0.08 0 0 0.846484 -0.219391 -0.0935937
563 -44150.7 -46236 2085.26 0.01 0.0100051 0.1 0.100026 0.08 0 0 0.846692 -0.21845 -0.0939825
564 -44155.2 -46236 2080.81 0.01 0.0100004 0.1 0.100002 0.08 0 0 0.847555 -0.218091 -0.095102
565 -44128.4 -46236 2107.6 0.01 0.0100051 0.1 0.100025 0.08 0 0 0.846691 -0.218223 -0.094697
566 -44144.5 -46236 2091.49 0.01 0.0100079 0.1 0.100039 0.08 0 0 0.84751 -0.21754 -0.0939362
567 -44136.1 -46236 2099.89 0.01 0.0100016 0.1 0.100008 0.08 0 0 0.847873 -0.216921 -0.0947347
568 -44151.6 -46236 2084.4 0.01 0.00999739 0.1 0.099987 0.08 0 0 0.848035 -0.217894 -0.0938296
569 -44147 -46236 2088.95 0.01 0.00999169 0.1 0.0999584 0.08 0 0 0.848375 -0.217774 -0.0925587
570 -44148.6 -46236 2087.4 0.01 0.00999872 0.1 0.0999936 0.08 0 0 0.848985 -0.217702 -0.0924846
571 -44152.7 -46236 2083.27 0.01 0.00999471 0.1 0.0999736 0.08 0 0 0.849757 -0.217452 -0.0913817
572 -44157.9 -46236 2078.08 0.01 0.0100007 0.1 0.100003 0.08 0 0 0.849976 -0.218151 -0.0915794
573 -44169 -46236 2066.95 0.01 0.0100042 0.1 0.100021 0.08 0 0 0.850643 -0.217417 -0.0907012
574 -44184.1 -46236 2051.85 0.01 0.0100057 0.1 0.100028 0.08 0 0 0.851276 -0.216721 -0.0898393
575 -44193.8 -46236 2042.2 0.01 0.0100019 0.1 0.100009 0.08 0 0 0.852307 -0.217545 -0.0902426
576 -44191.7 -46236 2044.24 0.01 0.0100038 0.1 0.100019 0.08 0 0 0.853015 -0.217579 -0.0905396
577 -44193.3 -46236 2042.68 0.01 0.00999448 0.1 0.0999724 0.08 0 0 0.853717 -0.217942 -0.0909719
578 -44198.3 -46236 2037.67 0.01 0.0100051 0.1 0.100026 0.08 0 0 0.854347 -0.21817 -0.0915081
579 -44191.3 -46236 2044.66 0.01 0.00999944 0.1 0.0999972 0.08 0 0 0.85462 -0.218452 -0.0915056
580 -44187.4 -46236 2048.56 0.01 0.0100037 0.1 0.100019 0.08 0 0 0.855101 -0.218158 -0.0908154
581 -44178.9 -46236 2057.05 0.01 0.0100019 0.1 0.10001 0.08 0 0 0.856222 -0.215893 -0.0911851
582 -44173.1 -46236 2062.86 0.01 0.00999785 0.1 0.0999892 0.08 0 0 0.856783 -0.214981 -0.0909483
583 -44186.4 -46236 2049.61 0.01 0.00999738 0.1 0.0999869 0.08 0 0 0.857072 -0.214333 -0.0897297
584 -44175.3 -46236 2060.67 0.01 0.0100055 0.1 0.100028 0.08 0 0 0.857778 -0.213914 -0.0888161
585 -44192.6 -46236 2043.34 0.01 0.0099966 0.1 0.099983 0.08 0 0 0.858267 -0.213023 -0.0892428
586 -44193.1 -46236 2042.84 0.01 0.00999344 0.1 0.0999672 0.08 0 0 0.858145 -0.213804 -0.0898261
587 -44183.8 -46236 2052.21 0.01 0.00999987 0.1 0.0999994 0.08 0 0 0.859054 -0.213101 -0.0898158
588 -44183.4 -46236 2052.57 0.01 0.0100011 0.1 0.100006 0.08 0 0 0.859143 -0.21344 -0.0893888
589 -44201.5 -46236 2034.48 0.01 0.0099899 0.1 0.0999495 0.08 0 0 0.859798 -0.213464 -0.0899445
590 -44229.4 -46236 2006.62 0.01 0.0100006 0.1 0.100003 0.08 0 0 0.860772 -0.214089 -0.089339
591 -44238.2 -46236 1997.74 0.01 0.0100066 0.1 0.100033 0.08 0 0 0.861431 -0.214292 -0.0904223
592 -44229.8 -46236 2006.22 0.01 0.0099979 0.1 0.0999895 0.08 0 0 0.86141 -0.215251 -0.0893879
593 -44213.4 -46236 2022.57 0.01 0.00999494 0.1 0.0999747 0.08 0 0 0.861479 -0.215791 -0.0892584
594 -44234.8 -46236 2001.19 0.01 0.0100025 0.1 0.100012 0.08 0 0 0.86192 -0.216647 -0.0886649
595 -44238.5 -46236 1997.45 0.01 0.00999995 0.1 0.0999997 0.08 0 0 0.86217 -0.216669 -0.0888009
596 -44231 -46236 2005 0.01 0.0100026 0.1 0.100013 0.08 0 0 0.863034 -0.217106 -0.0884221
597 -44215.8 -46236 2020.15 0.01 0.00999596 0.1 0.0999798 0.08 0 0 0.863185 -0.217481 -0.0880941
598 -44211.1 -46236 2024.88 0.01 0.0100006 0.1 0.100003 0.08 0 0 0.863361 -0.216879 -0.0881997
599 -44203.2 -46236 2032.73 0.01 0.010001 0.1 0.100005 0.08 0 0 0.863163 -0.216517 -0.0878523
600 -44211.6 -46236 2024.36 0.01 0.00999995 0.1 0.0999998 0.08 0 0 0.864102 -0.215886 -0.0860004
601 -44222.4 -46236 2013.6 0.01 0.0099968 0.1 0.099984 0.08 0 0 0.865353 -0.213717 -0.0849892
602 -44195.3 -46236 2040.7 0.01 0.0100015 0.1 0.100007 0.08 0 0 0.866001 -0.211837 -0.0848469
603 -44171.3 -46236 2064.73 0.01 0.00999279 0.1 0.099964 0.08 0 0 0.866006 -0.210276 -0.0853289
604 -44175.5 -46236 2060.45 0.01 0.00999968 0.1 0.0999984 0.08 0 0 0.866383 -0.209339 -0.0851851
605 -44179.3 -46236 2056.73 0.01 0.0100044 0.1 0.100022 0.08 0 0 0.867197 -0.208959 -0.0848306
606 -44199.2 -46236 2036.76 0.01 0.0100051 0.1 0.100025 0.08 0 0 0.86761 -0.209764 -0.084866
607 -44212.2 -46236 2023.82 0.01 0.00999505 0.1 0.0999752 0.08 0 0 0.868629 -0.209266 -0.085025
608 -44221.3 -46236 2014.67 0.01 0.0100031 0.1 0.100016 0.08 0 0 0.869363 -0.208001 -0.0853022
609 -44232.2 -46236 2003.75 0.01 0.0100029 0.1 0.100014 0.08 0 0 0.869996 -0.207874 -0.0874263
610 -44213.7 -46236 2022.31 0.01 0.00999174 0.1 0.0999587 0.08 0 0 0.870331 -0.207859 -0.0864685
611 -44225.3 -46236 2010.72 0.01 0.0099985 0.1 0.0999925 0.08 0 0 0.870667 -0.208468 -0.0862838
612 -44224.8 -46236 2011.21 0.01 0.00999486 0.1 0.0999743 0.08 0 0 0.871078 -0.208465 -0.0859348
613 -44243.8 -46236 1992.2 0.01 0.0100038 0.1 0.100019 0.08 0 0 0.872266 -0.207579 -0.0867159
614 -44237.2 -46236 1998.8 0.01 0.0100035 0.1 0.100017 0.08 0 0 0.873018 -0.206434 -0.0862303
615 -44240.1 -46236 1995.9 0.01 0.0100039 0.1 0.10002 0.08 0 0 0.873797 -0.206955 -0.0858695
616 -44234.7 -46236 2001.3 0.01 0.00999947 0.1 0.0999974 0.08 0 0 0.873377 -0.207285 -0.0854819
617 -44237.2 -46236 1998.73 0.01 0.0100004 0.1 0.100002 0.08 0 0 0.873728 -0.206404 -0.0846693
618 -44216.3 -46236 2019.67 0.01 0.0100032 0.1 0.100016 0.08 0 0 0.873908 -0.205664 -0.0847601
619 -44215 -46236 2020.98 0.01 0.0100039 0.1 0.100019 0.08 0 0 0.874872 -0.205176 -0.0842387
620 -44219.6 -46236 2016.42 0.01 0.0099978 0.1 0.099989 0.08 0 0 0.874818 -0.205664 -0.0836925
621 -44235.2 -46236 2000.82 0.01 0.00999959 0.1 0.0999979 0.08 0 0 0.875067 -0.205576 -0.0838321
622 -44231.4 -46236 2004.54 0.01 0.00999736 0.1 0.0999868 0.08 0 0 0.875468 -0.205106 -0.0847555
623 -44250.3 -46236 1985.7 0.01 0.009993 0.1 0.099965 0.08 0 0 0.876526 -0.20395 -0.0848265
624 -44237 -46236 1998.98 0.01 0.00999412 0.1 0.0999706 0.08 0 0 0.87681 -0.2043 -0.0851743
625 -44222.5 -46236 2013.5 0.01 0.0100018 0.1 0.100009 0.08 0 0 0.876947 -0.203801 -0.0855183
626 -44220.2 -46236 2015.77 0.01 0.0100039 0.1 0.10002 0.08 0 0 0.877201 -0.203794 -0.0860293
627 -44232.5 -46236 2003.53 0.01 0.00999607 0.1 0.0999804 0.08 0 0 0.877636 -0.202802 -0.0852627
628 -44229.3 -46236 2006.66 0.01 0.00999351 0.1 0.0999675 0.08 0 0 0.878075 -0.203188 -0.0848383
629 -44233.2 -46236 2002.8 0.01 0.0100021 0.1 0.100011 0.08 0 0 0.878051 -0.203395 -0.085177
630 -44242.4 -46236 1993.61 0.01 0.010003 0.1 0.100015 0.08 0 0 0.878549 -0.202679 -0.0840836
631 -44236.6 -46236 1999.39 0.01 0.00999603 0.1 0.0999801 0.08 0 0 0.878817 -0.202454 -0.0843686
632 -44222.9 -46236 2013.04 0.01 0.0100011 0.1 0.100006 0.08 0 0 0.879345 -0.201283 -0.0848345
633 -44226.4 -46236 2009.59 0.01 0.00999733 0.1 0.0999867 0.08 0 0 0.879192 -0.202028 -0.0856143
634 -44232.9 -46236 2003.12 0.01 0.0100014 0.1 0.100007 0.08 0 0 0.879777 -0.201199 -0.0843597
635 -44256.8 -46236 1979.21 0.01 0.0100104 0.1 0.100052 0.08 0 0 0.880451 -0.201023 -0.0839776
636 -44249.1 -46236 1986.86 0.01 0.0100096 0.1 0.100048 0.08 0 0 0.880704 -0.201178 -0.083854
637 -44259.5 -46236 1976.52 0.01 0.00999272 0.1 0.0999636 0.08 0 0 0.881583 -0.200908 -0.08474
638 -44265.8 -46236 1970.15 0.01 0.0100054 0.1 0.100027 0.08 0 0 0.881959 -0.20174 -0.0837112
639 -44266.7 -46236 1969.3 0.01 0.00999628 0.1 0.0999814 0.08 0 0 0.881932 -0.200159 -0.0842903
640 -44268.7 -46236 1967.23 0.01 0.00999994 0.1 0.0999997 0.08 0 0 0.882542 -0.19963 -0.083595
641 -44266.3 -46236 1969.7 0.01 0.00999006 0.1 0.0999503 0.08 0 0 0.882971 -0.198932 -0.0825236
642 -44252.6 -46236 1983.38 0.01 0.00999294 0.1 0.0999647 0.08 0 0 0.883344 -0.19895 -0.0824671
643 -44259.1 -46236 1976.89 0.01 0.0100011 0.1 0.100006 0.08 0 0 0.883389 -0.19981 -0.0836903
644 -44252.3 -46236 1983.69 0.01 0.00999778 0.1 0.0999889 0.08 0 0 0.883208 -0.199739 -0.0831674
645 -44241.8 -46236 1994.14 0.01 0.0100037 0.1 0.100019 0.08 0 0 0.883985 -0.199003 -0.0838263
646 -44251.8 -46236 1984.16 0.01 0.00999238 0.1 0.0999619 0.08 0 0 0.88415 -0.198838 -0.0837845
647 -44251.8 -46236 1984.14 0.01 0.0099985 0.1 0.0999925 0.08 0 0 0.884472 -0.198346 -0.0836819
648 -44275.1 -46236 1960.89 0.01 0.0100021 0.1 0.10001 0.08 0 0 0.885599 -0.198223 -0.0842188
649 -44279.1 -46236 1956.84 0.01 0.00999895 0.1 0.0999947 0.08 0 0 0.886139 -0.197169 -0.084862
650 -44281.6 -46236 1954.35 0.01 0.00999679 0.1 0.0999839 0.08 0 0 0.886622 -0.197116 -0.0852698
651 -44284.7 -46236 1951.25 0.01 0.0100083 0.1 0.100042 0.08 0 0 0.887119 -0.19601 -0.0852899
652 -44264.6 -46236 1971.35 0.01 0.0100025 0.1 0.100012 0.08 0 0 0.886884 -0.196371 -0.0860366
653 -44269.8 -46236 1966.19 0.01 0.00999752 0.1 0.0999876 0.08 0 0 0.88695 -0.19718 -0.0868029
654 -44261.3 -46236 1974.68 0.01 0.0100048 0.1 0.100024 0.08 0 0 0.888117 -0.196674 -0.0852347
655 -44247 -46236 1988.96 0.01 0.0100044 0.1 0.100022 0.08 0 0 0.888207 -0.197159 -0.0859676
656 -44237.3 -46236 1998.69 0.01 0.00999957 0.1 0.0999978 0.08 0 0 0.888645 -0.196869 -0.0856554
657 -44234 -46236 2002.01 0.01 0.00999903 0.1 0.0999952 0.08 0 0 0.889039 -0.197112 -0.0845829
658 -44225.7 -46236 2010.24 0.01 0.00999718 0.1 0.0999859 0.08 0 0 0.889791 -0.19615 -0.0837038
659 -44236 -46236 1999.96 0.01 0.00998643 0.1 0.0999321 0.08 0 0 0.890391 -0.194716 -0.0830147
660 -44241 -46236 1995 0.01 0.010004 0.1 0.10002 0.08 0 0 0.890186 -0.194969 -0.0825164
661 -44253.2 -46236 1982.8 0.01 0.0100007 0.1 0.100003 0.08 0 0 0.890726 -0.194261 -0.0824227
662 -44249.8 -46236 1986.14 0.01 0.00999949 0.1 0.0999975 0.08 0 0 0.890657 -0.195062 -0.0839288
663 -44261.1 -46236 1974.88 0.01 0.00999853 0.1 0.0999926 0.08 0 0 0.890951 -0.194653 -0.0845924
664 -44257.1 -46236 1978.86 0.01 0.0100104 0.1 0.100052 0.08 0 0 0.891185 -0.19412 -0.0836668
665 -44244.6 -46236 1991.42 0.01 0.00999082 0.1 0.0999541 0.08 0 0 0.891732 -0.193003 -0.0847758
666 -44249.8 -46236 1986.17 0.01 0.00999433 0.1 0.0999716 0.08 0 0 0.891947 -0.192887 -0.0837303
667 -44240.7 -46236 1995.26 0.01 0.00999784 0.1 0.0999892 0.08 0 0 0.891922 -0.194027 -0.0835472
668 -44246.4 -46236 1989.62 0.01 0.0100026 0.1 0.100013 0.08 0 0 0.891678 -0.195358 -0.0834406
669 -44253.8 -46236 1982.14 0.01 0.00999532 0.1 0.0999766 0.08 0 0 0.891462 -0.196616 -0.0842026
670 -44270.7 -46236 1965.28 0.01 0.0100016 0.1 0.100008 0.08 0 0 0.891858 -0.196791 -0.0835094
671 -44270.5 -46236 1965.46 0.01 0.010007 0.1 0.100035 0.08 0 0 0.892496 -0.195822 -0.0831088
672 -44275.4 -46236 1960.59 0.01 0.0100008 0.1 0.100004 0.08 0 0 0.892717 -0.197464 -0.0835697
673 -44267.9 -46236 1968.1 0.01 0.0100002 0.1 0.100001 0.08 0 0 0.892371 -0.198565 -0.0833331
674 -44256.2 -46236 1979.75 0.01 0.00999882 0.1 0.0999941 0.08 0 0 0.892656 -0.196497 -0.0845939
675 -44265 -46236 1970.96 0.01 0.0100046 0.1 0.100023 0.08 0 0 0.893106 -0.195819 -0.085471
676 -44263.2 -46236 1972.81 0.01 0.0099994 0.1 0.099997 0.08 0 0 0.893023 -0.196435 -0.0856317
677 -44278 -46236 1957.94 0.01 0.0100099 0.1 0.100049 0.08 0 0 0.893717 -0.196779 -0.0851903
678 -44278.9 -46236 1957.09 0.01 0.00999904 0.1 0.0999952 0.08 0 0 0.894108 -0.197031 -0.0850222
679 -44261.1 -46236 1974.86 0.01 0.0100011 0.1 0.100006 0.08 0 0 0.894078 -0.196788 -0.0845579
680 -44254 -46236 1981.95 0.01 0.00999632 0.1 0.0999816 0.08 0 0 0.89383 -0.197322 -0.0855134
681 -44242.8 -46236 1993.2 0.01 0.00999476 0.1 0.0999738 0.08 0 0 0.894344 -0.197652 -0.0840592
682 -44228.9 -46236 2007.03 0.01 0.0100044 0.1 0.100022 0.08 0 0 0.89458 -0.197683 -0.0817846
683 -44237.2 -46236 1998.82 0.01 0.00999446 0.1 0.0999723 0.08 0 0 0.895435 -0.196192 -0.081355
684 -44247 -46236 1988.99 0.01 0.0100012 0.1 0.100006 0.08 0 0 0.895561 -0.195361 -0.0818293
685 -44255.4 -46236 1980.59 0.01 0.0100028 0.1 0.100014 0.08 0 0 0.896124 -0.194422 -0.082089
686 -44267.3 -46236 1968.64 0.01 0.00999713 0.1 0.0999856 0.08 0 0 0.896603 -0.194635 -0.0831061
687 -44275.3 -46236 1960.66 0.01 0.00999804 0.1 0.0999902 0.08 0 0 0.896741 -0.193686 -0.0832847
688 -44280.5 -46236 1955.46 0.01 0.0100009 0.1 0.100005 0.08 0 0 0.897431 -0.191378 -0.083179
689 -44288.1 -46236 1947.89 0.01 0.0100003 0.1 0.100001 0.08 0 0 0.897648 -0.191458 -0.082913
690 -44291.3 -46236 1944.66 0.01 0.0100008 0.1 0.100004 0.08 0 0 0.897954 -0.190991 -0.0821911
691 -44291.7 -46236 1944.26 0.01 0.0100116 0.1 0.100058 0.08 0 0 0.898801 -0.19058 -0.0818594
692 -44278.9 -46236 1957.04 0.01 0.0100058 0.1 0.100029 0.08 0 0 0.899073 -0.190312 -0.0823058
693 -44277.7 -46236 1958.27 0.01 0.00999541 0.1 0.0999771 0.08 0 0 0.899583 -0.1893 -0.0818028
694 -44288.1 -46236 1947.86 0.01 0.00999868 0.1 0.0999934 0.08 0 0 0.899893 -0.189105 -0.0824429
695 -44269.4 -46236 1966.56 0.01 0.00999817 0.1 0.0999908 0.08 0 0 0.900281 -0.188306 -0.0823742
696 -44268.5 -46236 1967.46 0.01 0.00999565 0.1 0.0999783 0.08 0 0 0.900497 -0.187806 -0.0839204
697 -44264.5 -46236 1971.46 0.01 0.0099983 0.1 0.0999915 0.08 0 0 0.901267 -0.187432 -0.0832361
698 -44270.8 -46236 1965.21 0.01 0.00999965 0.1 0.0999982 0.08 0 0 0.901164 -0.187378 -0.0820264
699 -44267.8 -46236 1968.14 0.01 0.0100042 0.1 0.100021 0.08 0 0 0.901786 -0.185799 -0.081884
700 -44262.3 -46236 1973.71 0.01 0.00999556 0.1 0.0999778 0.08 0 0 0.902181 -0.185582 -0.0824614
701 -44264.2 -46236 1971.76 0.01 0.00999809 0.1 0.0999904 0.08 0 0 0.902901 -0.185051 -0.0818021
702 -44264.4 -46236 1971.56 0.01 0.00999861 0.1 0.099993 0.08 0 0 0.903041 -0.185544 -0.0818085
703 -44260.2 -46236 1975.75 0.01 0.00999884 0.1 0.0999942 0.08 0 0 0.9035 -0.185468 -0.0817226
704 -44264.5 -46236 1971.45 0.01 0.00999512 0.1 0.0999756 0.08 0 0 0.903763 -0.1844 -0.0822616
705 -44269.4 -46236 1966.54 0.01 0.00999305 0.1 0.0999653 0.08 0 0 0.90395 -0.184088 -0.0816511
706 -44259.5 -46236 1976.5 0.01 0.0099901 0.1 0.0999505 0.08 0 0 0.903807 -0.184837 -0.0811468
707 -44266.1 -46236 1969.93 0.01 0.0100009 0.1 0.100004 0.08 0 0 0.903818 -0.184666 -0.0814939
708 -44270.1 -46236 1965.85 0.01 0.00999837 0.1 0.0999918 0.08 0 0 0.904062 -0.183976 -0.0800798
709 -44287.5 -46236 1948.47 0.01 0.00999617 0.1 0.0999809 0.08 0 0 0.904299 -0.182564 -0.0810079
710 -44312.1 -46236 1923.93 0.01 0.00999961 0.1 0.0999981 0.08 0 0 0.905346 -0.18143 -0.0801129
711 -44300.4 -46236 1935.55 0.01 0.00999724 0.1 0.0999862 0.08 0 0 0.905433 -0.181483 -0.0790692
712 -44280.5 -46236 1955.47 0.01 0.0099963 0.1 0.0999815 0.08 0 0 0.90481 -0.181911 -0.0797312
713 -44276.4 -46236 1959.55 0.01 0.00999511 0.1 0.0999755 0.08 0 0 0.905175 -0.181987 -0.0782342
714 -44271.3 -46236 1964.67 0.01 0.0100029 0.1 0.100014 0.08 0 0 0.905591 -0.180989 -0.0794626
715 -44273.1 -46236 1962.87 0.01 0.00999931 0.1 0.0999966 0.08 0 0 0.906012 -0.178793 -0.0777286
716 -44279.6 -46236 1956.41 0.01 0.00999973 0.1 0.0999986 0.08 0 0 0.90622 -0.180064 -0.0777449
717 -44284.4 -46236 1951.54 0.01 0.00999784 0.1 0.0999892 0.08 0 0 0.906323 -0.179179 -0.0772872
718 -44282.7 -46236 1953.25 0.01 0.0099953 0.1 0.0999765 0.08 0 0 0.906866 -0.178393 -0.0773802
719 -44280.3 -46236 1955.71 0.01 0.0100014 0.1 0.100007 0.08 0 0 0.907208 -0.17787 -0.0767727
720 -44287 -46236 1948.95 0.01 0.0100053 0.1 0.100026 0.08 0 0 0.907395 -0.179182 -0.0765742
721 -44274.6 -46236 1961.35 0.01 0.00999761 0.1 0.099988 0.08 0 0 0.907498 -0.178035 -0.0766273
722 -44274.1 -46236 1961.92 0.01 0.00999591 0.1 0.0999796 0.08 0 0 0.907594 -0.178661 -0.0771542
723 -44279.5 -46236 1956.51 0.01 0.0100017 0.1 0.100009 0.08 0 0 0.908436 -0.177106 -0.0776327
724 -44265.9 -46236 1970.11 0.01 0.0100011 0.1 0.100005 0.08 0 0 0.908127 -0.176899 -0.0775732
725 -44279.7 -46236 1956.24 0.01 0.0099997 0.1 0.0999985 0.08 0 0 0.908643 -0.177232 -0.0769139
726 -44280.6 -46236 1955.39 0.01 0.0100069 0.1 0.100034 0.08 0 0 0.908841 -0.176995 -0.078138
727 -44277.8 -46236 1958.13 0.01 0.00998751 0.1 0.0999375 0.08 0 0 0.909206 -0.176898 -0.0773605
728 -44274.7 -46236 1961.3 0.01 0.0100008 0.1 0.100004 0.08 0 0 0.909566 -0.17599 -0.076777
729 -44283.1 -46236 1952.92 0.01 0.0100051 0.1 0.100025 0.08 0 0 0.909162 -0.175909 -0.0771558
730 -44275.9 -46236 1960.05 0.01 0.0100005 0.1 0.100002 0.08 0 0 0.909097 -0.177571 -0.0779261
731 -44288.9 -46236 1947.09 0.01 0.00999741 0.1 0.099987 0.08 0 0 0.909271 -0.177587 -0.0785194
732 -44296.5 -46236 1939.47 0.01 0.0099923 0.1 0.0999615 0.08 0 0 0.9096 -0.176132 -0.0785005
733 -44288.4 -46236 1947.58 0.01 0.0100015 0.1 0.100008 0.08 0 0 0.90922 -0.176599 -0.0782532
734 -44272.1 -46236 1963.9 0.01 0.00999993 0.1 0.0999996 0.08 0 0 0.909154 -0.17717 -0.078559
735 -44283.1 -46236 1952.88 0.01 0.0100078 0.1 0.100039 0.08 0 0 0.909702 -0.176316 -0.0789593
736 -44292 -46236 1943.99 0.01 0.00999763 0.1 0.0999881 0.08 0 0 0.910057 -0.176554 -0.0770739
737 -44284.3 -46236 1951.67 0.01 0.00999921 0.1 0.0999961 0.08 0 0 0.910176 -0.175467 -0.0773015
738 -44277.4 -46236 1958.61 0.01 0.00999979 0.1 0.099999 0.08 0 0 0.910422 -0.174933 -0.0779543
739 -44281.1 -46236 1954.85 0.01 0.0100001 0.1 0.1 0.08 0 0 0.910653 -0.174931 -0.0800936
740 -44286.9 -46236 1949.04 0.01 0.00999978 0.1 0.0999989 0.08 0 0 0.911161 -0.174707 -0.0797749
741 -44296.2 -46236 1939.82 0.01 0.00999539 0.1 0.0999769 0.08 0 0 0.910586 -0.174929 -0.0789564
742 -44324.4 -46236 1911.54 0.01 0.0100031 0.1 0.100015 0.08 0 0 0.910688 -0.175308 -0.0795838
743 -44286 -46236 1950.01 0.01 0.00999994 0.1 0.0999997 0.08 0 0 0.910628 -0.173445 -0.0800645
744 -44295.1 -46236 1940.84 0.01 0.0099969 0.1 0.0999845 0.08 0 0 0.911133 -0.172688 -0.0812515
745 -44287.8 -46236 1948.14 0.01 0.00999199 0.1 0.0999599 0.08 0 0 0.911319 -0.173902 -0.0808957
746 -44303.6 -46236 1932.34 0.01 0.00999904 0.1 0.0999952 0.08 0 0 0.91219 -0.171823 -0.0812285
747 -44326 -46236 1909.98 0.01 0.00999835 0.1 0.0999917 0.08 0 0 0.912353 -0.170973 -0.0828599
748 -44332 -46236 1903.98 0.01 0.00999723 0.1 0.0999862 0.08 0 0 0.912427 -0.170842 -0.0828316
749 -44328.7 -46236 1907.3 0.01 0.00999862 0.1 0.0999931 0.08 0 0 0.91258 -0.17078 -0.0830371
750 -44320.4 -46236 1915.55 0.01 0.00999887 0.1 0.0999943 0.08 0 0 0.912553 -0.170686 -0.0840524
751 -44330.4 -46236 1905.56 0.01 0.0100038 0.1 0.100019 0.08 0 0 0.912854 -0.17057 -0.0851051
752 -44315.4 -46236 1920.58 0.01 0.00999616 0.1 0.0999808 0.08 0 0 0.913274 -0.170067 -0.0850591
753 -44335.7 -46236 1900.28 0.01 0.0100033 0.1 0.100016 0.08 0 0 0.913436 -0.168827 -0.0852568
754 -44319.9 -46236 1916.04 0.01 0.0100028 0.1 0.100014 0.08 0 0 0.913036 -0.168047 -0.0864895
755 -44327.8 -46236 1908.21 0.01 0.0100076 0.1 0.100038 0.08 0 0 0.913434 -0.16836 -0.0859928
756 -44314 -46236 1922.02 0.01 0.0100039 0.1 0.100019 0.08 0 0 0.913636 -0.16887 -0.0855197
757 -44315.4 -46236 1920.63 0.01 0.00999431 0.1 0.0999715 0.08 0 0 0.914018 -0.168983 -0.0854957
758 -44315.4 -46236 1920.6 0.01 0.00999787 0.1 0.0999894 0.08 0 0 0.913999 -0.169552 -0.0862367
759 -44308 -46236 1927.93 0.01 0.0100008 0.1 0.100004 0.08 0 0 0.914503 -0.169198 -0.0862101
760 -44297.8 -46236 1938.23 0.01 0.00999495 0.1 0.0999748 0.08 0 0 0.914622 -0.168862 -0.0859063
761 -44295.2 -46236 1940.75 0.01 0.0100076 0.1 0.100038 0.08 0 0 0.914523 -0.16933 -0.0854438
762 -44289.5 -46236 1946.45 0.01 0.00999693 0.1 0.0999846 0.08 0 0 0.914722 -0.168405 -0.0855049
763 -44284.9 -46236 1951.06 0.01 0.00999688 0.1 0.0999844 0.08 0 0 0.91503 -0.168394 -0.0858245
764 -44290.7 -46236 1945.3 0.01 0.0100054 0.1 0.100027 0.08 0 0 0.915056 -0.169399 -0.0860128
765 -44292.4 -46236 1943.56 0.01 0.00999688 0.1 0.0999844 0.08 0 0 0.915314 -0.169709 -0.0849326
766 -44277.8 -46236 1958.22 0.01 0.0100019 0.1 0.10001 0.08 0 0 0.915557 -0.170495 -0.0851805
767 -44287 -46236 1948.97 0.01 0.0100056 0.1 0.100028 0.08 0 0 0.916255 -0.169341 -0.0862928
768 -44295.9 -46236 1940.05 0.01 0.0100043 0.1 0.100022 0.08 0 0 0.916787 -0.1689 -0.0866383
769 -44278.5 -46236 1957.48 0.01 0.0100039 0.1 0.10002 0.08 0 0 0.917087 -0.16848 -0.0856922
770 -44288.4 -46236 1947.62 0.01 0.0100006 0.1 0.100003 0.08 0 0 0.917239 -0.169324 -0.085733
771 -44316.1 -46236 1919.93 0.01 0.0100076 0.1 0.100038 0.08 0 0 0.917345 -0.16858 -0.0871085
772 -44315.2 -46236 1920.73 0.01 0.00999849 0.1 0.0999924 0.08 0 0 0.917425 -0.169552 -0.0861493
773 -44309.8 -46236 1926.15 0.01 0.010001 0.1 0.100005 0.08 0 0 0.917895 -0.169235 -0.0848618
774 -44325.1 -46236 1910.92 0.01 0.0099997 0.1 0.0999985 0.08 0 0 0.918121 -0.16845 -0.0846366
775 -44335.9 -46236 1900.1 0.01 0.0100036 0.1 0.100018 0.08 0 0 0.918517 -0.168008 -0.0858316
776 -44332.4 -46236 1903.54 0.01 0.00999336 0.1 0.0999668 0.08 0 0 0.918595 -0.166963 -0.0863154
777 -44330.4 -46236 1905.56 0.01 0.0100001 0.1 0.100001 0.08 0 0 0.918796 -0.16683 -0.0860788
778 -44345.6 -46236 1890.36 0.01 0.0100052 0.1 0.100026 0.08 0 0 0.919227 -0.166298 -0.0861541
779 -44337.9 -46236 1898.11 0.01 0.0100042 0.1 0.100021 0.08 0 0 0.919445 -0.165905 -0.0863497
780 -44332.4 -46236 1903.58 0.01 0.00999982 0.1 0.0999991 0.08 0 0 0.919605 -0.165333 -0.0863823
781 -44340.4 -46236 1895.61 0.01 0.0100031 0.1 0.100015 0.08 0 0 0.919759 -0.163781 -0.0850485
782 -44332.5 -46236 1903.43 0.01 0.0100027 0.1 0.100013 0.08 0 0 0.91976 -0.162673 -0.0841698
783 -44305.2 -46236 1930.78 0.01 0.0100005 0.1 0.100002 0.08 0 0 0.91976 -0.161726 -0.0836887
784 -44277.7 -46236 1958.32 0.01 0.0100025 0.1 0.100012 0.08 0 0 0.919644 -0.161465 -0.081635
785 -44272.6 -46236 1963.42 0.01 0.0100011 0.1 0.100005 0.08 0 0 0.919627 -0.161346 -0.0825406
786 -44292.8 -46236 1943.21 0.01 0.0100024 0.1 0.100012 0.08 0 0 0.919983 -0.161474 -0.0826665
787 -44306.9 -46236 1929.06 0.01 0.00999448 0.1 0.0999724 0.08 0 0 0.920254 -0.162176 -0.0818638
788 -44318.3 -46236 1917.66 0.01 0.0100007 0.1 0.100004 0.08 0 0 0.920433 -0.163348 -0.080334
789 -44314.1 -46236 1921.91 0.01 0.0100039 0.1 0.10002 0.08 0 0 0.920476 -0.163511 -0.080374
790 -44316.8 -46236 1919.22 0.01 0.0100046 0.1 0.100023 0.08 0 0 0.920572 -0.163818 -0.0794608
791 -44317.7 -46236 1918.25 0.01 0.0100018 0.1 0.100009 0.08 0 0 0.920748 -0.163279 -0.0797031
792 -44318.6 -46236 1917.34 0.01 0.0100034 0.1 0.100017 0.08 0 0 0.920691 -0.163382 -0.0797739
793 -44322.6 -46236 1913.39 0.01 0.00999855 0.1 0.0999927 0.08 0 0 0.921143 -0.162212 -0.0805858
794 -44334.5 -46236 1901.5 0.01 0.010001 0.1 0.100005 0.08 0 0 0.921942 -0.161554 -0.0789441
795 -44329.3 -46236 1906.72 0.01 0.00999671 0.1 0.0999836 0.08 0 0 0.922152 -0.162318 -0.0782232
796 -44337.9 -46236 1898.05 0.01 0.00999937 0.1 0.0999969 0.08 0 0 0.922208 -0.162892 -0.0795864
797 -44332.2 -46236 1903.77 0.01 0.00999811 0.1 0.0999906 0.08 0 0 0.922295 -0.163553 -0.0793188
798 -44332.6 -46236 1903.35 0.01 0.00999048 0.1 0.0999524 0.08 0 0 0.922255 -0.163887 -0.0806109
799 -44315.9 -46236 1920.03 0.01 0.00999829 0.1 0.0999914 0.08 0 0 0.922144 -0.164187 -0.0804222
800 -44302.3 -46236 1933.71 0.01 0.0100012 0.1 0.100006 0.08 0 0 0.921671 -0.164312 -0.0797398
801 -44304.2 -46236 1931.73 0.01 0.0100004 0.1 0.100002 0.08 0 0 0.921924 -0.164835 -0.0788473
802 -44300.6 -46236 1935.41 0.01 0.00999815 0.1 0.0999908 0.08 0 0 0.922064 -0.163589 -0.0781677
803 -44317.2 -46236 1918.83 0.01 0.0100013 0.1 0.100006 0.08 0 0 0.92282 -0.162979 -0.0783606
804 -44308 -46236 1927.98 0.01 0.00998981 0.1 0.0999491 0.08 0 0 0.922464 -0.161968 -0.0787381
805 -44303.6 -46236 1932.38 0.01 0.0100052 0.1 0.100026 0.08 0 0 0.922514 -0.161754 -0.0783918
806 -44297.2 -46236 1938.74 0.01 0.00998938 0.1 0.0999469 0.08 0 0 0.92238 -0.162081 -0.0780419
807 -44291.4 -46236 1944.62 0.01 0.00999878 0.1 0.0999939 0.08 0 0 0.922527 -0.162466 -0.0772167
808 -44297.5 -46236 1938.49 0.01 0.0100044 0.1 0.100022 0.08 0 0 0.922819 -0.162541 -0.0781174
809 -44311.6 -46236 1924.34 0.01 0.0100031 0.1 0.100015 0.08 0 0 0.922939 -0.163292 -0.0785708
810 -44314 -46236 1922.03 0.01 0.00999811 0.1 0.0999905 0.08 0 0 0.923147 -0.161748 -0.0775363
811 -44294.4 -46236 1941.54 0.01 0.00999988 0.1 0.0999994 0.08 0 0 0.923535 -0.160155 -0.0770601
812 -44301.8 -46236 1934.17 0.01 0.00999699 0.1 0.099985 0.08 0 0 0.924137 -0.159883 -0.0769415
813 -44308.2 -46236 1927.79 0.01 0.00999808 0.1 0.0999904 0.08 0 0 0.924653 -0.160346 -0.0775752
814 -44318.1 -46236 1917.88 0.01 0.00999391 0.1 0.0999695 0.08 0 0 0.924768 -0.160735 -0.0777414
815 -44320.1 -46236 1915.92 0.01 0.00999984 0.1 0.0999992 0.08 0 0 0.924745 -0.160194 -0.0774186
816 -44343.5 -46236 1892.5 0.01 0.0099964 0.1 0.099982 0.08 0 0 0.924908 -0.160194 -0.0767718
817 -44348.3 -46236 1887.71 0.01 0.0100047 0.1 0.100023 0.08 0 0 0.925229 -0.160963 -0.0770072
818 -44334 -46236 1901.99 0.01 0.00999858 0.1 0.0999929 0.08 0 0 0.92544 -0.159698 -0.0756336
819 -44336.5 -46236 1899.5 0.01 0.0100025 0.1 0.100013 0.08 0 0 0.925885 -0.158579 -0.0743244
820 -44331.7 -46236 1904.28 0.01 0.0100023 0.1 0.100012 0.08 0 0 0.926343 -0.156678 -0.0726871
821 -44331.8 -46236 1904.18 0.01 0.00999975 0.1 0.0999988 0.08 0 0 0.926239 -0.156701 -0.0717562
822 -44293.7 -46236 1942.23 0.01 0.010005 0.1 0.100025 0.08 0 0 0.925997 -0.156902 -0.0717245
823 -44286.9 -46236 1949.08 0.01 0.0100028 0.1 0.100014 0.08 0 0 0.925953 -0.15776 -0.070781
824 -44299.8 -46236 1936.16 0.01 0.00999779 0.1 0.0999889 0.08 0 0 0.926276 -0.156806 -0.071633
825 -44311.7 -46236 1924.26 0.01 0.00999541 0.1 0.099977 0.08 0 0 0.926709 -0.157252 -0.0716117
826 -44327.1 -46236 1908.84 0.01 0.00999746 0.1 0.0999873 0.08 0 0 0.927174 -0.156578 -0.07203
827 -44348 -46236 1887.99 0.01 0.00999205 0.1 0.0999602 0.08 0 0 0.92768 -0.15551 -0.0705885
828 -44334.7 -46236 1901.3 0.01 0.00999969 0.1 0.0999985 0.08 0 0 0.927514 -0.155603 -0.0698821
829 -44354.2 -46236 1881.81 0.01 0.0100049 0.1 0.100025 0.08 0 0 0.927626 -0.155606 -0.0691638
830 -44356.8 -46236 1879.15 0.01 0.0100009 0.1 0.100005 0.08 0 0 0.927531 -0.155849 -0.0685546
831 -44350 -46236 1885.96 0.01 0.0100079 0.1 0.10004 0.08 0 0 0.927908 -0.155063 -0.0676048
832 -44366.1 -46236 1869.91 0.01 0.0100019 0.1 0.100009 0.08 0 0 0.928185 -0.155453 -0.0670746
833 -44357.1 -46236 1878.88 0.01 0.0100051 0.1 0.100025 0.08 0 0 0.928222 -0.155317 -0.0667881
834 -44356.9 -46236 1879.09 0.01 0.0100011 0.1 0.100006 0.08 0 0 0.928502 -0.154808 -0.0678783
835 -44330.9 -46236 1905.07 0.01 0.00999219 0.1 0.0999609 0.08 0 0 0.928445 -0.154586 -0.066326
836 -44323.5 -46236 1912.46 0.01 0.0100016 0.1 0.100008 0.08 0 0 0.928687 -0.1539 -0.0660585
837 -44319.1 -46236 1916.87 0.01 0.0100017 0.1 0.100009 0.08 0 0 0.928851 -0.153483 -0.0648702
838 -44321.4 -46236 1914.56 0.01 0.00999774 0.1 0.0999887 0.08 0 0 0.929181 -0.153458 -0.0638432
839 -44322.1 -46236 1913.85 0.01 0.0100042 0.1 0.100021 0.08 0 0 0.929196 -0.15178 -0.0641994
840 -44325.6 -46236 1910.34 0.01 0.0100054 0.1 0.100027 0.08 0 0 0.929313 -0.151859 -0.0642112
841 -44320.7 -46236 1915.24 0.01 0.0100074 0.1 0.100037 0.08 0 0 0.930004 -0.151286 -0.0630355
842 -44338 -46236 1897.98 0.01 0.0100008 0.1 0.100004 0.08 0 0 0.930347 -0.151341 -0.063615
843 -44327.9 -46236 1908.03 0.01 0.00999639 0.1 0.099982 0.08 0 0 0.930352 -0.151466 -0.0645465
844 -44321.9 -46236 1914.09 0.01 0.0100032 0.1 0.100016 0.08 0 0 0.930314 -0.151361 -0.064454
845 -44297.9 -46236 1938.06 0.01 0.0100011 0.1 0.100006 0.08 0 0 0.930181 -0.151453 -0.0641745
846 -44291.9 -46236 1944.03 0.01 0.00999693 0.1 0.0999846 0.08 0 0 0.929801 -0.152312 -0.0645412
847 -44305.2 -46236 1930.82 0.01 0.00999567 0.1 0.0999784 0.08 0 0 0.930257 -0.152395 -0.0644559
848 -44297.5 -46236 1938.48 0.01 0.0100042 0.1 0.100021 0.08 0 0 0.929704 -0.152733 -0.065147
849 -44260.4 -46236 1975.61 0.01 0.00999967 0.1 0.0999983 0.08 0 0 0.929364 -0.152149 -0.0647419
850 -44268 -46236 1967.95 0.01 0.0100086 0.1 0.100043 0.08 0 0 0.929569 -0.151605 -0.0649146
851 -44278.2 -46236 1957.81 0.01 0.00999956 0.1 0.0999978 0.08 0 0 0.930203 -0.151903 -0.0651588
852 -44268.7 -46236 1967.33 0.01 0.00999643 0.1 0.0999822 0.08 0 0 0.930185 -0.151201 -0.0650315
853 -44267.3 -46236 1968.65 0.01 0.0100013 0.1 0.100007 0.08 0 0 0.930116 -0.150974 -0.0638821
854 -44262.4 -46236 1973.63 0.01 0.00999932 0.1 0.0999966 0.08 0 0 0.930337 -0.1503 -0.0622492
855 -44296.5 -46236 1939.47 0.01 0.010005 0.1 0.100025 0.08 0 0 0.930737 -0.151046 -0.0623886
856 -44310.6 -46236 1925.34 0.01 0.0100012 0.1 0.100006 0.08 0 0 0.930999 -0.151413 -0.0615638
857 -44306.7 -46236 1929.31 0.01 0.010007 0.1 0.100035 0.08 0 0 0.931263 -0.150056 -0.0621665
858 -44312.4 -46236 1923.57 0.01 0.0100036 0.1 0.100018 0.08 0 0 0.931602 -0.149553 -0.0617074
859 -44324.4 -46236 1911.53 0.01 0.0100055 0.1 0.100028 0.08 0 0 0.93208 -0.14943 -0.0617908
860 -44335.4 -46236 1900.54 0.01 0.0100018 0.1 0.100009 0.08 0 0 0.932183 -0.149127 -0.0606009
861 -44346.3 -46236 1889.73 0.01 0.01 0.1 0.1 0.08 0 0 0.932673 -0.147907 -0.0603366
862 -44360.8 -46236 1875.18 0.01 0.0100006 0.1 0.100003 0.08 0 0 0.932992 -0.147682 -0.0592646
863 -44358 -46236 1877.98 0.01 0.0100149 0.1 0.100074 0.08 0 0 0.93336 -0.147277 -0.0590122
864 -44343.6 -46236 1892.39 0.01 0.0100103 0.1 0.100052 0.08 0 0 0.933287 -0.147828 -0.0597785
865 -44334.1 -46236 1901.85 0.01 0.0100055 0.1 0.100028 0.08 0 0 0.93287 -0.147519 -0.0601184
866 -44338.3 -46236 1897.67 0.01 0.00999989 0.1 0.0999995 0.08 0 0 0.933114 -0.147375 -0.060169
867 -44333.3 -46236 1902.66 0.01 0.00999991 0.1 0.0999995 0.08 0 0 0.932838 -0.147855 -0.0613247
868 -44336.3 -46236 1899.63 0.01 0.0100013 0.1 0.100007 0.08 0 0 0.93276 -0.147562 -0.0607414
869 -44328.2 -46236 1907.8 0.01 0.0100042 0.1 0.100021 0.08 0 0 0.932661 -0.146703 -0.0606402
870 -44333.6 -46236 1902.38 0.01 0.0100031 0.1 0.100015 0.08 0 0 0.932673 -0.146263 -0.0604564
871 -44360.5 -46236 1875.45 0.01 0.00999618 0.1 0.0999809 0.08 0 0 0.932872 -0.145576 -0.0602418
872 -44362.4 -46236 1873.54 0.01 0.0100059 0.1 0.100029 0.08 0 0 0.933118 -0.14444 -0.0601315
873 -44348 -46236 1888 0.01 0.010004 0.1 0.10002 0.08 0 0 0.933417 -0.144118 -0.0594757
874 -44341.8 -46236 1894.15 0.01 0.0100029 0.1 0.100015 0.08 0 0 0.933407 -0.14368 -0.0583834
875 -44363.3 -46236 1872.7 0.01 0.00999208 0.1 0.0999604 0.08 0 0 0.933867 -0.14407 -0.0586049
876 -44388.2 -46236 1847.77 0.01 0.0100045 0.1 0.100023 0.08 0 0 0.934329 -0.144014 -0.0586637
877 -44367.7 -46236 1868.27 0.01 0.0100022 0.1 0.100011 0.08 0 0 0.934268 -0.143048 -0.0596002
878 -44370.6 -46236 1865.34 0.01 0.00999546 0.1 0.0999773 0.08 0 0 0.934575 -0.142772 -0.0597399
879 -44362.3 -46236 1873.71 0.01 0.00999874 0.1 0.0999937 0.08 0 0 0.934667 -0.141785 -0.0582446
880 -44374.1 -46236 1861.91 0.01 0.0100016 0.1 0.100008 0.08 0 0 0.934909 -0.141474 -0.0590524
881 -44371.9 -46236 1864.08 0.01 0.00999533 0.1 0.0999767 0.08 0 0 0.934974 -0.141507 -0.0604444
882 -44391 -46236 1844.99 0.01 0.010001 0.1 0.100005 0.08 0 0 0.935215 -0.141477 -0.0607371
883 -44382.1 -46236 1853.87 0.01 0.0100096 0.1 0.100048 0.08 0 0 0.935467 -0.138962 -0.0605772
884 -44368.6 -46236 1867.36 0.01 0.0100033 0.1 0.100017 0.08 0 0 0.935165 -0.138997 -0.0602349
885 -44340.1 -46236 1895.86 0.01 0.0100039 0.1 0.100019 0.08 0 0 0.934818 -0.138334 -0.0605655
886 -44337.2 -46236 1898.76 0.01 0.0100088 0.1 0.100044 0.08 0 0 0.935178 -0.13831 -0.0609114
887 -44341.8 -46236 1894.22 0.01 0.0100052 0.1 0.100026 0.08 0 0 0.935176 -0.13792 -0.0606882
888 -44348.6 -46236 1887.37 0.01 0.00999678 0.1 0.0999839 0.08 0 0 0.935366 -0.138511 -0.0606414
889 -44351.9 -46236 1884.05 0.01 0.00999485 0.1 0.0999743 0.08 0 0 0.935547 -0.137735 -0.0600133
890 -44329.1 -46236 1906.9 0.01 0.0100071 0.1 0.100035 0.08 0 0 0.935315 -0.138762 -0.0593235
891 -44328 -46236 1908.03 0.01 0.0100054 0.1 0.100027 0.08 0 0 0.935467 -0.138914 -0.0589673
892 -44324.6 -46236 1911.41 0.01 0.0099986 0.1 0.099993 0.08 0 0 0.935305 -0.140206 -0.0595942
893 -44335.4 -46236 1900.56 0.01 0.0100017 0.1 0.100009 0.08 0 0 0.935711 -0.141095 -0.0602106
894 -44318.8 -46236 1917.21 0.01 0.0100043 0.1 0.100022 0.08 0 0 0.935905 -0.140434 -0.060885
895 -44326.2 -46236 1909.82 0.01 0.00999915 0.1 0.0999957 0.08 0 0 0.936215 -0.140338 -0.0602813
896 -44304.2 -46236 1931.81 0.01 0.0100009 0.1 0.100005 0.08 0 0 0.936065 -0.140073 -0.0614495
897 -44311.2 -46236 1924.81 0.01 0.0100018 0.1 0.100009 0.08 0 0 0.936146 -0.140432 -0.0621321
898 -44302.2 -46236 1933.81 0.01 0.0100023 0.1 0.100012 0.08 0 0 0.936585 -0.140805 -0.0620097
899 -44307.8 -46236 1928.15 0.01 0.00999599 0.1 0.0999799 0.08 0 0 0.937351 -0.13943 -0.0613201
900 -44313.9 -46236 1922.11 0.01 0.00999816 0.1 0.0999908 0.08 0 0 0.937541 -0.138587 -0.0608975
901 -44300.4 -46236 1935.58 0.01 0.0100016 0.1 0.100008 0.08 0 0 0.937265 -0.137373 -0.0609853
902 -44323.8 -46236 1912.14 0.01 0.0100004 0.1 0.100002 0.08 0 0 0.937911 -0.137336 -0.0610719
903 -44337 -46236 1899.02 0.01 0.0100018 0.1 0.100009 0.08 0 0 0.938214 -0.137316 -0.0614888
904 -44344.3 -46236 1891.69 0.01 0.0100024 0.1 0.100012 0.08 0 0 0.93833 -0.138587 -0.060085
905 -44343.5 -46236 1892.52 0.01 0.00999212 0.1 0.0999606 0.08 0 0 0.938534 -0.137848 -0.0590673
906 -44335.8 -46236 1900.14 0.01 0.00998716 0.1 0.0999358 0.08 0 0 0.938417 -0.137249 -0.058436
907 -44342.7 -46236 1893.29 0.01 0.0100102 0.1 0.100051 0.08 0 0 0.938534 -0.136528 -0.0579243
908 -44321.4 -46236 1914.55 0.01 0.0100003 0.1 0.100002 0.08 0 0 0.938445 -0.136063 -0.0583127
909 -44354.5 -46236 1881.49 0.01 0.0100022 0.1 0.100011 0.08 0 0 0.939104 -0.135845 -0.0578949
910 -44335.2 -46236 1900.78 0.01 0.00999151 0.1 0.0999575 0.08 0 0 0.938762 -0.135231 -0.0582587
911 -44339.7 -46236 1896.27 0.01 0.00999961 0.1 0.099998 0.08 0 0 0.93903 -0.134925 -0.0567042
912 -44354 -46236 1881.97 0.01 0.0100031 0.1 0.100015 0.08 0 0 0.939631 -0.133634 -0.0572813
913 -44347.7 -46236 1888.27 0.01 0.00999852 0.1 0.0999926 0.08 0 0 0.939403 -0.13302 -0.0578118
914 -44353.6 -46236 1882.43 0.01 0.0100004 0.1 0.100002 0.08 0 0 0.939586 -0.132382 -0.0569723
915 -44351.6 -46236 1884.35 0.01 0.0099939 0.1 0.0999695 0.08 0 0 0.939578 -0.132612 -0.0567892
916 -44338 -46236 1897.97 0.01 0.0099934 0.1 0.099967 0.08 0 0 0.939444 -0.13293 -0.0562764
917 -44321.2 -46236 1914.74 0.01 0.0100052 0.1 0.100026 0.08 0 0 0.939062 -0.134247 -0.0562552
918 -44336.7 -46236 1899.27 0.01 0.010001 0.1 0.100005 0.08 0 0 0.93952 -0.13432 -0.0550897
919 -44323.7 -46236 1912.27 0.01 0.0100026 0.1 0.100013 0.08 0 0 0.939612 -0.13418 -0.0544494
920 -44336.4 -46236 1899.6 0.01 0.00999962 0.1 0.0999981 0.08 0 0 0.939902 -0.133429 -0.053502
921 -44339.1 -46236 1896.88 0.01 0.00999901 0.1 0.0999951 0.08 0 0 0.940038 -0.133298 -0.0522565
922 -44352.3 -46236 1883.66 0.01 0.00999925 0.1 0.0999962 0.08 0 0 0.940301 -0.13316 -0.0514701
923 -44364.3 -46236 1871.65 0.01 0.00999775 0.1 0.0999887 0.08 0 0 0.940754 -0.132659 -0.0522461
924 -44370.1 -46236 1865.9 0.01 0.0100003 0.1 0.100001 0.08 0 0 0.941306 -0.132535 -0.0515693
925 -44376 -46236 1860.02 0.01 0.0100067 0.1 0.100034 0.08 0 0 0.941418 -0.131471 -0.0516483
926 -44371.8 -46236 1864.23 0.01 0.00999745 0.1 0.0999872 0.08 0 0 0.941392 -0.132299 -0.0515882
927 -44375.9 -46236 1860.06 0.01 0.0100008 0.1 0.100004 0.08 0 0 0.94151 -0.131556 -0.0507106
928 -44366.7 -46236 1869.28 0.01 0.0100051 0.1 0.100025 0.08 0 0 0.941278 -0.132164 -0.0512223
929 -44363.2 -46236 1872.75 0.01 0.00999631 0.1 0.0999815 0.08 0 0 0.941131 -0.132293 -0.0516376
930 -44360.4 -46236 1875.55 0.01 0.0100045 0.1 0.100023 0.08 0 0 0.941303 -0.13153 -0.0510192
931 -44370.5 -46236 1865.46 0.01 0.0100008 0.1 0.100004 0.08 0 0 0.941674 -0.132041 -0.0501835
932 -44351.4 -46236 1884.59 0.01 0.0100063 0.1 0.100031 0.08 0 0 0.941481 -0.131152 -0.0501869
933 -44338.9 -46236 1897.07 0.01 0.0099935 0.1 0.0999675 0.08 0 0 0.94096 -0.13252 -0.0502277
934 -44337.2 -46236 1898.82 0.01 0.0100021 0.1 0.100011 0.08 0 0 0.94144 -0.131744 -0.0508395
935 -44334.5 -46236 1901.5 0.01 0.00998935 0.1 0.0999467 0.08 0 0 0.941522 -0.131305 -0.0491612
936 -44324.5 -46236 1911.46 0.01 0.0100052 0.1 0.100026 0.08 0 0 0.941322 -0.130581 -0.0500945
937 -44325.5 -46236 1910.46 0.01 0.00999847 0.1 0.0999923 0.08 0 0 0.941279 -0.129975 -0.0493495
938 -44330 -46236 1905.94 0.01 0.0100048 0.1 0.100024 0.08 0 0 0.941478 -0.129143 -0.0494156
939 -44324.2 -46236 1911.74 0.01 0.010002 0.1 0.10001 0.08 0 0 0.941395 -0.130019 -0.0496224
940 -44321.6 -46236 1914.42 0.01 0.00999554 0.1 0.0999777 0.08 0 0 0.941058 -0.13035 -0.0492011
941 -44319.8 -46236 1916.15 0.01 0.00998988 0.1 0.0999494 0.08 0 0 0.941141 -0.129779 -0.0497458
942 -44321.4 -46236 1914.62 0.01 0.00999913 0.1 0.0999957 0.08 0 0 0.94127 -0.129069 -0.0512779
943 -44313.1 -46236 1922.83 0.01 0.0100005 0.1 0.100002 0.08 0 0 0.941422 -0.127192 -0.0511264
944 -44310.6 -46236 1925.42 0.01 0.0099992 0.1 0.099996 0.08 0 0 0.941466 -0.127492 -0.0515451
945 -44323.5 -46236 1912.51 0.01 0.00999829 0.1 0.0999914 0.08 0 0 0.941166 -0.127403 -0.0520538
946 -44329 -46236 1907.01 0.01 0.00999691 0.1 0.0999846 0.08 0 0 0.941487 -0.126714 -0.052179
947 -44342.5 -46236 1893.49 0.01 0.0100049 0.1 0.100024 0.08 0 0 0.941611 -0.127957 -0.052134
948 -44328.5 -46236 1907.51 0.01 0.0100031 0.1 0.100016 0.08 0 0 0.941657 -0.126251 -0.0532718
949 -44341.3 -46236 1894.63 0.01 0.00999989 0.1 0.0999995 0.08 0 0 0.941548 -0.125218 -0.0529557
950 -44341.3 -46236 1894.66 0.01 0.00999588 0.1 0.0999794 0.08 0 0 0.942188 -0.124664 -0.0520659
951 -44333.7 -46236 1902.31 0.01 0.00999551 0.1 0.0999775 0.08 0 0 0.942436 -0.125586 -0.0510842
952 -44327.3 -46236 1908.72 0.01 0.0100025 0.1 0.100013 0.08 0 0 0.942428 -0.124083 -0.0516952
953 -44324.2 -46236 1911.74 0.01 0.00999654 0.1 0.0999827 0.08 0 0 0.942564 -0.124358 -0.0516947
954 -44336.3 -46236 1899.65 0.01 0.00999556 0.1 0.0999778 0.08 0 0 0.942579 -0.124244 -0.0514036
955 -44323.4 -46236 1912.57 0.01 0.00999774 0.1 0.0999887 0.08 0 0 0.942299 -0.124201 -0.05127
956 -44333.4 -46236 1902.54 0.01 0.0100057 0.1 0.100028 0.08 0 0 0.94275 -0.122188 -0.0509542
957 -44315.9 -46236 1920.07 0.01 0.00999341 0.1 0.099967 0.08 0 0 0.942549 -0.122663 -0.0507196
958 -44337 -46236 1898.96 0.01 0.00999932 0.1 0.0999966 0.08 0 0 0.94285 -0.120988 -0.0519405
959 -44342.4 -46236 1893.59 0.01 0.0100043 0.1 0.100021 0.08 0 0 0.943153 -0.120733 -0.0517013
960 -44331.3 -46236 1904.64 0.01 0.00999253 0.1 0.0999627 0.08 0 0 0.943242 -0.120205 -0.0522221
961 -44330.9 -46236 1905.05 0.01 0.010006 0.1 0.10003 0.08 0 0 0.94322 -0.120123 -0.0516695
962 -44323.2 -46236 1912.77 0.01 0.0100044 0.1 0.100022 0.08 0 0 0.943287 -0.119289 -0.05038
963 -44326.6 -46236 1909.39 0.01 0.00999339 0.1 0.0999669 0.08 0 0 0.943362 -0.119275 -0.0494208
964 -44319.4 -46236 1916.55 0.01 0.0100109 0.1 0.100055 0.08 0 0 0.943393 -0.119571 -0.0491295
965 -44332.4 -46236 1903.63 0.01 0.0100051 0.1 0.100025 0.08 0 0 0.943424 -0.119289 -0.049449
966 -44324.8 -46236 1911.14 0.01 0.00999943 0.1 0.0999971 0.08 0 0 0.943367 -0.11973 -0.0500291
967 -44321.9 -46236 1914.06 0.01 0.00999271 0.1 0.0999635 0.08 0 0 0.943446 -0.11983 -0.0494858
968 -44339.1 -46236 1896.89 0.01 0.0100038 0.1 0.100019 0.08 0 0 0.943816 -0.118983 -0.0492527
969 -44329.3 -46236 1906.7 0.01 0.0100013 0.1 0.100007 0.08 0 0 0.943654 -0.119246 -0.0488525
970 -44342.2 -46236 1893.77 0.01 0.00999611 0.1 0.0999806 0.08 0 0 0.943532 -0.118483 -0.0484477
971 -44340.7 -46236 1895.27 0.01 0.00999937 0.1 0.0999969 0.08 0 0 0.943671 -0.118868 -0.0481014
972 -44351.7 -46236 1884.29 0.01 0.0100006 0.1 0.100003 0.08 0 0 0.943952 -0.118141 -0.0488496
973 -44342.7 -46236 1893.24 0.01 0.0100064 0.1 0.100032 0.08 0 0 0.944138 -0.117585 -0.0481114
974 -44349.2 -46236 1886.8 0.01 0.00999959 0.1 0.099998 0.08 0 0 0.944465 -0.116082 -0.047268
975 -44370.4 -46236 1865.55 0.01 0.01 0.1 0.1 0.08 0 0 0.944706 -0.117417 -0.0468285
976 -44372.4 -46236 1863.62 0.01 0.00999825 0.1 0.0999913 0.08 0 0 0.944801 -0.116623 -0.0482427
977 -44382.6 -46236 1853.36 0.01 0.0100053 0.1 0.100026 0.08 0 0 0.945183 -0.115466 -0.0483814
978 -44379.9 -46236 1856.05 0.01 0.0100063 0.1 0.100031 0.08 0 0 0.945336 -0.115203 -0.0471341
979 -44370.6 -46236 1865.38 0.01 0.0100109 0.1 0.100054 0.08 0 0 0.94512 -0.116111 -0.0479681
980 -44336.4 -46236 1899.55 0.01 0.0100038 0.1 0.100019 0.08 0 0 0.944567 -0.115561 -0.0467862
981 -44354.3 -46236 1881.68 0.01 0.0100044 0.1 0.100022 0.08 0 0 0.945057 -0.116055 -0.0465764
982 -44370.4 -46236 1865.56 0.01 0.00999265 0.1 0.0999632 0.08 0 0 0.945198 -0.115218 -0.0457293
983 -44375.1 -46236 1860.91 0.01 0.00999258 0.1 0.0999629 0.08 0 0 0.945233 -0.115438 -0.0466808
984 -44368.8 -46236 1867.14 0.01 0.0100002 0.1 0.100001 0.08 0 0 0.945518 -0.114142 -0.0476546
985 -44351.2 -46236 1884.82 0.01 0.0100034 0.1 0.100017 0.08 0 0 0.945256 -0.114016 -0.0478314
986 -44352.9 -46236 1883.09 0.01 0.0100007 0.1 0.100004 0.08 0 0 0.94554 -0.115207 -0.0471919
987 -44344.7 -46236 1891.26 0.01 0.00999522 0.1 0.0999761 0.08 0 0 0.945396 -0.116589 -0.0456813
988 -44343.4 -46236 1892.57 0.01 0.0100053 0.1 0.100027 0.08 0 0 0.945749 -0.115923 -0.0450467
989 -44343.6 -46236 1892.33 0.01 0.00999515 0.1 0.0999758 0.08 0 0 0.945858 -0.115282 -0.0468399
990 -44340.8 -46236 1895.16 0.01 0.00998784 0.1 0.0999392 0.08 0 0 0.946105 -0.115339 -0.0471144
991 -44346 -46236 1890.02 0.01 0.00999921 0.1 0.0999961 0.08 0 0 0.946019 -0.115552 -0.0473147
992 -44331.8 -46236 1904.2 0.01 0.00999355 0.1 0.0999677 0.08 0 0 0.946415 -0.114642 -0.0470236
993 -44339.3 -46236 1896.71 0.01 0.0100013 0.1 0.100007 0.08 0 0 0.94673 -0.11425 -0.0479626
994 -44351.2 -46236 1884.74 0.01 0.0100024 0.1 0.100012 0.08 0 0 0.946703 -0.115315 -0.04822
995 -44353.7 -46236 1882.27 0.01 0.009997 0.1 0.099985 0.08 0 0 0.946831 -0.115523 -0.0474308
996 -44343.3 -46236 1892.7 0.01 0.00999379 0.1 0.0999689 0.08 0 0 0.94681 -0.116185 -0.0465838
997 -44355.7 -46236 1880.24 0.01 0.00999239 0.1 0.0999619 0.08 0 0 0.947151 -0.115117 -0.0458432
998 -44369.9 -46236 1866.11 0.01 0.0100028 0.1 0.100014 0.08 0 0 0.947179 -0.114621 -0.0467595
999 -44369.2 -46236 1866.79 0.01 0.00999531 0.1 0.0999765 0.08 0 0 0.946847 -0.11557 -0.0472319
1000 -44371.6 -46236 1864.34 0.01 0.00999769 0.1 0.0999884 0.08 0 0 0.947178 -0.114212 -0.0459821
