# Iteration Energy MinEnergy Delta temp realtemp dtheta realdtheta MagneticFieldX Y Z MagnetizationX Y Z
1 -1520.68 -46003.6 44482.9 0.01 0.00999784 0.1 0.0999892 0.05 0 0 0.00202491 -0.0100201 -0.00205875
2 -2745.13 -46003.6 43258.5 0.01 0.00999866 0.1 0.0999933 0.05 0 0 0.00371691 -0.0119033 -0.00261929
3 -3912.59 -46003.6 42091 0.01 0.00999676 0.1 0.0999838 0.05 0 0 0.00464336 -0.0125071 -0.00235042
4 -4974.58 -46003.6 41029 0.01 0.00999234 0.1 0.0999617 0.05 0 0 0.00609492 -0.0140047 -0.00339137
5 -6017.38 -46003.6 39986.2 0.01 0.00999334 0.1 0.0999667 0.05 0 0 0.00778328 -0.0148884 -0.00359054
6 -7013.94 -46003.6 38989.7 0.01 0.0100031 0.1 0.100015 0.05 0 0 0.00965303 -0.0167964 -0.00342599
7 -7945.91 -46003.6 38057.7 0.01 0.0100027 0.1 0.100014 0.05 0 0 0.010398 -0.0186232 -0.00433392
8 -8880.39 -46003.6 37123.2 0.01 0.00999587 0.1 0.0999793 0.05 0 0 0.0126627 -0.0203156 -0.00350823
9 -9796.47 -46003.6 36207.2 0.01 0.0100007 0.1 0.100003 0.05 0 0 0.0142838 -0.022495 -0.00487065
10 -10714.8 -46003.6 35288.9 0.01 0.00999562 0.1 0.0999781 0.05 0 0 0.0161357 -0.0244977 -0.00515347
11 -11647.9 -46003.6 34355.7 0.01 0.0100029 0.1 0.100014 0.05 0 0 0.0179377 -0.0257676 -0.00662521
12 -12572.5 -46003.6 33431.1 0.01 0.0100013 0.1 0.100006 0.05 0 0 0.0203919 -0.0286836 -0.00600203
13 -13477 -46003.6 32526.6 0.01 0.0100023 0.1 0.100012 0.05 0 0 0.0222651 -0.0307382 -0.00546535
14 -14395.5 -46003.6 31608.1 0.01 0.00999976 0.1 0.0999988 0.05 0 0 0.0237879 -0.033611 -0.00605523
15 -15319.1 -46003.6 30684.5 0.01 0.0100111 0.1 0.100056 0.05 0 0 0.0252963 -0.0360837 -0.00762958
16 -16212.8 -46003.6 29790.8 0.01 0.01 0.1 0.1 0.05 0 0 0.0276558 -0.0371993 -0.00772529
17 -17124.8 -46003.6 28878.8 0.01 0.00999931 0.1 0.0999965 0.05 0 0 0.029927 -0.0390325 -0.00704031
18 -18012.6 -46003.6 27991 0.01 0.00999901 0.1 0.099995 0.05 0 0 0.0323861 -0.0406406 -0.00775174
19 -18893.3 -46003.6 27110.3 0.01 0.00999249 0.1 0.0999625 0.05 0 0 0.0347561 -0.0436217 -0.00874298
20 -19743 -46003.6 26260.7 0.01 0.0100006 0.1 0.100003 0.05 0 0 0.0379563 -0.04505 -0.00865891
21 -20532.5 -46003.6 25471.1 0.01 0.00999571 0.1 0.0999786 0.05 0 0 0.0396182 -0.0464584 -0.00913074
22 -21367.7 -46003.6 24635.9 0.01 0.00999424 0.1 0.0999712 0.05 0 0 0.041003 -0.0473919 -0.0100963
23 -22177.5 -46003.6 23826.1 0.01 0.00999921 0.1 0.099996 0.05 0 0 0.0437122 -0.0497057 -0.0109519
24 -22940.8 -46003.6 23062.9 0.01 0.0100015 0.1 0.100007 0.05 0 0 0.0457843 -0.0521316 -0.0114941
25 -23693.5 -46003.6 22310.2 0.01 0.0100011 0.1 0.100005 0.05 0 0 0.0487071 -0.0547092 -0.0115908
26 -24417.7 -46003.6 21586 0.01 0.0100046 0.1 0.100023 0.05 0 0 0.0508663 -0.0560128 -0.011946
27 -25104.5 -46003.6 20899.1 0.01 0.0100013 0.1 0.100006 0.05 0 0 0.0527765 -0.0590316 -0.0111355
28 -25748.2 -46003.6 20255.4 0.01 0.010002 0.1 0.10001 0.05 0 0 0.0552696 -0.0618278 -0.0107638
29 -26366.2 -46003.6 19637.4 0.01 0.00999734 0.1 0.0999867 0.05 0 0 0.0577547 -0.0646378 -0.0109413
30 -26971.4 -46003.6 19032.2 0.01 0.0100087 0.1 0.100044 0.05 0 0 0.0599331 -0.0667613 -0.0109324
31 -27525.3 -46003.6 18478.3 0.01 0.010004 0.1 0.10002 0.05 0 0 0.0627468 -0.0698013 -0.010823
32 -28075.9 -46003.6 17927.8 0.01 0.0100041 0.1 0.10002 0.05 0 0 0.0644898 -0.0726067 -0.0114738
33 -28563.1 -46003.6 17440.6 0.01 0.0100089 0.1 0.100045 0.05 0 0 0.0671716 -0.0737506 -0.0118991
34 -29029 -46003.6 16974.6 0.01 0.0100081 0.1 0.100041 0.05 0 0 0.0705043 -0.0762528 -0.0127116
35 -29478.6 -46003.6 16525 0.01 0.0100061 0.1 0.10003 0.05 0 0 0.0708775 -0.0791855 -0.0121217
36 -29902.8 -46003.6 16100.8 0.01 0.00999833 0.1 0.0999917 0.05 0 0 0.0731468 -0.0807817 -0.0113294
37 -30302 -46003.6 15701.6 0.01 0.00999829 0.1 0.0999914 0.05 0 0 0.0748668 -0.0823142 -0.0117743
38 -30680.2 -46003.6 15323.4 0.01 0.0100097 0.1 0.100048 0.05 0 0 0.0768463 -0.0848688 -0.0130042
39 -31040 -46003.6 14963.6 0.01 0.00999661 0.1 0.099983 0.05 0 0 0.0787706 -0.0867535 -0.0132695
40 -31376.9 -46003.6 14626.7 0.01 0.0100059 0.1 0.10003 0.05 0 0 0.0807819 -0.0897149 -0.0139917
41 -31733.4 -46003.6 14270.2 0.01 0.009997 0.1 0.099985 0.05 0 0 0.0831293 -0.090863 -0.0132142
42 -32026.8 -46003.6 13976.8 0.01 0.0100011 0.1 0.100006 0.05 0 0 0.0850656 -0.0931867 -0.0132097
43 -32308.2 -46003.6 13695.4 0.01 0.0100009 0.1 0.100004 0.05 0 0 0.0859076 -0.0946249 -0.0126442
44 -32570.1 -46003.6 13433.5 0.01 0.00999434 0.1 0.0999717 0.05 0 0 0.0872812 -0.0968149 -0.0120947
45 -32838.5 -46003.6 13165.1 0.01 0.00999476 0.1 0.0999738 0.05 0 0 0.0882171 -0.0984182 -0.0112613
46 -33115.6 -46003.6 12888 0.01 0.00999623 0.1 0.0999811 0.05 0 0 0.0906448 -0.100359 -0.0117515
47 -33354.4 -46003.6 12649.2 0.01 0.0100035 0.1 0.100018 0.05 0 0 0.092667 -0.101276 -0.0115058
48 -33590.8 -46003.6 12412.9 0.01 0.00999592 0.1 0.0999796 0.05 0 0 0.0947004 -0.10297 -0.0116768
49 -33815.8 -46003.6 12187.8 0.01 0.0100009 0.1 0.100005 0.05 0 0 0.0966167 -0.104752 -0.0113702
50 -34052.7 -46003.6 11950.9 0.01 0.00999343 0.1 0.0999671 0.05 0 0 0.098012 -0.106153 -0.0121959
51 -34242.4 -46003.6 11761.2 0.01 0.0100081 0.1 0.100041 0.05 0 0 0.100666 -0.10726 -0.013098
52 -34456.5 -46003.6 11547.1 0.01 0.00999823 0.1 0.0999912 0.05 0 0 0.102213 -0.10802 -0.0123328
53 -34663.3 -46003.6 11340.3 0.01 0.0100006 0.1 0.100003 0.05 0 0 0.104141 -0.109627 -0.0124056
54 -34812.9 -46003.6 11190.8 0.01 0.0100007 0.1 0.100004 0.05 0 0 0.106328 -0.110814 -0.0120583
55 -34986.5 -46003.6 11017.1 0.01 0.0100005 0.1 0.100002 0.05 0 0 0.108653 -0.11296 -0.012443
56 -35148.9 -46003.6 10854.7 0.01 0.0100016 0.1 0.100008 0.05 0 0 0.109537 -0.114278 -0.0121313
57 -35314.2 -46003.6 10689.5 0.01 0.00999735 0.1 0.0999868 0.05 0 0 0.112647 -0.114919 -0.0131019
58 -35467.2 -46003.6 10536.4 0.01 0.0100019 0.1 0.10001 0.05 0 0 0.114519 -0.117184 -0.0118093
59 -35627.9 -46003.6 10375.7 0.01 0.00999803 0.1 0.0999902 0.05 0 0 0.116682 -0.118535 -0.0127229
60 -35758.8 -46003.6 10244.8 0.01 0.00999911 0.1 0.0999956 0.05 0 0 0.118227 -0.119042 -0.0123509
61 -35900.9 -46003.6 10102.8 0.01 0.0100016 0.1 0.100008 0.05 0 0 0.12064 -0.121138 -0.0123681
62 -36016.3 -46003.6 9987.3 0.01 0.00999051 0.1 0.0999526 0.05 0 0 0.1212 -0.123124 -0.0137716
63 -36139.4 -46003.6 9864.23 0.01 0.0100101 0.1 0.10005 0.05 0 0 0.123063 -0.124839 -0.0128523
64 -36271.8 -46003.6 9731.85 0.01 0.0100098 0.1 0.100049 0.05 0 0 0.124972 -0.126682 -0.013542
65 -36383.9 -46003.6 9619.77 0.01 0.00999972 0.1 0.0999986 0.05 0 0 0.126997 -0.127976 -0.0136231
66 -36475.7 -46003.6 9527.95 0.01 0.0100037 0.1 0.100018 0.05 0 0 0.129019 -0.130102 -0.0151581
67 -36572.4 -46003.6 9431.22 0.01 0.0099931 0.1 0.0999655 0.05 0 0 0.129585 -0.132216 -0.0148227
68 -36684.4 -46003.6 9319.23 0.01 0.0100103 0.1 0.100052 0.05 0 0 0.130506 -0.134534 -0.015304
69 -36769.9 -46003.6 9233.7 0.01 0.00999839 0.1 0.0999919 0.05 0 0 0.131876 -0.136984 -0.0150339
70 -36861.5 -46003.6 9142.12 0.01 0.00999944 0.1 0.0999972 0.05 0 0 0.133053 -0.138846 -0.0148799
71 -36980.1 -46003.6 9023.55 0.01 0.0100018 0.1 0.100009 0.05 0 0 0.134383 -0.140582 -0.0139372
72 -37076.8 -46003.6 8926.83 0.01 0.00999986 0.1 0.0999993 0.05 0 0 0.134869 -0.143007 -0.0140389
73 -37185.6 -46003.6 8818.04 0.01 0.00999925 0.1 0.0999963 0.05 0 0 0.13619 -0.14455 -0.0129246
74 -37306.2 -46003.6 8697.41 0.01 0.00999908 0.1 0.0999954 0.05 0 0 0.137613 -0.146277 -0.0127329
75 -37402.1 -46003.6 8601.49 0.01 0.0100047 0.1 0.100023 0.05 0 0 0.139836 -0.14741 -0.0124082
76 -37496.9 -46003.6 8506.71 0.01 0.00999979 0.1 0.0999989 0.05 0 0 0.142192 -0.148677 -0.0126255
77 -37593.1 -46003.6 8410.49 0.01 0.00999833 0.1 0.0999917 0.05 0 0 0.144088 -0.150952 -0.0128097
78 -37675.8 -46003.6 8327.81 0.01 0.010001 0.1 0.100005 0.05 0 0 0.146162 -0.151882 -0.0127705
79 -37762.5 -46003.6 8241.14 0.01 0.00999844 0.1 0.0999922 0.05 0 0 0.148228 -0.152554 -0.0138241
80 -37814.6 -46003.6 8188.97 0.01 0.010005 0.1 0.100025 0.05 0 0 0.149307 -0.153098 -0.014927
81 -37899.2 -46003.6 8104.47 0.01 0.0100018 0.1 0.100009 0.05 0 0 0.150841 -0.154548 -0.0161584
82 -37974.7 -46003.6 8028.96 0.01 0.00999907 0.1 0.0999954 0.05 0 0 0.153351 -0.156266 -0.0167101
83 -38048.4 -46003.6 7955.25 0.01 0.00999943 0.1 0.0999971 0.05 0 0 0.153498 -0.158196 -0.0176275
84 -38134.3 -46003.6 7869.33 0.01 0.0100006 0.1 0.100003 0.05 0 0 0.155919 -0.160337 -0.0164085
85 -38193.1 -46003.6 7810.54 0.01 0.00999716 0.1 0.0999858 0.05 0 0 0.156884 -0.161908 -0.0162227
86 -38256.5 -46003.6 7747.14 0.01 0.0100006 0.1 0.100003 0.05 0 0 0.158837 -0.16345 -0.0163866
87 -38338 -46003.6 7665.63 0.01 0.0099999 0.1 0.0999995 0.05 0 0 0.160065 -0.164041 -0.0167427
88 -38415.5 -46003.6 7588.07 0.01 0.0100071 0.1 0.100036 0.05 0 0 0.162199 -0.165264 -0.0183577
89 -38481.7 -46003.6 7521.94 0.01 0.0100097 0.1 0.100049 0.05 0 0 0.163648 -0.167164 -0.018881
90 -38549.1 -46003.6 7454.48 0.01 0.0100025 0.1 0.100013 0.05 0 0 0.165715 -0.168183 -0.0191059
91 -38614.1 -46003.6 7389.48 0.01 0.0099974 0.1 0.099987 0.05 0 0 0.166683 -0.169933 -0.0192171
92 -38670.1 -46003.6 7333.57 0.01 0.0100035 0.1 0.100018 0.05 0 0 0.16777 -0.172025 -0.0195826
93 -38728.4 -46003.6 7275.23 0.01 0.0100061 0.1 0.10003 0.05 0 0 0.169729 -0.172435 -0.0187076
94 -38785.2 -46003.6 7218.41 0.01 0.010003 0.1 0.100015 0.05 0 0 0.171351 -0.174604 -0.0188262
95 -38832.1 -46003.6 7171.52 0.01 0.00999702 0.1 0.0999851 0.05 0 0 0.173472 -0.175176 -0.0189766
96 -38885.7 -46003.6 7117.96 0.01 0.0100047 0.1 0.100023 0.05 0 0 0.175955 -0.176156 -0.0187452
97 -38933.8 -46003.6 7069.8 0.01 0.00999614 0.1 0.0999807 0.05 0 0 0.178048 -0.176936 -0.0194255
98 -38966.3 -46003.6 7037.33 0.01 0.00999305 0.1 0.0999653 0.05 0 0 0.179217 -0.178402 -0.0196173
99 -39023.1 -46003.6 6980.51 0.01 0.0100036 0.1 0.100018 0.05 0 0 0.180273 -0.17866 -0.0194443
100 -39078.2 -46003.6 6925.43 0.01 0.0100005 0.1 0.100003 0.05 0 0 0.18025 -0.178983 -0.0188057
101 -39114.1 -46003.6 6889.55 0.01 0.00999788 0.1 0.0999894 0.05 0 0 0.181648 -0.179528 -0.0195052
102 -39160.5 -46003.6 6843.14 0.01 0.0100045 0.1 0.100023 0.05 0 0 0.18326 -0.179949 -0.0194841
103 -39213.5 -46003.6 6790.1 0.01 0.0100034 0.1 0.100017 0.05 0 0 0.185282 -0.180784 -0.0193424
104 -39260.2 -46003.6 6743.43 0.01 0.00999004 0.1 0.0999502 0.05 0 0 0.186062 -0.180136 -0.020494
105 -39314.6 -46003.6 6689.01 0.01 0.0100078 0.1 0.100039 0.05 0 0 0.186124 -0.180309 -0.0211978
106 -39347.1 -46003.6 6656.48 0.01 0.0100021 0.1 0.100011 0.05 0 0 0.188013 -0.180777 -0.0199089
107 -39402.7 -46003.6 6600.93 0.01 0.00999922 0.1 0.0999961 0.05 0 0 0.18986 -0.182438 -0.0193041
108 -39436.9 -46003.6 6566.68 0.01 0.00999815 0.1 0.0999907 0.05 0 0 0.190456 -0.183525 -0.0202986
109 -39489.6 -46003.6 6514 0.01 0.0100007 0.1 0.100004 0.05 0 0 0.191555 -0.184177 -0.0212718
110 -39548 -46003.6 6455.65 0.01 0.0100022 0.1 0.100011 0.05 0 0 0.193375 -0.184768 -0.0223132
111 -39585.5 -46003.6 6418.08 0.01 0.00999447 0.1 0.0999723 0.05 0 0 0.194105 -0.185656 -0.0225664
112 -39628.1 -46003.6 6375.5 0.01 0.0100041 0.1 0.100021 0.05 0 0 0.194806 -0.186922 -0.0227566
113 -39675.7 -46003.6 6327.93 0.01 0.00998685 0.1 0.0999342 0.05 0 0 0.196313 -0.187639 -0.0230674
114 -39696.4 -46003.6 6307.23 0.01 0.0100036 0.1 0.100018 0.05 0 0 0.198436 -0.188395 -0.0237317
115 -39744.6 -46003.6 6259.01 0.01 0.0100027 0.1 0.100014 0.05 0 0 0.200286 -0.18997 -0.0237209
116 -39779 -46003.6 6224.62 0.01 0.0100053 0.1 0.100026 0.05 0 0 0.202336 -0.190781 -0.0236106
117 -39827.5 -46003.6 6176.16 0.01 0.0100029 0.1 0.100015 0.05 0 0 0.20356 -0.1925 -0.0234424
118 -39872.1 -46003.6 6131.56 0.01 0.0100033 0.1 0.100016 0.05 0 0 0.204842 -0.193256 -0.0238201
119 -39900.4 -46003.6 6103.27 0.01 0.0100021 0.1 0.10001 0.05 0 0 0.207045 -0.193468 -0.0231478
120 -39963.2 -46003.6 6040.39 0.01 0.0100008 0.1 0.100004 0.05 0 0 0.208431 -0.195277 -0.0235593
121 -39999 -46003.6 6004.6 0.01 0.00999901 0.1 0.099995 0.05 0 0 0.209775 -0.195999 -0.0234757
122 -40028.2 -46003.6 5975.38 0.01 0.00999641 0.1 0.0999821 0.05 0 0 0.211055 -0.197338 -0.024247
123 -40070.5 -46003.6 5933.12 0.01 0.0100025 0.1 0.100013 0.05 0 0 0.21184 -0.197603 -0.0240409
124 -40117.5 -46003.6 5886.15 0.01 0.0100017 0.1 0.100009 0.05 0 0 0.212713 -0.197657 -0.0223213
125 -40131.4 -46003.6 5872.2 0.01 0.00999412 0.1 0.0999706 0.05 0 0 0.214251 -0.199177 -0.0232551
126 -40166 -46003.6 5837.6 0.01 0.00999909 0.1 0.0999954 0.05 0 0 0.215803 -0.200419 -0.0230996
127 -40190.2 -46003.6 5813.41 0.01 0.00999933 0.1 0.0999967 0.05 0 0 0.217288 -0.201112 -0.0237356
128 -40221.1 -46003.6 5782.52 0.01 0.0100041 0.1 0.10002 0.05 0 0 0.21793 -0.201781 -0.0241595
129 -40244.5 -46003.6 5759.16 0.01 0.0100064 0.1 0.100032 0.05 0 0 0.21892 -0.20276 -0.0244354
130 -40265.4 -46003.6 5738.27 0.01 0.00999129 0.1 0.0999564 0.05 0 0 0.2199 -0.203438 -0.0238395
131 -40294.6 -46003.6 5708.97 0.01 0.00999386 0.1 0.0999693 0.05 0 0 0.221159 -0.204268 -0.0243576
132 -40320.9 -46003.6 5682.75 0.01 0.00999917 0.1 0.0999958 0.05 0 0 0.222191 -0.205673 -0.024954
133 -40356.5 -46003.6 5647.16 0.01 0.0100021 0.1 0.100011 0.05 0 0 0.224623 -0.207522 -0.0248294
134 -40377.3 -46003.6 5626.32 0.01 0.0099969 0.1 0.0999845 0.05 0 0 0.225082 -0.20853 -0.0245454
135 -40421.5 -46003.6 5582.12 0.01 0.00999967 0.1 0.0999983 0.05 0 0 0.226617 -0.209898 -0.0255635
136 -40458.7 -46003.6 5544.9 0.01 0.00999936 0.1 0.0999968 0.05 0 0 0.228133 -0.210527 -0.027551
137 -40476.2 -46003.6 5527.45 0.01 0.0100046 0.1 0.100023 0.05 0 0 0.229272 -0.211947 -0.0266853
138 -40490 -46003.6 5513.63 0.01 0.0100073 0.1 0.100037 0.05 0 0 0.230585 -0.211776 -0.0269961
139 -40539.6 -46003.6 5464.05 0.01 0.00999582 0.1 0.0999791 0.05 0 0 0.233032 -0.212337 -0.0282794
140 -40562.6 -46003.6 5440.98 0.01 0.0100004 0.1 0.100002 0.05 0 0 0.234792 -0.212689 -0.0276666
141 -40569.3 -46003.6 5434.36 0.01 0.0100016 0.1 0.100008 0.05 0 0 0.234926 -0.213346 -0.0288843
142 -40587.4 -46003.6 5416.22 0.01 0.0100064 0.1 0.100032 0.05 0 0 0.236092 -0.213114 -0.0290275
143 -40615.2 -46003.6 5388.38 0.01 0.00999738 0.1 0.0999869 0.05 0 0 0.236855 -0.215772 -0.029498
144 -40635.6 -46003.6 5368 0.01 0.0099982 0.1 0.099991 0.05 0 0 0.23799 -0.216242 -0.0298936
145 -40667.7 -46003.6 5335.88 0.01 0.0100018 0.1 0.100009 0.05 0 0 0.238818 -0.217636 -0.0301674
146 -40693.9 -46003.6 5309.76 0.01 0.0100015 0.1 0.100007 0.05 0 0 0.239761 -0.218288 -0.0308069
147 -40753.6 -46003.6 5249.98 0.01 0.0099995 0.1 0.0999975 0.05 0 0 0.242389 -0.219195 -0.0307249
148 -40768 -46003.6 5235.66 0.01 0.00999552 0.1 0.0999776 0.05 0 0 0.243898 -0.218812 -0.0307213
149 -40774.9 -46003.6 5228.76 0.01 0.0099959 0.1 0.0999795 0.05 0 0 0.24521 -0.219478 -0.0315536
150 -40783.8 -46003.6 5219.83 0.01 0.0100062 0.1 0.100031 0.05 0 0 0.24633 -0.220919 -0.0328603
151 -40803.6 -46003.6 5199.99 0.01 0.00999606 0.1 0.0999803 0.05 0 0 0.24739 -0.221833 -0.0335279
152 -40833 -46003.6 5170.59 0.01 0.0100047 0.1 0.100023 0.05 0 0 0.248891 -0.223068 -0.032627
153 -40852.7 -46003.6 5150.92 0.01 0.00999771 0.1 0.0999885 0.05 0 0 0.249726 -0.222984 -0.0319229
154 -40876.9 -46003.6 5126.74 0.01 0.0100015 0.1 0.100007 0.05 0 0 0.25011 -0.222995 -0.0318732
155 -40907.3 -46003.6 5096.31 0.01 0.00999938 0.1 0.0999969 0.05 0 0 0.250543 -0.224019 -0.0332911
156 -40947.4 -46003.6 5056.19 0.01 0.0100042 0.1 0.100021 0.05 0 0 0.251968 -0.225426 -0.0324791
157 -40963.1 -46003.6 5040.55 0.01 0.00999701 0.1 0.0999851 0.05 0 0 0.2538 -0.226605 -0.0323718
158 -40999.4 -46003.6 5004.25 0.01 0.0100051 0.1 0.100025 0.05 0 0 0.256226 -0.227872 -0.0330979
159 -41030.3 -46003.6 4973.34 0.01 0.00999745 0.1 0.0999873 0.05 0 0 0.258228 -0.228031 -0.0318354
160 -41053.6 -46003.6 4949.98 0.01 0.00999458 0.1 0.0999729 0.05 0 0 0.259847 -0.229368 -0.0316157
161 -41099.1 -46003.6 4904.56 0.01 0.0100003 0.1 0.100002 0.05 0 0 0.261895 -0.230843 -0.0318551
162 -41124.4 -46003.6 4879.23 0.01 0.00999988 0.1 0.0999994 0.05 0 0 0.263096 -0.232939 -0.0335633
163 -41156.5 -46003.6 4847.09 0.01 0.00999956 0.1 0.0999978 0.05 0 0 0.264985 -0.233303 -0.0343772
164 -41192.3 -46003.6 4811.36 0.01 0.01 0.1 0.1 0.05 0 0 0.266567 -0.234339 -0.0346567
165 -41210.4 -46003.6 4793.22 0.01 0.0100028 0.1 0.100014 0.05 0 0 0.268063 -0.235561 -0.0347093
166 -41233.9 -46003.6 4769.71 0.01 0.0100051 0.1 0.100026 0.05 0 0 0.269252 -0.236485 -0.0350767
167 -41242.2 -46003.6 4761.39 0.01 0.0100054 0.1 0.100027 0.05 0 0 0.269861 -0.236965 -0.035227
168 -41264.5 -46003.6 4739.15 0.01 0.0100036 0.1 0.100018 0.05 0 0 0.271083 -0.23832 -0.0362187
169 -41299.6 -46003.6 4704.07 0.01 0.0100009 0.1 0.100005 0.05 0 0 0.272005 -0.238635 -0.0363531
170 -41323.1 -46003.6 4680.53 0.01 0.0100008 0.1 0.100004 0.05 0 0 0.273299 -0.239788 -0.0374438
171 -41321.9 -46003.6 4681.69 0.01 0.0100007 0.1 0.100003 0.05 0 0 0.274386 -0.240623 -0.0373666
172 -41349.6 -46003.6 4653.99 0.01 0.00999792 0.1 0.0999896 0.05 0 0 0.275537 -0.242248 -0.0385081
173 -41360.8 -46003.6 4642.81 0.01 0.0100071 0.1 0.100035 0.05 0 0 0.275929 -0.2439 -0.0378682
174 -41392.3 -46003.6 4611.37 0.01 0.00999003 0.1 0.0999501 0.05 0 0 0.276807 -0.244702 -0.0378661
175 -41409.8 -46003.6 4593.79 0.01 0.0100006 0.1 0.100003 0.05 0 0 0.27824 -0.246345 -0.0373021
176 -41411.2 -46003.6 4592.43 0.01 0.0100071 0.1 0.100036 0.05 0 0 0.279674 -0.246885 -0.0382079
177 -41430.1 -46003.6 4573.55 0.01 0.0100026 0.1 0.100013 0.05 0 0 0.279821 -0.247232 -0.0380747
178 -41445.7 -46003.6 4557.89 0.01 0.0100048 0.1 0.100024 0.05 0 0 0.28202 -0.24757 -0.0381506
179 -41461.4 -46003.6 4542.22 0.01 0.010007 0.1 0.100035 0.05 0 0 0.283719 -0.247102 -0.0379832
180 -41489.1 -46003.6 4514.52 0.01 0.0100029 0.1 0.100014 0.05 0 0 0.284417 -0.248028 -0.0370573
181 -41487.9 -46003.6 4515.75 0.01 0.00998934 0.1 0.0999467 0.05 0 0 0.285137 -0.24846 -0.0370151
182 -41510.4 -46003.6 4493.26 0.01 0.0100001 0.1 0.1 0.05 0 0 0.286179 -0.248935 -0.0372273
183 -41517.5 -46003.6 4486.17 0.01 0.010006 0.1 0.10003 0.05 0 0 0.287391 -0.248319 -0.0385416
184 -41556.6 -46003.6 4447.06 0.01 0.0100051 0.1 0.100025 0.05 0 0 0.28903 -0.249317 -0.0386368
185 -41568.1 -46003.6 4435.48 0.01 0.0100054 0.1 0.100027 0.05 0 0 0.288899 -0.250109 -0.0390873
186 -41599.2 -46003.6 4404.46 0.01 0.0100006 0.1 0.100003 0.05 0 0 0.289855 -0.249557 -0.0399429
187 -41623.3 -46003.6 4380.34 0.01 0.00999259 0.1 0.099963 0.05 0 0 0.291624 -0.250617 -0.0395387
188 -41646.6 -46003.6 4357.04 0.01 0.00999851 0.1 0.0999926 0.05 0 0 0.292653 -0.250812 -0.0394585
189 -41680.4 -46003.6 4323.25 0.01 0.0100037 0.1 0.100019 0.05 0 0 0.294532 -0.25111 -0.0392235
190 -41699 -46003.6 4304.57 0.01 0.0100019 0.1 0.10001 0.05 0 0 0.295797 -0.252134 -0.0397522
191 -41716.1 -46003.6 4287.52 0.01 0.0100036 0.1 0.100018 0.05 0 0 0.296946 -0.251741 -0.0398393
192 -41727.6 -46003.6 4276.02 0.01 0.00999711 0.1 0.0999856 0.05 0 0 0.297175 -0.252372 -0.0402616
193 -41751.6 -46003.6 4251.98 0.01 0.0100026 0.1 0.100013 0.05 0 0 0.297059 -0.253108 -0.0411987
194 -41765.8 -46003.6 4237.8 0.01 0.00999593 0.1 0.0999796 0.05 0 0 0.298645 -0.252989 -0.0424233
195 -41783 -46003.6 4220.59 0.01 0.00999125 0.1 0.0999562 0.05 0 0 0.301023 -0.254119 -0.0435656
196 -41803 -46003.6 4200.62 0.01 0.0100031 0.1 0.100015 0.05 0 0 0.302474 -0.254497 -0.044103
197 -41808.8 -46003.6 4194.8 0.01 0.00999718 0.1 0.0999859 0.05 0 0 0.302486 -0.255669 -0.0447572
198 -41831.6 -46003.6 4172.05 0.01 0.00999064 0.1 0.0999532 0.05 0 0 0.303951 -0.2571 -0.0446858
199 -41853.2 -46003.6 4150.38 0.01 0.0099958 0.1 0.099979 0.05 0 0 0.30632 -0.257024 -0.0443447
200 -41853.3 -46003.6 4150.32 0.01 0.0099939 0.1 0.0999695 0.05 0 0 0.307123 -0.257723 -0.0428388
201 -41858.6 -46003.6 4145.04 0.01 0.0100106 0.1 0.100053 0.05 0 0 0.308296 -0.257349 -0.0434522
202 -41873.6 -46003.6 4130.02 0.01 0.0100061 0.1 0.10003 0.05 0 0 0.309622 -0.257641 -0.0447627
203 -41876.8 -46003.6 4126.84 0.01 0.00999748 0.1 0.0999874 0.05 0 0 0.310433 -0.259011 -0.0440858
204 -41893.2 -46003.6 4110.44 0.01 0.0100038 0.1 0.100019 0.05 0 0 0.311751 -0.259617 -0.0443699
205 -41896.6 -46003.6 4107.01 0.01 0.0100027 0.1 0.100014 0.05 0 0 0.311136 -0.260726 -0.0436107
206 -41916.1 -46003.6 4087.57 0.01 0.00999725 0.1 0.0999862 0.05 0 0 0.312743 -0.260711 -0.0435025
207 -41942.2 -46003.6 4061.37 0.01 0.0100024 0.1 0.100012 0.05 0 0 0.313392 -0.261201 -0.0432493
208 -41948.6 -46003.6 4055 0.01 0.00999863 0.1 0.0999931 0.05 0 0 0.313857 -0.261622 -0.0439964
209 -41962.9 -46003.6 4040.73 0.01 0.0100001 0.1 0.100001 0.05 0 0 0.315456 -0.262043 -0.0446093
210 -41989.8 -46003.6 4013.8 0.01 0.0100037 0.1 0.100018 0.05 0 0 0.316448 -0.26344 -0.0434195
211 -42002.9 -46003.6 4000.75 0.01 0.00999755 0.1 0.0999878 0.05 0 0 0.318563 -0.264124 -0.0434939
212 -42037.5 -46003.6 3966.09 0.01 0.00999286 0.1 0.0999643 0.05 0 0 0.319139 -0.26545 -0.0452121
213 -42033.4 -46003.6 3970.22 0.01 0.00999634 0.1 0.0999817 0.05 0 0 0.32097 -0.266166 -0.0446719
214 -42039.2 -46003.6 3964.41 0.01 0.0100018 0.1 0.100009 0.05 0 0 0.322144 -0.266563 -0.0445096
215 -42036.6 -46003.6 3966.97 0.01 0.0100008 0.1 0.100004 0.05 0 0 0.323689 -0.266509 -0.0439314
216 -42050.9 -46003.6 3952.77 0.01 0.0100062 0.1 0.100031 0.05 0 0 0.324576 -0.267288 -0.0437788
217 -42071.3 -46003.6 3932.3 0.01 0.0100014 0.1 0.100007 0.05 0 0 0.325554 -0.267153 -0.0440058
218 -42087.8 -46003.6 3915.77 0.01 0.0100094 0.1 0.100047 0.05 0 0 0.326917 -0.268587 -0.0446255
219 -42122.7 -46003.6 3880.92 0.01 0.0100032 0.1 0.100016 0.05 0 0 0.32837 -0.268853 -0.0434517
220 -42148.2 -46003.6 3855.39 0.01 0.0100034 0.1 0.100017 0.05 0 0 0.329556 -0.270062 -0.0433883
221 -42157 -46003.6 3846.64 0.01 0.0100076 0.1 0.100038 0.05 0 0 0.330278 -0.27099 -0.043824
222 -42169.5 -46003.6 3834.1 0.01 0.0100032 0.1 0.100016 0.05 0 0 0.331514 -0.272148 -0.0441612
223 -42170.3 -46003.6 3833.32 0.01 0.00999654 0.1 0.0999827 0.05 0 0 0.332257 -0.272752 -0.0454583
224 -42159.4 -46003.6 3844.18 0.01 0.0100052 0.1 0.100026 0.05 0 0 0.33309 -0.273558 -0.045803
225 -42150 -46003.6 3853.62 0.01 0.00999906 0.1 0.0999953 0.05 0 0 0.333075 -0.273541 -0.0462765
226 -42178.5 -46003.6 3825.07 0.01 0.0100018 0.1 0.100009 0.05 0 0 0.334625 -0.275364 -0.0466888
227 -42181.8 -46003.6 3821.79 0.01 0.00999124 0.1 0.0999562 0.05 0 0 0.335411 -0.27618 -0.0468189
228 -42176.6 -46003.6 3826.99 0.01 0.00999548 0.1 0.0999774 0.05 0 0 0.336963 -0.277232 -0.0467543
229 -42162.3 -46003.6 3841.29 0.01 0.0100108 0.1 0.100054 0.05 0 0 0.337766 -0.277491 -0.0463918
230 -42185.1 -46003.6 3818.5 0.01 0.0099954 0.1 0.099977 0.05 0 0 0.339529 -0.277823 -0.046951
231 -42200.4 -46003.6 3803.24 0.01 0.0100038 0.1 0.100019 0.05 0 0 0.340069 -0.278958 -0.0471697
232 -42221.1 -46003.6 3782.48 0.01 0.0100014 0.1 0.100007 0.05 0 0 0.34181 -0.279435 -0.0474842
233 -42240.8 -46003.6 3762.79 0.01 0.0100066 0.1 0.100033 0.05 0 0 0.341849 -0.280417 -0.0471751
234 -42252.7 -46003.6 3750.93 0.01 0.0100099 0.1 0.100049 0.05 0 0 0.342889 -0.280295 -0.0469325
235 -42247 -46003.6 3756.61 0.01 0.00999633 0.1 0.0999817 0.05 0 0 0.344064 -0.28079 -0.0472174
236 -42262.8 -46003.6 3740.78 0.01 0.00999723 0.1 0.0999861 0.05 0 0 0.34551 -0.280736 -0.0476303
237 -42273.3 -46003.6 3730.3 0.01 0.00999295 0.1 0.0999647 0.05 0 0 0.346267 -0.282799 -0.0473607
238 -42318.1 -46003.6 3685.5 0.01 0.0100018 0.1 0.100009 0.05 0 0 0.34794 -0.283858 -0.0474841
239 -42317.6 -46003.6 3685.97 0.01 0.00998642 0.1 0.0999321 0.05 0 0 0.348212 -0.284989 -0.0480685
240 -42328.4 -46003.6 3675.27 0.01 0.00999363 0.1 0.0999681 0.05 0 0 0.349109 -0.285499 -0.0469937
241 -42312.7 -46003.6 3690.96 0.01 0.00999431 0.1 0.0999715 0.05 0 0 0.349854 -0.285911 -0.0480838
242 -42333.7 -46003.6 3669.89 0.01 0.0100008 0.1 0.100004 0.05 0 0 0.350882 -0.287026 -0.0490663
243 -42329.1 -46003.6 3674.52 0.01 0.00999864 0.1 0.0999932 0.05 0 0 0.352593 -0.287925 -0.0486288
244 -42352.2 -46003.6 3651.39 0.01 0.0100006 0.1 0.100003 0.05 0 0 0.35416 -0.28835 -0.0479903
245 -42373.2 -46003.6 3630.41 0.01 0.0100021 0.1 0.100011 0.05 0 0 0.3542 -0.288948 -0.0470833
246 -42377.8 -46003.6 3625.78 0.01 0.0100045 0.1 0.100022 0.05 0 0 0.354962 -0.289604 -0.047649
247 -42371.6 -46003.6 3631.98 0.01 0.01 0.1 0.1 0.05 0 0 0.356215 -0.28871 -0.0482679
248 -42363.8 -46003.6 3639.79 0.01 0.00999802 0.1 0.0999901 0.05 0 0 0.357268 -0.289005 -0.0484338
249 -42360.1 -46003.6 3643.56 0.01 0.00998752 0.1 0.0999376 0.05 0 0 0.357831 -0.290189 -0.0491946
250 -42361.7 -46003.6 3641.92 0.01 0.0100025 0.1 0.100013 0.05 0 0 0.359533 -0.290785 -0.0480624
251 -42354.8 -46003.6 3648.85 0.01 0.00999566 0.1 0.0999783 0.05 0 0 0.361792 -0.290859 -0.0484278
252 -42376.6 -46003.6 3627.05 0.01 0.0100062 0.1 0.100031 0.05 0 0 0.362299 -0.291978 -0.0491326
253 -42384 -46003.6 3619.59 0.01 0.0100014 0.1 0.100007 0.05 0 0 0.362696 -0.291948 -0.0493764
254 -42413.7 -46003.6 3589.93 0.01 0.0100025 0.1 0.100013 0.05 0 0 0.363962 -0.293231 -0.0498126
255 -42418.2 -46003.6 3585.39 0.01 0.00999088 0.1 0.0999544 0.05 0 0 0.364332 -0.293027 -0.049838
256 -42426.5 -46003.6 3577.09 0.01 0.00999957 0.1 0.0999979 0.05 0 0 0.36517 -0.292969 -0.0484033
257 -42421.4 -46003.6 3582.2 0.01 0.0100023 0.1 0.100012 0.05 0 0 0.366671 -0.293278 -0.0495469
258 -42433.2 -46003.6 3570.41 0.01 0.0100032 0.1 0.100016 0.05 0 0 0.367418 -0.293242 -0.0501603
259 -42433.2 -46003.6 3570.39 0.01 0.00999762 0.1 0.0999881 0.05 0 0 0.368442 -0.294101 -0.0499214
260 -42426.4 -46003.6 3577.25 0.01 0.00999383 0.1 0.0999691 0.05 0 0 0.368462 -0.294708 -0.0505085
261 -42447.5 -46003.6 3556.15 0.01 0.00999768 0.1 0.0999884 0.05 0 0 0.369494 -0.295099 -0.0510909
262 -42465.6 -46003.6 3537.98 0.01 0.010006 0.1 0.10003 0.05 0 0 0.370595 -0.295198 -0.0520521
263 -42485 -46003.6 3518.67 0.01 0.00999609 0.1 0.0999805 0.05 0 0 0.373808 -0.295791 -0.0512153
264 -42500.9 -46003.6 3502.7 0.01 0.0099965 0.1 0.0999825 0.05 0 0 0.374555 -0.29588 -0.0512723
265 -42503.1 -46003.6 3500.57 0.01 0.0100008 0.1 0.100004 0.05 0 0 0.374459 -0.297076 -0.0515662
266 -42502.7 -46003.6 3500.91 0.01 0.00999908 0.1 0.0999954 0.05 0 0 0.376317 -0.29893 -0.050353
267 -42501.7 -46003.6 3501.92 0.01 0.0099971 0.1 0.0999855 0.05 0 0 0.376912 -0.300059 -0.0508988
268 -42515.9 -46003.6 3487.68 0.01 0.00999019 0.1 0.099951 0.05 0 0 0.377504 -0.300624 -0.0506279
269 -42532.3 -46003.6 3471.29 0.01 0.00999752 0.1 0.0999876 0.05 0 0 0.378401 -0.302491 -0.0515853
270 -42537.1 -46003.6 3466.5 0.01 0.0099986 0.1 0.099993 0.05 0 0 0.378126 -0.303748 -0.0516592
271 -42556.1 -46003.6 3447.51 0.01 0.010009 0.1 0.100045 0.05 0 0 0.379215 -0.304857 -0.0532863
272 -42570.5 -46003.6 3433.11 0.01 0.0100025 0.1 0.100012 0.05 0 0 0.380104 -0.306524 -0.0532875
273 -42569.3 -46003.6 3434.29 0.01 0.00999367 0.1 0.0999684 0.05 0 0 0.381779 -0.30723 -0.0538795
274 -42567.6 -46003.6 3435.98 0.01 0.00999552 0.1 0.0999776 0.05 0 0 0.382676 -0.307256 -0.054201
275 -42571.2 -46003.6 3432.47 0.01 0.0100058 0.1 0.100029 0.05 0 0 0.383655 -0.309163 -0.0547272
276 -42581.2 -46003.6 3422.39 0.01 0.0100042 0.1 0.100021 0.05 0 0 0.384676 -0.310743 -0.0543462
277 -42600.1 -46003.6 3403.56 0.01 0.00999227 0.1 0.0999613 0.05 0 0 0.385288 -0.311821 -0.0537559
278 -42613.6 -46003.6 3390.04 0.01 0.0100024 0.1 0.100012 0.05 0 0 0.386142 -0.313071 -0.0543583
279 -42606.3 -46003.6 3397.29 0.01 0.00999522 0.1 0.0999761 0.05 0 0 0.387762 -0.313879 -0.0524604
280 -42622.9 -46003.6 3380.71 0.01 0.00999666 0.1 0.0999833 0.05 0 0 0.389136 -0.314885 -0.0525585
281 -42629 -46003.6 3374.58 0.01 0.00999332 0.1 0.0999666 0.05 0 0 0.389774 -0.315447 -0.0534525
282 -42636.6 -46003.6 3367.05 0.01 0.00999453 0.1 0.0999727 0.05 0 0 0.390533 -0.315328 -0.0539477
283 -42630.9 -46003.6 3372.74 0.01 0.00999628 0.1 0.0999814 0.05 0 0 0.391799 -0.316375 -0.0543723
284 -42636.9 -46003.6 3366.69 0.01 0.00999905 0.1 0.0999952 0.05 0 0 0.392197 -0.317054 -0.0552843
285 -42652.8 -46003.6 3350.86 0.01 0.00999579 0.1 0.099979 0.05 0 0 0.393084 -0.318035 -0.0546916
286 -42643.6 -46003.6 3360.04 0.01 0.0100023 0.1 0.100011 0.05 0 0 0.392903 -0.318193 -0.0547086
287 -42640.4 -46003.6 3363.23 0.01 0.00999013 0.1 0.0999506 0.05 0 0 0.393796 -0.318828 -0.0539523
288 -42642.8 -46003.6 3360.87 0.01 0.00999947 0.1 0.0999973 0.05 0 0 0.394893 -0.318453 -0.0550046
289 -42655.7 -46003.6 3347.94 0.01 0.0099945 0.1 0.0999725 0.05 0 0 0.395034 -0.31956 -0.054929
290 -42674 -46003.6 3329.61 0.01 0.00999429 0.1 0.0999714 0.05 0 0 0.396554 -0.318996 -0.0546863
291 -42688.5 -46003.6 3315.12 0.01 0.0100026 0.1 0.100013 0.05 0 0 0.398552 -0.318091 -0.053629
292 -42690.2 -46003.6 3313.45 0.01 0.0100039 0.1 0.100019 0.05 0 0 0.398633 -0.318581 -0.0543204
293 -42699.8 -46003.6 3303.77 0.01 0.00999645 0.1 0.0999822 0.05 0 0 0.399401 -0.319409 -0.0553572
294 -42707.4 -46003.6 3296.27 0.01 0.00999875 0.1 0.0999938 0.05 0 0 0.400867 -0.319491 -0.055136
295 -42723.1 -46003.6 3280.55 0.01 0.0100027 0.1 0.100014 0.05 0 0 0.402506 -0.32027 -0.056451
296 -42727.7 -46003.6 3275.95 0.01 0.010007 0.1 0.100035 0.05 0 0 0.403219 -0.321472 -0.056534
297 -42756.5 -46003.6 3247.09 0.01 0.0100049 0.1 0.100024 0.05 0 0 0.404629 -0.322398 -0.0562902
298 -42769.7 -46003.6 3233.89 0.01 0.0100046 0.1 0.100023 0.05 0 0 0.404091 -0.323126 -0.0554606
299 -42753.2 -46003.6 3250.38 0.01 0.00999903 0.1 0.0999951 0.05 0 0 0.40488 -0.323204 -0.054824
300 -42760 -46003.6 3243.64 0.01 0.00999368 0.1 0.0999684 0.05 0 0 0.406154 -0.323263 -0.0546916
301 -42766.9 -46003.6 3236.75 0.01 0.0100052 0.1 0.100026 0.05 0 0 0.407886 -0.32468 -0.0544133
302 -42772.7 -46003.6 3230.88 0.01 0.00999821 0.1 0.0999911 0.05 0 0 0.40927 -0.325371 -0.0548914
303 -42797.1 -46003.6 3206.49 0.01 0.01 0.1 0.1 0.05 0 0 0.411398 -0.325958 -0.0553079
304 -42800.7 -46003.6 3202.97 0.01 0.00999356 0.1 0.0999678 0.05 0 0 0.412947 -0.325839 -0.0539332
305 -42813.4 -46003.6 3190.27 0.01 0.00999503 0.1 0.0999752 0.05 0 0 0.41367 -0.327049 -0.0546332
306 -42821.2 -46003.6 3182.4 0.01 0.0100022 0.1 0.100011 0.05 0 0 0.415808 -0.327926 -0.0539818
307 -42821.6 -46003.6 3182.03 0.01 0.0100012 0.1 0.100006 0.05 0 0 0.417136 -0.328655 -0.054006
308 -42816.5 -46003.6 3187.09 0.01 0.0099927 0.1 0.0999635 0.05 0 0 0.418532 -0.328284 -0.053633
309 -42827.9 -46003.6 3175.74 0.01 0.0100062 0.1 0.100031 0.05 0 0 0.419185 -0.328996 -0.0528042
310 -42851.8 -46003.6 3151.8 0.01 0.0100062 0.1 0.100031 0.05 0 0 0.419628 -0.329587 -0.0520631
311 -42846.2 -46003.6 3157.42 0.01 0.0100021 0.1 0.100011 0.05 0 0 0.420681 -0.33008 -0.0516591
312 -42849.1 -46003.6 3154.54 0.01 0.00999451 0.1 0.0999725 0.05 0 0 0.421439 -0.330995 -0.0509635
313 -42877 -46003.6 3126.57 0.01 0.00999736 0.1 0.0999868 0.05 0 0 0.423192 -0.332017 -0.0513054
314 -42874 -46003.6 3129.63 0.01 0.00999745 0.1 0.0999872 0.05 0 0 0.425506 -0.332853 -0.0515359
315 -42884.9 -46003.6 3118.72 0.01 0.0100036 0.1 0.100018 0.05 0 0 0.426945 -0.332748 -0.052236
316 -42877.9 -46003.6 3125.72 0.01 0.0100065 0.1 0.100032 0.05 0 0 0.427536 -0.333619 -0.05108
317 -42864.1 -46003.6 3139.48 0.01 0.0100023 0.1 0.100012 0.05 0 0 0.42853 -0.334168 -0.0504642
318 -42888.4 -46003.6 3115.25 0.01 0.0100009 0.1 0.100005 0.05 0 0 0.429965 -0.334574 -0.0512994
319 -42890.1 -46003.6 3113.51 0.01 0.0099935 0.1 0.0999675 0.05 0 0 0.430261 -0.335303 -0.0525841
320 -42913.1 -46003.6 3090.56 0.01 0.0100013 0.1 0.100007 0.05 0 0 0.43085 -0.336667 -0.0530234
321 -42905.7 -46003.6 3097.88 0.01 0.00999699 0.1 0.099985 0.05 0 0 0.43196 -0.337539 -0.0535931
322 -42912.1 -46003.6 3091.48 0.01 0.0100009 0.1 0.100005 0.05 0 0 0.432584 -0.337878 -0.0541588
323 -42901.6 -46003.6 3102.02 0.01 0.0100018 0.1 0.100009 0.05 0 0 0.433613 -0.337062 -0.0537924
324 -42918.5 -46003.6 3085.09 0.01 0.0100013 0.1 0.100006 0.05 0 0 0.43422 -0.337134 -0.0537572
325 -42928.2 -46003.6 3075.46 0.01 0.00999622 0.1 0.0999811 0.05 0 0 0.434882 -0.336927 -0.0530684
326 -42932.7 -46003.6 3070.94 0.01 0.00999997 0.1 0.0999998 0.05 0 0 0.434431 -0.337275 -0.052904
327 -42926.3 -46003.6 3077.33 0.01 0.0100033 0.1 0.100017 0.05 0 0 0.434743 -0.337853 -0.0533329
328 -42925.7 -46003.6 3077.94 0.01 0.0100012 0.1 0.100006 0.05 0 0 0.437132 -0.338254 -0.053993
329 -42953.5 -46003.6 3050.12 0.01 0.00999692 0.1 0.0999846 0.05 0 0 0.438983 -0.338779 -0.0547913
330 -42938.1 -46003.6 3065.48 0.01 0.00999982 0.1 0.0999991 0.05 0 0 0.440395 -0.339205 -0.0558607
331 -42968.1 -46003.6 3035.5 0.01 0.00999614 0.1 0.0999807 0.05 0 0 0.441566 -0.34079 -0.0560621
332 -42984.7 -46003.6 3018.91 0.01 0.00999353 0.1 0.0999677 0.05 0 0 0.441855 -0.340977 -0.0570629
333 -42986.3 -46003.6 3017.28 0.01 0.00999839 0.1 0.0999919 0.05 0 0 0.443317 -0.340555 -0.0558795
334 -42979.8 -46003.6 3023.83 0.01 0.010003 0.1 0.100015 0.05 0 0 0.443916 -0.34073 -0.0565017
335 -42991.6 -46003.6 3012.04 0.01 0.00999662 0.1 0.0999831 0.05 0 0 0.445214 -0.341058 -0.0581667
336 -42998.3 -46003.6 3005.29 0.01 0.00999845 0.1 0.0999922 0.05 0 0 0.445235 -0.342363 -0.0581504
337 -43012.5 -46003.6 2991.1 0.01 0.0100032 0.1 0.100016 0.05 0 0 0.446646 -0.342476 -0.058739
338 -43032.2 -46003.6 2971.38 0.01 0.00999749 0.1 0.0999874 0.05 0 0 0.448417 -0.343345 -0.0584967
339 -43036.2 -46003.6 2967.46 0.01 0.0100012 0.1 0.100006 0.05 0 0 0.449599 -0.343606 -0.0587683
340 -43022.5 -46003.6 2981.08 0.01 0.0099919 0.1 0.0999595 0.05 0 0 0.450967 -0.343756 -0.0577136
341 -43002.6 -46003.6 3000.99 0.01 0.00999494 0.1 0.0999747 0.05 0 0 0.450708 -0.34458 -0.0574317
342 -43000.2 -46003.6 3003.43 0.01 0.0100062 0.1 0.100031 0.05 0 0 0.451466 -0.345118 -0.0577815
343 -43022.9 -46003.6 2980.68 0.01 0.00999731 0.1 0.0999865 0.05 0 0 0.452263 -0.346006 -0.0574356
344 -43026.6 -46003.6 2977.02 0.01 0.00999926 0.1 0.0999963 0.05 0 0 0.45322 -0.346939 -0.0585456
345 -43040.6 -46003.6 2963.03 0.01 0.0100018 0.1 0.100009 0.05 0 0 0.453925 -0.348478 -0.0574232
346 -43050.2 -46003.6 2953.41 0.01 0.00999557 0.1 0.0999779 0.05 0 0 0.45501 -0.349162 -0.0590041
347 -43034.2 -46003.6 2969.43 0.01 0.0100014 0.1 0.100007 0.05 0 0 0.455918 -0.349628 -0.0592553
348 -43056.9 -46003.6 2946.74 0.01 0.0100003 0.1 0.100002 0.05 0 0 0.457128 -0.350234 -0.0601457
349 -43066.7 -46003.6 2936.96 0.01 0.0100021 0.1 0.10001 0.05 0 0 0.458483 -0.351038 -0.0603996
350 -43056.6 -46003.6 2947 0.01 0.0100002 0.1 0.100001 0.05 0 0 0.459094 -0.350794 -0.06084
351 -43083.5 -46003.6 2920.08 0.01 0.00999755 0.1 0.0999877 0.05 0 0 0.459795 -0.351725 -0.0599037
352 -43088.7 -46003.6 2914.89 0.01 0.0100055 0.1 0.100027 0.05 0 0 0.460978 -0.352712 -0.0601207
353 -43091.6 -46003.6 2912.01 0.01 0.00999946 0.1 0.0999973 0.05 0 0 0.461375 -0.352247 -0.0597589
354 -43110.3 -46003.6 2893.32 0.01 0.00999912 0.1 0.0999956 0.05 0 0 0.46246 -0.35198 -0.0599338
355 -43102.6 -46003.6 2900.98 0.01 0.00999739 0.1 0.0999869 0.05 0 0 0.463204 -0.3519 -0.0609653
356 -43094 -46003.6 2909.6 0.01 0.00999764 0.1 0.0999882 0.05 0 0 0.464154 -0.353548 -0.0606069
357 -43103 -46003.6 2900.59 0.01 0.0100004 0.1 0.100002 0.05 0 0 0.465947 -0.352838 -0.0611032
358 -43103.2 -46003.6 2900.37 0.01 0.0100105 0.1 0.100053 0.05 0 0 0.466421 -0.353569 -0.0603559
359 -43135.1 -46003.6 2868.49 0.01 0.0099985 0.1 0.0999925 0.05 0 0 0.467656 -0.353509 -0.0604741
360 -43152.2 -46003.6 2851.45 0.01 0.010009 0.1 0.100045 0.05 0 0 0.468424 -0.353537 -0.0605065
361 -43155.6 -46003.6 2848.02 0.01 0.0100068 0.1 0.100034 0.05 0 0 0.46843 -0.354315 -0.0614138
362 -43148.3 -46003.6 2855.3 0.01 0.0100016 0.1 0.100008 0.05 0 0 0.46931 -0.354529 -0.0614375
363 -43152.4 -46003.6 2851.25 0.01 0.00999398 0.1 0.0999699 0.05 0 0 0.470697 -0.354825 -0.0613773
364 -43155.8 -46003.6 2847.79 0.01 0.0100004 0.1 0.100002 0.05 0 0 0.472002 -0.354355 -0.0615902
365 -43157.2 -46003.6 2846.43 0.01 0.0100029 0.1 0.100015 0.05 0 0 0.473772 -0.354874 -0.0608551
366 -43191.6 -46003.6 2812 0.01 0.0100059 0.1 0.100029 0.05 0 0 0.474576 -0.357214 -0.0619513
367 -43187.6 -46003.6 2815.98 0.01 0.00999795 0.1 0.0999897 0.05 0 0 0.475573 -0.357944 -0.0611339
368 -43221.6 -46003.6 2782.06 0.01 0.00999781 0.1 0.0999891 0.05 0 0 0.476557 -0.359143 -0.0617129
369 -43227.9 -46003.6 2775.75 0.01 0.00999838 0.1 0.0999919 0.05 0 0 0.478368 -0.360151 -0.0617651
370 -43224.9 -46003.6 2778.71 0.01 0.00999949 0.1 0.0999975 0.05 0 0 0.479591 -0.361167 -0.0628349
371 -43230.5 -46003.6 2773.1 0.01 0.0100003 0.1 0.100002 0.05 0 0 0.480875 -0.360893 -0.0627455
372 -43234.3 -46003.6 2769.36 0.01 0.00999909 0.1 0.0999955 0.05 0 0 0.481296 -0.362521 -0.0622123
373 -43221.1 -46003.6 2782.56 0.01 0.0100049 0.1 0.100025 0.05 0 0 0.482622 -0.362888 -0.0621949
374 -43233.5 -46003.6 2770.16 0.01 0.0100094 0.1 0.100047 0.05 0 0 0.484298 -0.362943 -0.0637472
375 -43252.1 -46003.6 2751.55 0.01 0.00999885 0.1 0.0999943 0.05 0 0 0.485569 -0.362983 -0.0655566
376 -43258.9 -46003.6 2744.77 0.01 0.00999903 0.1 0.0999952 0.05 0 0 0.486659 -0.36269 -0.0649906
377 -43262.6 -46003.6 2740.99 0.01 0.0100047 0.1 0.100023 0.05 0 0 0.486903 -0.364385 -0.0652131
378 -43259.7 -46003.6 2743.96 0.01 0.00999557 0.1 0.0999779 0.05 0 0 0.487517 -0.365776 -0.0652452
379 -43240.9 -46003.6 2762.69 0.01 0.0100061 0.1 0.100031 0.05 0 0 0.488616 -0.36613 -0.0659374
380 -43232.4 -46003.6 2771.23 0.01 0.0100005 0.1 0.100003 0.05 0 0 0.489404 -0.367315 -0.0663772
381 -43231.6 -46003.6 2771.98 0.01 0.0100007 0.1 0.100003 0.05 0 0 0.491494 -0.36716 -0.0677741
382 -43255.5 -46003.6 2748.14 0.01 0.00999296 0.1 0.0999648 0.05 0 0 0.491959 -0.367695 -0.0669421
383 -43257.8 -46003.6 2745.81 0.01 0.00999538 0.1 0.0999769 0.05 0 0 0.493232 -0.36807 -0.066821
384 -43262.2 -46003.6 2741.38 0.01 0.0100039 0.1 0.10002 0.05 0 0 0.494942 -0.367667 -0.0669556
385 -43269.5 -46003.6 2734.09 0.01 0.0100085 0.1 0.100042 0.05 0 0 0.495761 -0.3676 -0.0663193
386 -43266.5 -46003.6 2737.1 0.01 0.0100031 0.1 0.100015 0.05 0 0 0.496791 -0.368316 -0.0661398
387 -43266.5 -46003.6 2737.16 0.01 0.0100023 0.1 0.100011 0.05 0 0 0.496744 -0.36833 -0.0666092
388 -43277 -46003.6 2726.62 0.01 0.0100087 0.1 0.100044 0.05 0 0 0.496999 -0.369608 -0.0657055
389 -43272.8 -46003.6 2730.87 0.01 0.0100058 0.1 0.100029 0.05 0 0 0.497227 -0.37022 -0.066646
390 -43263.3 -46003.6 2740.31 0.01 0.00999888 0.1 0.0999944 0.05 0 0 0.497763 -0.369996 -0.0670488
391 -43273.8 -46003.6 2729.79 0.01 0.0100083 0.1 0.100041 0.05 0 0 0.499101 -0.370946 -0.0673644
392 -43280.6 -46003.6 2722.98 0.01 0.00999852 0.1 0.0999926 0.05 0 0 0.499409 -0.371188 -0.0668038
393 -43275.8 -46003.6 2727.78 0.01 0.0100099 0.1 0.100049 0.05 0 0 0.499164 -0.371214 -0.0670471
394 -43287.1 -46003.6 2716.5 0.01 0.00999332 0.1 0.0999666 0.05 0 0 0.499789 -0.371059 -0.0666177
395 -43285.8 -46003.6 2717.86 0.01 0.00999894 0.1 0.0999947 0.05 0 0 0.501203 -0.371187 -0.0666807
396 -43285.5 -46003.6 2718.15 0.01 0.0100015 0.1 0.100008 0.05 0 0 0.503026 -0.370843 -0.0674562
397 -43301.5 -46003.6 2702.13 0.01 0.00999822 0.1 0.0999911 0.05 0 0 0.503634 -0.370432 -0.067709
398 -43306.9 -46003.6 2696.69 0.01 0.0100007 0.1 0.100004 0.05 0 0 0.505239 -0.370819 -0.0682997
399 -43311.1 -46003.6 2692.52 0.01 0.0100054 0.1 0.100027 0.05 0 0 0.505911 -0.371568 -0.0683135
400 -43313.5 -46003.6 2690.17 0.01 0.00999981 0.1 0.099999 0.05 0 0 0.506765 -0.372463 -0.0680361
401 -43321.7 -46003.6 2681.95 0.01 0.00999921 0.1 0.0999961 0.05 0 0 0.507728 -0.371761 -0.0684185
402 -43329.1 -46003.6 2674.57 0.01 0.0100032 0.1 0.100016 0.05 0 0 0.508694 -0.372673 -0.068001
403 -43314.3 -46003.6 2689.34 0.01 0.0100005 0.1 0.100003 0.05 0 0 0.508913 -0.374834 -0.0667469
404 -43336 -46003.6 2667.62 0.01 0.00999884 0.1 0.0999942 0.05 0 0 0.509453 -0.375478 -0.066841
405 -43335.8 -46003.6 2667.84 0.01 0.0100101 0.1 0.100051 0.05 0 0 0.510377 -0.375878 -0.0664349
406 -43338.1 -46003.6 2665.53 0.01 0.0100032 0.1 0.100016 0.05 0 0 0.511944 -0.375385 -0.0664847
407 -43348.2 -46003.6 2655.45 0.01 0.0100038 0.1 0.100019 0.05 0 0 0.512226 -0.375495 -0.0675598
408 -43352 -46003.6 2651.59 0.01 0.0100014 0.1 0.100007 0.05 0 0 0.512362 -0.375584 -0.0689078
409 -43327.8 -46003.6 2675.87 0.01 0.0100015 0.1 0.100008 0.05 0 0 0.513363 -0.375455 -0.0676377
410 -43332.2 -46003.6 2671.44 0.01 0.0100082 0.1 0.100041 0.05 0 0 0.514051 -0.375697 -0.0683431
411 -43328 -46003.6 2675.61 0.01 0.0100045 0.1 0.100022 0.05 0 0 0.513738 -0.377099 -0.0694322
412 -43323.4 -46003.6 2680.21 0.01 0.00999382 0.1 0.0999691 0.05 0 0 0.514847 -0.377575 -0.0704515
413 -43347 -46003.6 2656.6 0.01 0.0100036 0.1 0.100018 0.05 0 0 0.51615 -0.378434 -0.0710464
414 -43355 -46003.6 2648.59 0.01 0.00999792 0.1 0.0999896 0.05 0 0 0.517471 -0.378733 -0.0715309
415 -43365.8 -46003.6 2637.86 0.01 0.0100039 0.1 0.10002 0.05 0 0 0.518733 -0.3782 -0.0713919
416 -43379.9 -46003.6 2623.73 0.01 0.0100002 0.1 0.100001 0.05 0 0 0.51947 -0.378617 -0.0724512
417 -43360.1 -46003.6 2643.54 0.01 0.0100032 0.1 0.100016 0.05 0 0 0.519715 -0.378272 -0.0724063
418 -43358.1 -46003.6 2645.54 0.01 0.00999631 0.1 0.0999815 0.05 0 0 0.520388 -0.379468 -0.0717752
419 -43380.2 -46003.6 2623.46 0.01 0.0100044 0.1 0.100022 0.05 0 0 0.521052 -0.380627 -0.0723676
420 -43398 -46003.6 2605.64 0.01 0.0100038 0.1 0.100019 0.05 0 0 0.521814 -0.380562 -0.0715782
421 -43402.4 -46003.6 2601.21 0.01 0.0100038 0.1 0.100019 0.05 0 0 0.522878 -0.381025 -0.0716056
422 -43414.8 -46003.6 2588.78 0.01 0.0100051 0.1 0.100025 0.05 0 0 0.524713 -0.380972 -0.0719671
423 -43400.8 -46003.6 2602.82 0.01 0.0100056 0.1 0.100028 0.05 0 0 0.525551 -0.381229 -0.0721964
424 -43416.6 -46003.6 2587.05 0.01 0.0099974 0.1 0.099987 0.05 0 0 0.526706 -0.381049 -0.0716219
425 -43429.8 -46003.6 2573.87 0.01 0.00999081 0.1 0.0999541 0.05 0 0 0.528303 -0.38215 -0.0727908
426 -43427.1 -46003.6 2576.52 0.01 0.00999653 0.1 0.0999827 0.05 0 0 0.527458 -0.382315 -0.0726499
427 -43412.9 -46003.6 2590.69 0.01 0.00999449 0.1 0.0999724 0.05 0 0 0.52806 -0.384338 -0.0728412
428 -43421.5 -46003.6 2582.1 0.01 0.00999411 0.1 0.0999706 0.05 0 0 0.528754 -0.384701 -0.0733354
429 -43421.1 -46003.6 2582.57 0.01 0.010005 0.1 0.100025 0.05 0 0 0.529864 -0.385169 -0.0730128
430 -43412.3 -46003.6 2591.31 0.01 0.00999685 0.1 0.0999843 0.05 0 0 0.530418 -0.38467 -0.0742232
431 -43403.4 -46003.6 2600.21 0.01 0.0100043 0.1 0.100021 0.05 0 0 0.531478 -0.385525 -0.0745659
432 -43417.5 -46003.6 2586.08 0.01 0.00999712 0.1 0.0999856 0.05 0 0 0.532273 -0.38591 -0.0753394
433 -43416.3 -46003.6 2587.27 0.01 0.0100018 0.1 0.100009 0.05 0 0 0.533505 -0.386597 -0.0753291
434 -43415.1 -46003.6 2588.52 0.01 0.0100043 0.1 0.100022 0.05 0 0 0.533874 -0.387201 -0.0749868
435 -43432.7 -46003.6 2570.95 0.01 0.00999416 0.1 0.0999708 0.05 0 0 0.534688 -0.389547 -0.075168
436 -43439 -46003.6 2564.62 0.01 0.00999785 0.1 0.0999893 0.05 0 0 0.534697 -0.390391 -0.0744658
437 -43457.8 -46003.6 2545.84 0.01 0.0100062 0.1 0.100031 0.05 0 0 0.536234 -0.391098 -0.0754651
438 -43457.3 -46003.6 2546.36 0.01 0.00999642 0.1 0.0999821 0.05 0 0 0.537132 -0.39072 -0.0751608
439 -43463.6 -46003.6 2540.06 0.01 0.0100132 0.1 0.100066 0.05 0 0 0.538512 -0.390893 -0.0742463
440 -43480.7 -46003.6 2522.91 0.01 0.00999566 0.1 0.0999783 0.05 0 0 0.539126 -0.390205 -0.0741723
441 -43496.6 -46003.6 2506.98 0.01 0.00999856 0.1 0.0999928 0.05 0 0 0.53996 -0.392277 -0.0739326
442 -43490.1 -46003.6 2513.48 0.01 0.00999319 0.1 0.099966 0.05 0 0 0.542173 -0.391041 -0.0737424
443 -43479.8 -46003.6 2523.84 0.01 0.00999667 0.1 0.0999833 0.05 0 0 0.542889 -0.390253 -0.0753558
444 -43507.4 -46003.6 2496.27 0.01 0.0099957 0.1 0.0999785 0.05 0 0 0.543945 -0.391371 -0.0746677
445 -43494.8 -46003.6 2508.87 0.01 0.00999783 0.1 0.0999891 0.05 0 0 0.543904 -0.391254 -0.0741484
446 -43505.4 -46003.6 2498.23 0.01 0.0100043 0.1 0.100021 0.05 0 0 0.544876 -0.391293 -0.0756871
447 -43498.9 -46003.6 2504.72 0.01 0.0099972 0.1 0.099986 0.05 0 0 0.545815 -0.391747 -0.0769571
448 -43489.8 -46003.6 2513.81 0.01 0.0100001 0.1 0.1 0.05 0 0 0.545958 -0.392379 -0.07757
449 -43489.6 -46003.6 2514 0.01 0.00999328 0.1 0.0999664 0.05 0 0 0.546265 -0.392606 -0.0788555
450 -43499.8 -46003.6 2503.78 0.01 0.0100032 0.1 0.100016 0.05 0 0 0.547085 -0.393219 -0.0788262
451 -43528.2 -46003.6 2475.42 0.01 0.0099957 0.1 0.0999785 0.05 0 0 0.547765 -0.392394 -0.07764
452 -43527.1 -46003.6 2476.5 0.01 0.00999072 0.1 0.0999536 0.05 0 0 0.548314 -0.391081 -0.0778327
453 -43509 -46003.6 2494.64 0.01 0.00999627 0.1 0.0999814 0.05 0 0 0.548878 -0.391688 -0.0780464
454 -43508 -46003.6 2495.57 0.01 0.0100015 0.1 0.100007 0.05 0 0 0.550219 -0.392167 -0.0782944
455 -43522.7 -46003.6 2480.9 0.01 0.0099983 0.1 0.0999915 0.05 0 0 0.551688 -0.392294 -0.0787526
456 -43521.7 -46003.6 2481.88 0.01 0.0100009 0.1 0.100005 0.05 0 0 0.551662 -0.39378 -0.0794595
457 -43510.2 -46003.6 2493.46 0.01 0.00999911 0.1 0.0999955 0.05 0 0 0.552417 -0.394169 -0.0799898
458 -43520.8 -46003.6 2482.8 0.01 0.00999737 0.1 0.0999868 0.05 0 0 0.552952 -0.394158 -0.0812828
459 -43510.4 -46003.6 2493.18 0.01 0.0100002 0.1 0.100001 0.05 0 0 0.553167 -0.394893 -0.0817449
460 -43515.4 -46003.6 2488.27 0.01 0.00999793 0.1 0.0999896 0.05 0 0 0.554251 -0.394212 -0.0808165
461 -43518.4 -46003.6 2485.26 0.01 0.00999707 0.1 0.0999854 0.05 0 0 0.554966 -0.394573 -0.080265
462 -43530.4 -46003.6 2473.18 0.01 0.0100035 0.1 0.100018 0.05 0 0 0.55573 -0.395314 -0.080221
463 -43527.2 -46003.6 2476.43 0.01 0.0100028 0.1 0.100014 0.05 0 0 0.557439 -0.395743 -0.0805394
464 -43521.3 -46003.6 2482.28 0.01 0.0100007 0.1 0.100003 0.05 0 0 0.558534 -0.39468 -0.0813409
465 -43522 -46003.6 2481.64 0.01 0.00999775 0.1 0.0999888 0.05 0 0 0.558535 -0.395199 -0.0818823
466 -43502.8 -46003.6 2500.8 0.01 0.00999132 0.1 0.0999566 0.05 0 0 0.559043 -0.394151 -0.082128
467 -43488.5 -46003.6 2515.07 0.01 0.00999752 0.1 0.0999876 0.05 0 0 0.559378 -0.393924 -0.0834932
468 -43509.1 -46003.6 2494.49 0.01 0.00999761 0.1 0.0999881 0.05 0 0 0.560528 -0.395435 -0.0837443
469 -43515.6 -46003.6 2488 0.01 0.0100002 0.1 0.100001 0.05 0 0 0.560942 -0.396036 -0.0853805
470 -43519.1 -46003.6 2484.53 0.01 0.0100104 0.1 0.100052 0.05 0 0 0.562108 -0.395303 -0.0850275
471 -43526 -46003.6 2477.66 0.01 0.00999839 0.1 0.099992 0.05 0 0 0.562962 -0.395614 -0.0866183
472 -43528.3 -46003.6 2475.29 0.01 0.0100055 0.1 0.100027 0.05 0 0 0.563964 -0.395423 -0.0870925
473 -43530.5 -46003.6 2473.13 0.01 0.00999712 0.1 0.0999856 0.05 0 0 0.565052 -0.39514 -0.0870287
474 -43531.9 -46003.6 2471.72 0.01 0.0100005 0.1 0.100003 0.05 0 0 0.566545 -0.395653 -0.0867108
475 -43533.6 -46003.6 2469.99 0.01 0.00999615 0.1 0.0999808 0.05 0 0 0.566994 -0.3962 -0.0858447
476 -43533.3 -46003.6 2470.35 0.01 0.0100026 0.1 0.100013 0.05 0 0 0.56734 -0.396094 -0.0857902
477 -43531.5 -46003.6 2472.15 0.01 0.0100121 0.1 0.100061 0.05 0 0 0.567482 -0.396193 -0.0858913
478 -43529.5 -46003.6 2474.13 0.01 0.0100023 0.1 0.100011 0.05 0 0 0.568277 -0.396519 -0.0858809
479 -43518.1 -46003.6 2485.51 0.01 0.0100084 0.1 0.100042 0.05 0 0 0.568789 -0.396224 -0.086284
480 -43525.4 -46003.6 2478.24 0.01 0.00999767 0.1 0.0999883 0.05 0 0 0.570035 -0.396662 -0.0867634
481 -43531.6 -46003.6 2472.05 0.01 0.00999762 0.1 0.0999881 0.05 0 0 0.570141 -0.396513 -0.0860676
482 -43518.3 -46003.6 2485.36 0.01 0.0100008 0.1 0.100004 0.05 0 0 0.570726 -0.397851 -0.0855153
483 -43535.1 -46003.6 2468.54 0.01 0.0100098 0.1 0.100049 0.05 0 0 0.571803 -0.397494 -0.0854143
484 -43522.4 -46003.6 2481.26 0.01 0.010002 0.1 0.10001 0.05 0 0 0.572219 -0.398332 -0.0864596
485 -43509 -46003.6 2494.62 0.01 0.0100007 0.1 0.100004 0.05 0 0 0.572901 -0.398099 -0.0866222
486 -43502.2 -46003.6 2501.38 0.01 0.00999941 0.1 0.0999971 0.05 0 0 0.572715 -0.398016 -0.086402
487 -43505.7 -46003.6 2497.95 0.01 0.00999628 0.1 0.0999814 0.05 0 0 0.573438 -0.397875 -0.0860722
488 -43511.9 -46003.6 2491.73 0.01 0.00999766 0.1 0.0999883 0.05 0 0 0.573871 -0.397641 -0.0852307
489 -43523.4 -46003.6 2480.24 0.01 0.00999605 0.1 0.0999802 0.05 0 0 0.574706 -0.397428 -0.0847364
490 -43534.7 -46003.6 2468.96 0.01 0.0100012 0.1 0.100006 0.05 0 0 0.57562 -0.397358 -0.0855899
491 -43537.8 -46003.6 2465.78 0.01 0.00999464 0.1 0.0999732 0.05 0 0 0.575476 -0.398963 -0.0860107
492 -43548.5 -46003.6 2455.12 0.01 0.0100013 0.1 0.100007 0.05 0 0 0.575532 -0.399366 -0.0854292
493 -43557.5 -46003.6 2446.1 0.01 0.0100061 0.1 0.100031 0.05 0 0 0.576825 -0.398336 -0.0854801
494 -43574.7 -46003.6 2428.91 0.01 0.0099958 0.1 0.099979 0.05 0 0 0.577393 -0.39888 -0.0872794
495 -43580.8 -46003.6 2422.86 0.01 0.00999598 0.1 0.0999799 0.05 0 0 0.578122 -0.398802 -0.0881345
496 -43604 -46003.6 2399.66 0.01 0.0100022 0.1 0.100011 0.05 0 0 0.57937 -0.398106 -0.0875109
497 -43595 -46003.6 2408.61 0.01 0.010003 0.1 0.100015 0.05 0 0 0.580441 -0.398544 -0.0881552
498 -43595.4 -46003.6 2408.18 0.01 0.00999982 0.1 0.0999991 0.05 0 0 0.580668 -0.398669 -0.0899519
499 -43593.7 -46003.6 2409.96 0.01 0.0100048 0.1 0.100024 0.05 0 0 0.581257 -0.399361 -0.0893931
500 -43597 -46003.6 2406.63 0.01 0.0100096 0.1 0.100048 0.05 0 0 0.58201 -0.399453 -0.0889888
501 -43596.2 -46003.6 2407.45 0.01 0.0100069 0.1 0.100035 0.05 0 0 0.5828 -0.400125 -0.0900752
502 -43602.4 -46003.6 2401.22 0.01 0.0100008 0.1 0.100004 0.05 0 0 0.583265 -0.401124 -0.0901449
503 -43599.1 -46003.6 2404.56 0.01 0.0100099 0.1 0.100049 0.05 0 0 0.584298 -0.40071 -0.0900387
504 -43603.6 -46003.6 2400.04 0.01 0.00999857 0.1 0.0999928 0.05 0 0 0.584767 -0.400922 -0.0912942
505 -43592.8 -46003.6 2410.8 0.01 0.0100032 0.1 0.100016 0.05 0 0 0.585532 -0.401304 -0.0912371
506 -43606.4 -46003.6 2397.26 0.01 0.00999638 0.1 0.0999819 0.05 0 0 0.587195 -0.401173 -0.0919037
507 -43612.3 -46003.6 2391.34 0.01 0.00999764 0.1 0.0999882 0.05 0 0 0.587552 -0.401761 -0.0910733
508 -43605.2 -46003.6 2398.38 0.01 0.0100034 0.1 0.100017 0.05 0 0 0.588829 -0.400811 -0.0901344
509 -43600.3 -46003.6 2403.29 0.01 0.00999597 0.1 0.0999799 0.05 0 0 0.588667 -0.399842 -0.0912558
510 -43591.3 -46003.6 2412.31 0.01 0.00999053 0.1 0.0999526 0.05 0 0 0.589791 -0.39968 -0.0916247
511 -43608.2 -46003.6 2395.43 0.01 0.0100004 0.1 0.100002 0.05 0 0 0.591176 -0.39984 -0.0921218
512 -43590.7 -46003.6 2412.96 0.01 0.0100015 0.1 0.100007 0.05 0 0 0.592061 -0.399321 -0.0919289
513 -43608.9 -46003.6 2394.74 0.01 0.00999776 0.1 0.0999888 0.05 0 0 0.594 -0.39929 -0.0913335
514 -43610.4 -46003.6 2393.18 0.01 0.00999307 0.1 0.0999653 0.05 0 0 0.594886 -0.400164 -0.0912378
515 -43626.4 -46003.6 2377.23 0.01 0.00999872 0.1 0.0999936 0.05 0 0 0.595581 -0.400761 -0.0910304
516 -43633.2 -46003.6 2370.39 0.01 0.00999684 0.1 0.0999842 0.05 0 0 0.5969 -0.400899 -0.0902868
517 -43618.3 -46003.6 2385.31 0.01 0.0100025 0.1 0.100013 0.05 0 0 0.597593 -0.400621 -0.0906228
518 -43608.4 -46003.6 2395.19 0.01 0.00999581 0.1 0.099979 0.05 0 0 0.597301 -0.401563 -0.0906901
519 -43598.5 -46003.6 2405.13 0.01 0.00999729 0.1 0.0999864 0.05 0 0 0.596971 -0.40207 -0.0908325
520 -43616.5 -46003.6 2387.12 0.01 0.00999806 0.1 0.0999903 0.05 0 0 0.598371 -0.403144 -0.0916672
521 -43622 -46003.6 2381.61 0.01 0.0099985 0.1 0.0999925 0.05 0 0 0.598852 -0.403525 -0.0916978
522 -43624.2 -46003.6 2379.39 0.01 0.0100026 0.1 0.100013 0.05 0 0 0.599469 -0.404304 -0.0920283
523 -43621.5 -46003.6 2382.16 0.01 0.00999765 0.1 0.0999882 0.05 0 0 0.600492 -0.4036 -0.0912327
524 -43624 -46003.6 2379.61 0.01 0.0099983 0.1 0.0999915 0.05 0 0 0.600947 -0.40393 -0.0918335
525 -43633.6 -46003.6 2369.97 0.01 0.00999056 0.1 0.0999528 0.05 0 0 0.602065 -0.403064 -0.0918776
526 -43651.8 -46003.6 2351.79 0.01 0.00999986 0.1 0.0999993 0.05 0 0 0.602731 -0.40443 -0.0912812
527 -43659.9 -46003.6 2343.77 0.01 0.0100069 0.1 0.100035 0.05 0 0 0.602684 -0.404872 -0.0922904
528 -43664.2 -46003.6 2339.43 0.01 0.0100006 0.1 0.100003 0.05 0 0 0.603852 -0.404608 -0.0914694
529 -43659.1 -46003.6 2344.56 0.01 0.0100032 0.1 0.100016 0.05 0 0 0.60568 -0.403141 -0.0914116
530 -43664.8 -46003.6 2338.87 0.01 0.0100074 0.1 0.100037 0.05 0 0 0.606057 -0.403792 -0.0909399
531 -43678 -46003.6 2325.62 0.01 0.0100031 0.1 0.100016 0.05 0 0 0.60723 -0.403294 -0.0921216
532 -43682.5 -46003.6 2321.17 0.01 0.0100008 0.1 0.100004 0.05 0 0 0.606712 -0.403039 -0.0919914
533 -43691.9 -46003.6 2311.73 0.01 0.00999779 0.1 0.0999889 0.05 0 0 0.607398 -0.403405 -0.0929049
534 -43689.5 -46003.6 2314.09 0.01 0.0100072 0.1 0.100036 0.05 0 0 0.608348 -0.403117 -0.0934838
535 -43678.1 -46003.6 2325.49 0.01 0.0100022 0.1 0.100011 0.05 0 0 0.610304 -0.401776 -0.0935763
536 -43671.1 -46003.6 2332.53 0.01 0.00999477 0.1 0.0999738 0.05 0 0 0.611092 -0.40149 -0.0935995
537 -43681.7 -46003.6 2321.95 0.01 0.0100009 0.1 0.100004 0.05 0 0 0.612393 -0.400601 -0.0937943
538 -43682.9 -46003.6 2320.77 0.01 0.0100053 0.1 0.100026 0.05 0 0 0.612413 -0.400904 -0.0933037
539 -43642.5 -46003.6 2361.1 0.01 0.0099934 0.1 0.099967 0.05 0 0 0.612774 -0.40049 -0.0935554
540 -43641.4 -46003.6 2362.21 0.01 0.0100008 0.1 0.100004 0.05 0 0 0.614247 -0.399575 -0.0934913
541 -43656.9 -46003.6 2346.71 0.01 0.00999625 0.1 0.0999813 0.05 0 0 0.614912 -0.398417 -0.093881
542 -43662 -46003.6 2341.64 0.01 0.010006 0.1 0.10003 0.05 0 0 0.616568 -0.398235 -0.0936942
543 -43677 -46003.6 2326.59 0.01 0.010003 0.1 0.100015 0.05 0 0 0.617434 -0.398559 -0.0928892
544 -43680.5 -46003.6 2323.14 0.01 0.0100001 0.1 0.1 0.05 0 0 0.618022 -0.399035 -0.0922834
545 -43677.2 -46003.6 2326.43 0.01 0.00999841 0.1 0.099992 0.05 0 0 0.618881 -0.399398 -0.0910265
546 -43686.2 -46003.6 2317.45 0.01 0.0100046 0.1 0.100023 0.05 0 0 0.620051 -0.399032 -0.0910251
547 -43670.2 -46003.6 2333.38 0.01 0.0100012 0.1 0.100006 0.05 0 0 0.620418 -0.398371 -0.090579
548 -43684.5 -46003.6 2319.09 0.01 0.0100046 0.1 0.100023 0.05 0 0 0.621044 -0.397923 -0.0908529
549 -43693.3 -46003.6 2310.35 0.01 0.0100037 0.1 0.100018 0.05 0 0 0.621923 -0.399775 -0.091442
550 -43698.8 -46003.6 2304.84 0.01 0.0100017 0.1 0.100008 0.05 0 0 0.623031 -0.399624 -0.0903743
551 -43692.9 -46003.6 2310.74 0.01 0.0100066 0.1 0.100033 0.05 0 0 0.624283 -0.399883 -0.0911108
552 -43681 -46003.6 2322.62 0.01 0.0100039 0.1 0.10002 0.05 0 0 0.624118 -0.401421 -0.0904301
553 -43683.7 -46003.6 2319.95 0.01 0.0099962 0.1 0.099981 0.05 0 0 0.62504 -0.401414 -0.0907426
554 -43675.9 -46003.6 2327.7 0.01 0.010004 0.1 0.10002 0.05 0 0 0.625176 -0.402542 -0.0912938
555 -43671.6 -46003.6 2331.99 0.01 0.00999669 0.1 0.0999835 0.05 0 0 0.625538 -0.402712 -0.0929001
556 -43669.7 -46003.6 2333.88 0.01 0.00999354 0.1 0.0999677 0.05 0 0 0.625278 -0.402971 -0.0944245
557 -43671.6 -46003.6 2332.07 0.01 0.0100004 0.1 0.100002 0.05 0 0 0.626078 -0.403778 -0.0948243
558 -43665.7 -46003.6 2337.96 0.01 0.00999626 0.1 0.0999813 0.05 0 0 0.626307 -0.403553 -0.0940709
559 -43670.8 -46003.6 2332.8 0.01 0.0100006 0.1 0.100003 0.05 0 0 0.626376 -0.402672 -0.0944228
560 -43662.2 -46003.6 2341.46 0.01 0.00999649 0.1 0.0999824 0.05 0 0 0.626511 -0.402516 -0.09439
561 -43664.7 -46003.6 2338.88 0.01 0.0100013 0.1 0.100007 0.05 0 0 0.626946 -0.403926 -0.0957008
562 -43659 -46003.6 2344.61 0.01 0.0100027 0.1 0.100014 0.05 0 0 0.627753 -0.4051 -0.0957445
563 -43655.7 -46003.6 2347.93 0.01 0.00999706 0.1 0.0999853 0.05 0 0 0.62795 -0.405073 -0.0957432
564 -43674.2 -46003.6 2329.46 0.01 0.00999968 0.1 0.0999984 0.05 0 0 0.629543 -0.405482 -0.0954761
565 -43683.1 -46003.6 2320.47 0.01 0.00999681 0.1 0.0999841 0.05 0 0 0.631111 -0.405342 -0.0958536
566 -43702.6 -46003.6 2301.01 0.01 0.00999539 0.1 0.0999769 0.05 0 0 0.630711 -0.405622 -0.096269
567 -43705.2 -46003.6 2298.42 0.01 0.0100034 0.1 0.100017 0.05 0 0 0.63173 -0.405799 -0.0961531
568 -43691.5 -46003.6 2312.1 0.01 0.0100021 0.1 0.100011 0.05 0 0 0.632295 -0.405741 -0.0963749
569 -43710.1 -46003.6 2293.57 0.01 0.0100089 0.1 0.100044 0.05 0 0 0.633474 -0.405891 -0.0967207
570 -43702 -46003.6 2301.66 0.01 0.00999905 0.1 0.0999952 0.05 0 0 0.634143 -0.406135 -0.097523
571 -43693.3 -46003.6 2310.32 0.01 0.0100044 0.1 0.100022 0.05 0 0 0.634896 -0.40635 -0.0972784
572 -43703.9 -46003.6 2299.68 0.01 0.010001 0.1 0.100005 0.05 0 0 0.635548 -0.406184 -0.0966543
573 -43695.8 -46003.6 2307.86 0.01 0.0100005 0.1 0.100002 0.05 0 0 0.635972 -0.405701 -0.0982819
574 -43703.4 -46003.6 2300.25 0.01 0.0100028 0.1 0.100014 0.05 0 0 0.636717 -0.405971 -0.0989255
575 -43714.7 -46003.6 2288.95 0.01 0.00999802 0.1 0.0999901 0.05 0 0 0.637146 -0.406216 -0.0992336
576 -43703.7 -46003.6 2299.89 0.01 0.0100014 0.1 0.100007 0.05 0 0 0.637883 -0.405681 -0.0994563
577 -43687.5 -46003.6 2316.12 0.01 0.0100005 0.1 0.100002 0.05 0 0 0.637968 -0.406582 -0.100211
578 -43665.3 -46003.6 2338.33 0.01 0.00999989 0.1 0.0999995 0.05 0 0 0.638028 -0.406165 -0.100648
579 -43667.5 -46003.6 2336.09 0.01 0.0100039 0.1 0.100019 0.05 0 0 0.638864 -0.406417 -0.100091
580 -43679.9 -46003.6 2323.7 0.01 0.00999485 0.1 0.0999742 0.05 0 0 0.639422 -0.406866 -0.0999017
581 -43691.1 -46003.6 2312.5 0.01 0.0100042 0.1 0.100021 0.05 0 0 0.640418 -0.406907 -0.100728
582 -43706.2 -46003.6 2297.47 0.01 0.00999845 0.1 0.0999923 0.05 0 0 0.64104 -0.407851 -0.100093
583 -43706.6 -46003.6 2296.98 0.01 0.0100006 0.1 0.100003 0.05 0 0 0.641305 -0.407433 -0.100654
584 -43721.1 -46003.6 2282.51 0.01 0.00999934 0.1 0.0999967 0.05 0 0 0.640893 -0.407925 -0.101105
585 -43716.8 -46003.6 2286.78 0.01 0.0100009 0.1 0.100005 0.05 0 0 0.640987 -0.40851 -0.102446
586 -43702.8 -46003.6 2300.79 0.01 0.00999858 0.1 0.0999929 0.05 0 0 0.641045 -0.408712 -0.100508
587 -43714.9 -46003.6 2288.7 0.01 0.0100004 0.1 0.100002 0.05 0 0 0.641299 -0.409452 -0.100105
588 -43712.7 -46003.6 2290.95 0.01 0.00999863 0.1 0.0999932 0.05 0 0 0.641269 -0.408639 -0.100257
589 -43727.3 -46003.6 2276.31 0.01 0.00999765 0.1 0.0999882 0.05 0 0 0.64223 -0.409398 -0.099734
590 -43739.2 -46003.6 2264.45 0.01 0.00999545 0.1 0.0999772 0.05 0 0 0.642406 -0.409234 -0.0999599
591 -43736.4 -46003.6 2267.23 0.01 0.00999879 0.1 0.0999939 0.05 0 0 0.642332 -0.410056 -0.100393
592 -43738.7 -46003.6 2264.96 0.01 0.00999942 0.1 0.0999971 0.05 0 0 0.642296 -0.410899 -0.100235
593 -43749.2 -46003.6 2254.43 0.01 0.0100005 0.1 0.100002 0.05 0 0 0.641802 -0.411758 -0.100499
594 -43748.2 -46003.6 2255.38 0.01 0.0100077 0.1 0.100038 0.05 0 0 0.64234 -0.410981 -0.0996879
595 -43742.8 -46003.6 2260.8 0.01 0.00999774 0.1 0.0999887 0.05 0 0 0.6435 -0.411331 -0.0995302
596 -43733.3 -46003.6 2270.36 0.01 0.00999998 0.1 0.0999999 0.05 0 0 0.643835 -0.41124 -0.0993958
597 -43718 -46003.6 2285.64 0.01 0.0100052 0.1 0.100026 0.05 0 0 0.644581 -0.410463 -0.0991589
598 -43730.9 -46003.6 2272.74 0.01 0.00999885 0.1 0.0999943 0.05 0 0 0.645133 -0.410898 -0.0987103
599 -43725.4 -46003.6 2278.23 0.01 0.0100011 0.1 0.100005 0.05 0 0 0.645478 -0.410829 -0.0985041
600 -43733.7 -46003.6 2269.91 0.01 0.0100067 0.1 0.100033 0.05 0 0 0.645956 -0.409747 -0.0979274
601 -43727.8 -46003.6 2275.8 0.01 0.0100046 0.1 0.100023 0.05 0 0 0.647507 -0.408928 -0.098429
602 -43700.1 -46003.6 2303.53 0.01 0.0100012 0.1 0.100006 0.05 0 0 0.647695 -0.409318 -0.0976259
603 -43683.8 -46003.6 2319.82 0.01 0.0100079 0.1 0.100039 0.05 0 0 0.648082 -0.410133 -0.0970778
604 -43701.3 -46003.6 2302.34 0.01 0.00999755 0.1 0.0999877 0.05 0 0 0.648672 -0.409826 -0.0978917
605 -43732.9 -46003.6 2270.76 0.01 0.00999809 0.1 0.0999905 0.05 0 0 0.649046 -0.409496 -0.0979024
606 -43739.6 -46003.6 2263.99 0.01 0.00999496 0.1 0.0999748 0.05 0 0 0.650565 -0.408929 -0.0967437
607 -43738.5 -46003.6 2265.14 0.01 0.00999783 0.1 0.0999892 0.05 0 0 0.650949 -0.408645 -0.0966655
608 -43747.8 -46003.6 2255.86 0.01 0.00999532 0.1 0.0999766 0.05 0 0 0.652709 -0.407458 -0.0972702
609 -43757.7 -46003.6 2245.96 0.01 0.0100049 0.1 0.100025 0.05 0 0 0.653526 -0.407992 -0.0976884
610 -43767.6 -46003.6 2236.06 0.01 0.0100032 0.1 0.100016 0.05 0 0 0.655036 -0.40842 -0.0975922
611 -43770.8 -46003.6 2232.84 0.01 0.00999791 0.1 0.0999895 0.05 0 0 0.656237 -0.408348 -0.0969537
612 -43771.2 -46003.6 2232.43 0.01 0.00999653 0.1 0.0999826 0.05 0 0 0.658407 -0.407386 -0.0968714
613 -43775.1 -46003.6 2228.56 0.01 0.0100017 0.1 0.100008 0.05 0 0 0.658647 -0.407722 -0.0977443
614 -43775.8 -46003.6 2227.85 0.01 0.0099994 0.1 0.099997 0.05 0 0 0.658459 -0.408604 -0.0969531
615 -43777.1 -46003.6 2226.53 0.01 0.00999989 0.1 0.0999995 0.05 0 0 0.657945 -0.410015 -0.097672
616 -43779.2 -46003.6 2224.44 0.01 0.0100039 0.1 0.100019 0.05 0 0 0.658879 -0.410612 -0.0988114
617 -43769 -46003.6 2234.61 0.01 0.00999274 0.1 0.0999637 0.05 0 0 0.658658 -0.411196 -0.0989196
618 -43774.4 -46003.6 2229.25 0.01 0.00999932 0.1 0.0999966 0.05 0 0 0.659152 -0.411717 -0.0976896
619 -43785.5 -46003.6 2218.13 0.01 0.00999738 0.1 0.0999869 0.05 0 0 0.660622 -0.410926 -0.0971078
620 -43779.3 -46003.6 2224.36 0.01 0.0100021 0.1 0.10001 0.05 0 0 0.661768 -0.410583 -0.0974223
621 -43771.4 -46003.6 2232.2 0.01 0.00999465 0.1 0.0999732 0.05 0 0 0.662231 -0.411114 -0.0978964
622 -43755.8 -46003.6 2247.86 0.01 0.00999886 0.1 0.0999943 0.05 0 0 0.663164 -0.410678 -0.0966391
623 -43776.3 -46003.6 2227.32 0.01 0.0100006 0.1 0.100003 0.05 0 0 0.66368 -0.410828 -0.0960777
624 -43769.8 -46003.6 2233.85 0.01 0.00999745 0.1 0.0999872 0.05 0 0 0.663799 -0.411574 -0.0968754
625 -43765.8 -46003.6 2237.8 0.01 0.00999674 0.1 0.0999837 0.05 0 0 0.664292 -0.411507 -0.0985489
626 -43770.4 -46003.6 2233.24 0.01 0.010007 0.1 0.100035 0.05 0 0 0.66505 -0.411978 -0.0991094
627 -43767.5 -46003.6 2236.17 0.01 0.010004 0.1 0.10002 0.05 0 0 0.666082 -0.411453 -0.0997053
628 -43783.2 -46003.6 2220.4 0.01 0.00999362 0.1 0.0999681 0.05 0 0 0.668362 -0.410229 -0.100277
629 -43788.2 -46003.6 2215.39 0.01 0.00998385 0.1 0.0999192 0.05 0 0 0.669525 -0.41059 -0.0990343
630 -43808.5 -46003.6 2195.08 0.01 0.00999821 0.1 0.0999911 0.05 0 0 0.669805 -0.411021 -0.098749
631 -43819.8 -46003.6 2183.79 0.01 0.0100045 0.1 0.100023 0.05 0 0 0.670787 -0.41138 -0.0989168
632 -43825 -46003.6 2178.64 0.01 0.00999923 0.1 0.0999962 0.05 0 0 0.672308 -0.410929 -0.100569
633 -43826.2 -46003.6 2177.4 0.01 0.0100002 0.1 0.100001 0.05 0 0 0.672888 -0.410829 -0.101574
634 -43815.9 -46003.6 2187.76 0.01 0.0100043 0.1 0.100021 0.05 0 0 0.672776 -0.410943 -0.101219
635 -43821 -46003.6 2182.64 0.01 0.0100026 0.1 0.100013 0.05 0 0 0.672771 -0.411341 -0.101528
636 -43814.6 -46003.6 2189.04 0.01 0.0100053 0.1 0.100027 0.05 0 0 0.673596 -0.411015 -0.101005
637 -43818.4 -46003.6 2185.2 0.01 0.0100002 0.1 0.100001 0.05 0 0 0.674887 -0.410679 -0.100418
638 -43798.1 -46003.6 2205.55 0.01 0.0100008 0.1 0.100004 0.05 0 0 0.675538 -0.41117 -0.100109
639 -43793.2 -46003.6 2210.45 0.01 0.00999664 0.1 0.0999832 0.05 0 0 0.675874 -0.411603 -0.0994563
640 -43799.9 -46003.6 2203.71 0.01 0.0100022 0.1 0.100011 0.05 0 0 0.677411 -0.410053 -0.0996771
641 -43797.6 -46003.6 2206.06 0.01 0.0100024 0.1 0.100012 0.05 0 0 0.677454 -0.410292 -0.101061
642 -43815.5 -46003.6 2188.08 0.01 0.00999889 0.1 0.0999945 0.05 0 0 0.678009 -0.410276 -0.101882
643 -43825.6 -46003.6 2177.98 0.01 0.00999603 0.1 0.0999801 0.05 0 0 0.678391 -0.410769 -0.101636
644 -43827.5 -46003.6 2176.09 0.01 0.00999414 0.1 0.0999707 0.05 0 0 0.678508 -0.411528 -0.101697
645 -43829.2 -46003.6 2174.38 0.01 0.0100027 0.1 0.100013 0.05 0 0 0.680326 -0.411054 -0.10126
646 -43825.4 -46003.6 2178.18 0.01 0.00999774 0.1 0.0999887 0.05 0 0 0.681115 -0.410556 -0.101931
647 -43807 -46003.6 2196.66 0.01 0.00999216 0.1 0.0999608 0.05 0 0 0.681216 -0.409999 -0.103806
648 -43802.7 -46003.6 2200.89 0.01 0.0100015 0.1 0.100008 0.05 0 0 0.681755 -0.409976 -0.104206
649 -43814.9 -46003.6 2188.69 0.01 0.0099915 0.1 0.0999575 0.05 0 0 0.682909 -0.410057 -0.10383
650 -43816.3 -46003.6 2187.34 0.01 0.00999952 0.1 0.0999976 0.05 0 0 0.683804 -0.409869 -0.103134
651 -43801.1 -46003.6 2202.53 0.01 0.00999724 0.1 0.0999862 0.05 0 0 0.68406 -0.40938 -0.104416
652 -43806.6 -46003.6 2197.07 0.01 0.0100059 0.1 0.10003 0.05 0 0 0.684726 -0.409308 -0.104561
653 -43802.5 -46003.6 2201.1 0.01 0.010003 0.1 0.100015 0.05 0 0 0.685547 -0.408881 -0.10479
654 -43795.7 -46003.6 2207.93 0.01 0.00999014 0.1 0.0999507 0.05 0 0 0.687182 -0.408026 -0.104341
655 -43811.9 -46003.6 2191.74 0.01 0.00999961 0.1 0.0999981 0.05 0 0 0.688241 -0.408517 -0.104962
656 -43821.1 -46003.6 2182.51 0.01 0.0100033 0.1 0.100017 0.05 0 0 0.688802 -0.408506 -0.104533
657 -43829.6 -46003.6 2173.98 0.01 0.0100093 0.1 0.100046 0.05 0 0 0.68953 -0.409365 -0.105275
658 -43818.1 -46003.6 2185.49 0.01 0.0100031 0.1 0.100016 0.05 0 0 0.69057 -0.409465 -0.105333
659 -43807.6 -46003.6 2196 0.01 0.0100005 0.1 0.100003 0.05 0 0 0.691613 -0.408807 -0.104978
660 -43805.1 -46003.6 2198.51 0.01 0.0100007 0.1 0.100004 0.05 0 0 0.693554 -0.407915 -0.104812
661 -43809 -46003.6 2194.62 0.01 0.00999906 0.1 0.0999953 0.05 0 0 0.694009 -0.407804 -0.104702
662 -43833.7 -46003.6 2169.95 0.01 0.0100042 0.1 0.100021 0.05 0 0 0.694528 -0.406721 -0.105324
663 -43847.2 -46003.6 2156.45 0.01 0.00999908 0.1 0.0999954 0.05 0 0 0.69564 -0.407125 -0.105122
664 -43853.7 -46003.6 2149.93 0.01 0.0100032 0.1 0.100016 0.05 0 0 0.695926 -0.407829 -0.105044
665 -43840.2 -46003.6 2163.42 0.01 0.00999555 0.1 0.0999777 0.05 0 0 0.696814 -0.407304 -0.1044
666 -43826.4 -46003.6 2177.18 0.01 0.0100043 0.1 0.100021 0.05 0 0 0.698325 -0.407635 -0.104053
667 -43828.8 -46003.6 2174.86 0.01 0.00999858 0.1 0.0999929 0.05 0 0 0.698982 -0.40806 -0.10249
668 -43822 -46003.6 2181.59 0.01 0.00999932 0.1 0.0999966 0.05 0 0 0.699571 -0.406724 -0.101473
669 -43826.2 -46003.6 2177.38 0.01 0.00999607 0.1 0.0999804 0.05 0 0 0.700156 -0.407466 -0.100956
670 -43797.3 -46003.6 2206.32 0.01 0.0100018 0.1 0.100009 0.05 0 0 0.700635 -0.406976 -0.102281
671 -43799.7 -46003.6 2203.93 0.01 0.00999848 0.1 0.0999924 0.05 0 0 0.701161 -0.407437 -0.101582
672 -43826.5 -46003.6 2177.11 0.01 0.0100059 0.1 0.100029 0.05 0 0 0.702655 -0.407272 -0.101032
673 -43845.1 -46003.6 2158.48 0.01 0.00999876 0.1 0.0999938 0.05 0 0 0.702935 -0.407978 -0.100394
674 -43830.6 -46003.6 2173.01 0.01 0.0100079 0.1 0.10004 0.05 0 0 0.704123 -0.407083 -0.0995874
675 -43840.4 -46003.6 2163.23 0.01 0.00998985 0.1 0.0999492 0.05 0 0 0.705006 -0.406922 -0.0985421
676 -43842.4 -46003.6 2161.23 0.01 0.00999509 0.1 0.0999754 0.05 0 0 0.705582 -0.407451 -0.098025
677 -43859.5 -46003.6 2144.07 0.01 0.0100018 0.1 0.100009 0.05 0 0 0.707053 -0.407163 -0.0967465
678 -43862 -46003.6 2141.57 0.01 0.0100079 0.1 0.100039 0.05 0 0 0.708384 -0.407996 -0.0969117
679 -43872.5 -46003.6 2131.13 0.01 0.0100014 0.1 0.100007 0.05 0 0 0.708501 -0.40823 -0.0966132
680 -43874.2 -46003.6 2129.45 0.01 0.00999393 0.1 0.0999696 0.05 0 0 0.70888 -0.407511 -0.097465
681 -43869.3 -46003.6 2134.28 0.01 0.0099948 0.1 0.099974 0.05 0 0 0.708955 -0.407328 -0.0989881
682 -43849.1 -46003.6 2154.48 0.01 0.00999353 0.1 0.0999677 0.05 0 0 0.709404 -0.40708 -0.0993873
683 -43860.6 -46003.6 2143.02 0.01 0.00999311 0.1 0.0999656 0.05 0 0 0.710258 -0.406125 -0.0982593
684 -43869.1 -46003.6 2134.55 0.01 0.00999552 0.1 0.0999776 0.05 0 0 0.711249 -0.405356 -0.0986239
685 -43861.1 -46003.6 2142.51 0.01 0.00999995 0.1 0.0999997 0.05 0 0 0.712459 -0.404799 -0.0980525
686 -43851.7 -46003.6 2151.88 0.01 0.00999458 0.1 0.0999729 0.05 0 0 0.712915 -0.405542 -0.0989487
687 -43862.4 -46003.6 2141.2 0.01 0.00999947 0.1 0.0999973 0.05 0 0 0.713436 -0.404881 -0.0989829
688 -43890.7 -46003.6 2112.89 0.01 0.0100031 0.1 0.100016 0.05 0 0 0.714647 -0.404816 -0.0984053
689 -43899.4 -46003.6 2104.26 0.01 0.0100003 0.1 0.100001 0.05 0 0 0.714371 -0.404879 -0.0975198
690 -43876.4 -46003.6 2127.23 0.01 0.0100022 0.1 0.100011 0.05 0 0 0.714305 -0.404584 -0.0980989
691 -43888 -46003.6 2115.64 0.01 0.00999387 0.1 0.0999694 0.05 0 0 0.714387 -0.4046 -0.0979285
692 -43879.1 -46003.6 2124.53 0.01 0.0100035 0.1 0.100017 0.05 0 0 0.714999 -0.404817 -0.0975315
693 -43882.7 -46003.6 2120.92 0.01 0.00999918 0.1 0.0999959 0.05 0 0 0.71553 -0.40467 -0.097
694 -43885.6 -46003.6 2118.01 0.01 0.0100001 0.1 0.100001 0.05 0 0 0.715791 -0.405442 -0.0972671
695 -43890.5 -46003.6 2113.11 0.01 0.0100017 0.1 0.100009 0.05 0 0 0.716973 -0.404501 -0.0983492
696 -43871.6 -46003.6 2131.99 0.01 0.00999622 0.1 0.0999811 0.05 0 0 0.717912 -0.404475 -0.0991819
697 -43880.8 -46003.6 2122.83 0.01 0.00999966 0.1 0.0999983 0.05 0 0 0.718277 -0.404471 -0.0992694
698 -43862.4 -46003.6 2141.23 0.01 0.0100078 0.1 0.100039 0.05 0 0 0.718397 -0.40439 -0.0982389
699 -43866.8 -46003.6 2136.8 0.01 0.00999621 0.1 0.0999811 0.05 0 0 0.718844 -0.403929 -0.0977441
700 -43876.2 -46003.6 2127.44 0.01 0.0100012 0.1 0.100006 0.05 0 0 0.719559 -0.404446 -0.0966831
701 -43875 -46003.6 2128.64 0.01 0.00999543 0.1 0.0999772 0.05 0 0 0.720335 -0.404845 -0.096231
702 -43887.1 -46003.6 2116.56 0.01 0.0100011 0.1 0.100006 0.05 0 0 0.721408 -0.404889 -0.0965598
703 -43905.8 -46003.6 2097.84 0.01 0.0100007 0.1 0.100003 0.05 0 0 0.721661 -0.404577 -0.0968022
704 -43912.5 -46003.6 2091.1 0.01 0.00999367 0.1 0.0999683 0.05 0 0 0.722541 -0.404374 -0.0972169
705 -43899.7 -46003.6 2103.95 0.01 0.00999392 0.1 0.0999696 0.05 0 0 0.722192 -0.404621 -0.09895
706 -43876.2 -46003.6 2127.46 0.01 0.0100019 0.1 0.100009 0.05 0 0 0.721919 -0.404479 -0.0996249
707 -43888.4 -46003.6 2115.2 0.01 0.00999854 0.1 0.0999927 0.05 0 0 0.721994 -0.404792 -0.101184
708 -43889.1 -46003.6 2114.52 0.01 0.0100001 0.1 0.100001 0.05 0 0 0.722134 -0.405518 -0.100563
709 -43887.5 -46003.6 2116.07 0.01 0.00999755 0.1 0.0999877 0.05 0 0 0.722187 -0.405837 -0.100209
710 -43883.1 -46003.6 2120.5 0.01 0.0100056 0.1 0.100028 0.05 0 0 0.722753 -0.405957 -0.100837
711 -43917.1 -46003.6 2086.52 0.01 0.00999779 0.1 0.099989 0.05 0 0 0.724037 -0.405556 -0.100964
712 -43903.2 -46003.6 2100.41 0.01 0.0100004 0.1 0.100002 0.05 0 0 0.724469 -0.404554 -0.100386
713 -43905.1 -46003.6 2098.5 0.01 0.0100115 0.1 0.100058 0.05 0 0 0.725505 -0.40425 -0.0999902
714 -43922 -46003.6 2081.66 0.01 0.00999968 0.1 0.0999984 0.05 0 0 0.726388 -0.403491 -0.0999491
715 -43918.5 -46003.6 2085.1 0.01 0.0100001 0.1 0.100001 0.05 0 0 0.726696 -0.402605 -0.100959
716 -43933.7 -46003.6 2069.94 0.01 0.00999093 0.1 0.0999547 0.05 0 0 0.727279 -0.402408 -0.100751
717 -43909.4 -46003.6 2094.24 0.01 0.00999705 0.1 0.0999853 0.05 0 0 0.726976 -0.402823 -0.101207
718 -43920 -46003.6 2083.61 0.01 0.00999635 0.1 0.0999818 0.05 0 0 0.726576 -0.402791 -0.100208
719 -43920.7 -46003.6 2082.91 0.01 0.0100059 0.1 0.100029 0.05 0 0 0.727052 -0.402278 -0.0992146
720 -43896.2 -46003.6 2107.38 0.01 0.0100078 0.1 0.100039 0.05 0 0 0.728079 -0.401568 -0.0991116
721 -43911.2 -46003.6 2092.39 0.01 0.0100018 0.1 0.100009 0.05 0 0 0.728679 -0.40081 -0.0995948
722 -43923.4 -46003.6 2080.17 0.01 0.00999564 0.1 0.0999782 0.05 0 0 0.729524 -0.400709 -0.0995262
723 -43923.7 -46003.6 2079.96 0.01 0.0100065 0.1 0.100033 0.05 0 0 0.729976 -0.400299 -0.0991165
724 -43920.3 -46003.6 2083.3 0.01 0.0100046 0.1 0.100023 0.05 0 0 0.729882 -0.400673 -0.0982999
725 -43906 -46003.6 2097.61 0.01 0.0100017 0.1 0.100009 0.05 0 0 0.730135 -0.39936 -0.099902
726 -43905 -46003.6 2098.65 0.01 0.0100012 0.1 0.100006 0.05 0 0 0.730435 -0.399413 -0.100606
727 -43908.9 -46003.6 2094.69 0.01 0.0100009 0.1 0.100005 0.05 0 0 0.73098 -0.399276 -0.100912
728 -43914.5 -46003.6 2089.09 0.01 0.01 0.1 0.1 0.05 0 0 0.731775 -0.398964 -0.10056
729 -43912.6 -46003.6 2091.05 0.01 0.0100002 0.1 0.100001 0.05 0 0 0.732218 -0.399006 -0.100804
730 -43919 -46003.6 2084.64 0.01 0.0100001 0.1 0.100001 0.05 0 0 0.73198 -0.399651 -0.101467
731 -43918.3 -46003.6 2085.33 0.01 0.0100002 0.1 0.100001 0.05 0 0 0.732763 -0.398909 -0.100549
732 -43926.3 -46003.6 2077.34 0.01 0.00999647 0.1 0.0999824 0.05 0 0 0.732955 -0.398837 -0.100642
733 -43909 -46003.6 2094.64 0.01 0.00999883 0.1 0.0999942 0.05 0 0 0.733019 -0.39854 -0.100291
734 -43893.2 -46003.6 2110.4 0.01 0.0100018 0.1 0.100009 0.05 0 0 0.733312 -0.398376 -0.100831
735 -43888 -46003.6 2115.57 0.01 0.00999883 0.1 0.0999942 0.05 0 0 0.734003 -0.396758 -0.101574
736 -43881.5 -46003.6 2122.12 0.01 0.0100114 0.1 0.100057 0.05 0 0 0.734969 -0.39602 -0.0997981
737 -43893.9 -46003.6 2109.75 0.01 0.0100076 0.1 0.100038 0.05 0 0 0.736658 -0.395468 -0.0999603
738 -43899.2 -46003.6 2104.41 0.01 0.00999726 0.1 0.0999863 0.05 0 0 0.736729 -0.396775 -0.0998944
739 -43909.7 -46003.6 2093.91 0.01 0.0100065 0.1 0.100032 0.05 0 0 0.7376 -0.397249 -0.100566
740 -43928.3 -46003.6 2075.32 0.01 0.00999877 0.1 0.0999938 0.05 0 0 0.738017 -0.39689 -0.100336
741 -43920 -46003.6 2083.64 0.01 0.00999975 0.1 0.0999988 0.05 0 0 0.738677 -0.397579 -0.100824
742 -43898.9 -46003.6 2104.69 0.01 0.00999965 0.1 0.0999983 0.05 0 0 0.739114 -0.397561 -0.100904
743 -43915.1 -46003.6 2088.49 0.01 0.0100034 0.1 0.100017 0.05 0 0 0.739441 -0.398544 -0.100983
744 -43926.8 -46003.6 2076.86 0.01 0.0100017 0.1 0.100009 0.05 0 0 0.739713 -0.398562 -0.100976
745 -43929.7 -46003.6 2073.88 0.01 0.010003 0.1 0.100015 0.05 0 0 0.739698 -0.398626 -0.100888
746 -43936.2 -46003.6 2067.39 0.01 0.00999909 0.1 0.0999954 0.05 0 0 0.739795 -0.398372 -0.101168
747 -43932.5 -46003.6 2071.1 0.01 0.00999972 0.1 0.0999986 0.05 0 0 0.740516 -0.399027 -0.101739
748 -43915.7 -46003.6 2087.94 0.01 0.01001 0.1 0.10005 0.05 0 0 0.740725 -0.398541 -0.101254
749 -43907.8 -46003.6 2095.84 0.01 0.00999959 0.1 0.0999979 0.05 0 0 0.741381 -0.397396 -0.101369
750 -43930.1 -46003.6 2073.52 0.01 0.010005 0.1 0.100025 0.05 0 0 0.741622 -0.398897 -0.10128
751 -43910.4 -46003.6 2093.25 0.01 0.0100007 0.1 0.100003 0.05 0 0 0.742903 -0.398217 -0.101767
752 -43903.5 -46003.6 2100.15 0.01 0.00999756 0.1 0.0999878 0.05 0 0 0.74238 -0.399077 -0.102294
753 -43949.2 -46003.6 2054.38 0.01 0.0099992 0.1 0.099996 0.05 0 0 0.74406 -0.399246 -0.102932
754 -43957.4 -46003.6 2046.2 0.01 0.0099904 0.1 0.099952 0.05 0 0 0.744521 -0.398971 -0.102726
755 -43944 -46003.6 2059.62 0.01 0.00999398 0.1 0.0999699 0.05 0 0 0.744924 -0.398967 -0.102112
756 -43954.3 -46003.6 2049.28 0.01 0.0100076 0.1 0.100038 0.05 0 0 0.744665 -0.398715 -0.101879
757 -43943.7 -46003.6 2059.91 0.01 0.0100053 0.1 0.100027 0.05 0 0 0.745147 -0.398824 -0.102476
758 -43931.5 -46003.6 2072.14 0.01 0.0100007 0.1 0.100004 0.05 0 0 0.745079 -0.399459 -0.101506
759 -43940.7 -46003.6 2062.95 0.01 0.00999707 0.1 0.0999853 0.05 0 0 0.746195 -0.399953 -0.101287
760 -43942.7 -46003.6 2060.89 0.01 0.010002 0.1 0.10001 0.05 0 0 0.746915 -0.39949 -0.10149
761 -43951 -46003.6 2052.64 0.01 0.00999926 0.1 0.0999963 0.05 0 0 0.747004 -0.399827 -0.101089
762 -43950.7 -46003.6 2052.95 0.01 0.0099944 0.1 0.099972 0.05 0 0 0.747212 -0.400346 -0.101407
763 -43939.4 -46003.6 2064.21 0.01 0.00999664 0.1 0.0999832 0.05 0 0 0.747934 -0.399559 -0.101606
764 -43945.7 -46003.6 2057.92 0.01 0.00999982 0.1 0.0999991 0.05 0 0 0.749367 -0.399354 -0.101829
765 -43941.4 -46003.6 2062.18 0.01 0.0100052 0.1 0.100026 0.05 0 0 0.749625 -0.399014 -0.101545
766 -43935.6 -46003.6 2068.07 0.01 0.0100034 0.1 0.100017 0.05 0 0 0.750197 -0.398574 -0.100969
767 -43934.2 -46003.6 2069.43 0.01 0.00999356 0.1 0.0999678 0.05 0 0 0.750292 -0.398471 -0.100464
768 -43934.4 -46003.6 2069.18 0.01 0.00998999 0.1 0.09995 0.05 0 0 0.750017 -0.399275 -0.0995084
769 -43941.9 -46003.6 2061.77 0.01 0.00999339 0.1 0.0999669 0.05 0 0 0.750403 -0.400002 -0.0992584
770 -43929 -46003.6 2074.64 0.01 0.00999601 0.1 0.0999801 0.05 0 0 0.751239 -0.399677 -0.0998579
771 -43930.6 -46003.6 2073.02 0.01 0.0100001 0.1 0.100001 0.05 0 0 0.751094 -0.400168 -0.100552
772 -43931.4 -46003.6 2072.23 0.01 0.0100044 0.1 0.100022 0.05 0 0 0.751484 -0.400435 -0.101441
773 -43915.4 -46003.6 2088.23 0.01 0.00999375 0.1 0.0999688 0.05 0 0 0.751532 -0.399246 -0.101166
774 -43924.4 -46003.6 2079.17 0.01 0.0100011 0.1 0.100005 0.05 0 0 0.75266 -0.398971 -0.100964
775 -43925.1 -46003.6 2078.5 0.01 0.0100003 0.1 0.100002 0.05 0 0 0.753511 -0.398844 -0.0998159
776 -43932.1 -46003.6 2071.54 0.01 0.00999493 0.1 0.0999747 0.05 0 0 0.754211 -0.39926 -0.0989301
777 -43946.1 -46003.6 2057.48 0.01 0.0100027 0.1 0.100014 0.05 0 0 0.754694 -0.39848 -0.0990946
778 -43930.4 -46003.6 2073.19 0.01 0.00999695 0.1 0.0999847 0.05 0 0 0.755082 -0.398063 -0.0988027
779 -43936.2 -46003.6 2067.39 0.01 0.0100063 0.1 0.100031 0.05 0 0 0.75644 -0.397291 -0.0993388
780 -43951.5 -46003.6 2052.15 0.01 0.0100069 0.1 0.100035 0.05 0 0 0.756593 -0.397335 -0.0998958
781 -43955 -46003.6 2048.57 0.01 0.0100008 0.1 0.100004 0.05 0 0 0.756757 -0.396533 -0.0998887
782 -43960.8 -46003.6 2042.82 0.01 0.0100019 0.1 0.10001 0.05 0 0 0.757219 -0.396267 -0.10112
783 -43955.6 -46003.6 2048 0.01 0.00999142 0.1 0.0999571 0.05 0 0 0.757799 -0.396556 -0.101635
784 -43942.7 -46003.6 2060.93 0.01 0.0100008 0.1 0.100004 0.05 0 0 0.7576 -0.3973 -0.101581
785 -43942.7 -46003.6 2060.88 0.01 0.00999952 0.1 0.0999976 0.05 0 0 0.758359 -0.396817 -0.102101
786 -43952.5 -46003.6 2051.16 0.01 0.0100159 0.1 0.100079 0.05 0 0 0.758481 -0.39677 -0.101331
787 -43950.2 -46003.6 2053.4 0.01 0.00999666 0.1 0.0999833 0.05 0 0 0.760005 -0.395664 -0.100861
788 -43960.5 -46003.6 2043.1 0.01 0.00999638 0.1 0.0999819 0.05 0 0 0.760584 -0.396101 -0.100411
789 -43955.8 -46003.6 2047.79 0.01 0.0100067 0.1 0.100033 0.05 0 0 0.760166 -0.396751 -0.101191
790 -43956.6 -46003.6 2047.02 0.01 0.00999983 0.1 0.0999992 0.05 0 0 0.760453 -0.397344 -0.100255
791 -43942.5 -46003.6 2061.08 0.01 0.00999908 0.1 0.0999954 0.05 0 0 0.760867 -0.396971 -0.0998737
792 -43957.8 -46003.6 2045.77 0.01 0.0100005 0.1 0.100002 0.05 0 0 0.762346 -0.397027 -0.0981018
793 -43941.5 -46003.6 2062.15 0.01 0.00999636 0.1 0.0999818 0.05 0 0 0.762447 -0.396868 -0.0979057
794 -43948.5 -46003.6 2055.13 0.01 0.0100013 0.1 0.100007 0.05 0 0 0.76279 -0.397261 -0.0969312
795 -43957.3 -46003.6 2046.3 0.01 0.0100055 0.1 0.100027 0.05 0 0 0.763249 -0.397012 -0.0978496
796 -43967.1 -46003.6 2036.5 0.01 0.0100009 0.1 0.100004 0.05 0 0 0.764474 -0.396135 -0.0966117
797 -43958.6 -46003.6 2045.02 0.01 0.00999915 0.1 0.0999958 0.05 0 0 0.764154 -0.396098 -0.0964908
798 -43964.4 -46003.6 2039.21 0.01 0.0100013 0.1 0.100006 0.05 0 0 0.764785 -0.395696 -0.0963676
799 -43962.5 -46003.6 2041.08 0.01 0.0100071 0.1 0.100036 0.05 0 0 0.765315 -0.394776 -0.0973377
800 -43956.6 -46003.6 2047.07 0.01 0.00999923 0.1 0.0999962 0.05 0 0 0.765623 -0.394496 -0.0968441
801 -43951.1 -46003.6 2052.55 0.01 0.00999449 0.1 0.0999724 0.05 0 0 0.76582 -0.394666 -0.0960938
802 -43966.4 -46003.6 2037.19 0.01 0.00999744 0.1 0.0999872 0.05 0 0 0.766841 -0.394972 -0.0957546
803 -43964.5 -46003.6 2039.14 0.01 0.00999541 0.1 0.0999771 0.05 0 0 0.767778 -0.393627 -0.095801
804 -43956.9 -46003.6 2046.77 0.01 0.0100014 0.1 0.100007 0.05 0 0 0.76817 -0.394042 -0.0953908
805 -43970.9 -46003.6 2032.71 0.01 0.00999862 0.1 0.0999931 0.05 0 0 0.768509 -0.393129 -0.095118
806 -43990.1 -46003.6 2013.57 0.01 0.00999551 0.1 0.0999775 0.05 0 0 0.76899 -0.393782 -0.0950882
807 -43996.3 -46003.6 2007.28 0.01 0.0100046 0.1 0.100023 0.05 0 0 0.76939 -0.393792 -0.0953323
808 -43997 -46003.6 2006.59 0.01 0.00999372 0.1 0.0999686 0.05 0 0 0.769618 -0.394901 -0.0950923
809 -43969.3 -46003.6 2034.28 0.01 0.0100002 0.1 0.100001 0.05 0 0 0.769587 -0.395195 -0.094165
810 -43961.2 -46003.6 2042.41 0.01 0.00999853 0.1 0.0999927 0.05 0 0 0.769826 -0.394902 -0.0953197
811 -43953.5 -46003.6 2050.15 0.01 0.00999627 0.1 0.0999814 0.05 0 0 0.770118 -0.395274 -0.0940109
812 -43940.1 -46003.6 2063.54 0.01 0.00999924 0.1 0.0999962 0.05 0 0 0.770774 -0.39433 -0.0946709
813 -43952.4 -46003.6 2051.25 0.01 0.0099909 0.1 0.0999545 0.05 0 0 0.770588 -0.395269 -0.0941717
814 -43944.6 -46003.6 2059.01 0.01 0.0100072 0.1 0.100036 0.05 0 0 0.770094 -0.395788 -0.0929429
815 -43935.8 -46003.6 2067.81 0.01 0.0099922 0.1 0.099961 0.05 0 0 0.770109 -0.396131 -0.0937046
816 -43940.1 -46003.6 2063.48 0.01 0.0100055 0.1 0.100028 0.05 0 0 0.77056 -0.396391 -0.0945917
817 -43949.5 -46003.6 2054.13 0.01 0.0100087 0.1 0.100043 0.05 0 0 0.771286 -0.396018 -0.0941953
818 -43963.6 -46003.6 2040.02 0.01 0.0099932 0.1 0.099966 0.05 0 0 0.771881 -0.395731 -0.0943986
819 -43980.3 -46003.6 2023.27 0.01 0.0100011 0.1 0.100005 0.05 0 0 0.772852 -0.394991 -0.0946546
820 -43987.1 -46003.6 2016.56 0.01 0.00999949 0.1 0.0999975 0.05 0 0 0.773177 -0.395044 -0.0960304
821 -43981.4 -46003.6 2022.22 0.01 0.010002 0.1 0.10001 0.05 0 0 0.773219 -0.39514 -0.0963275
822 -43959.5 -46003.6 2044.08 0.01 0.00999529 0.1 0.0999765 0.05 0 0 0.773589 -0.394664 -0.0959092
823 -43966.6 -46003.6 2037.02 0.01 0.0100004 0.1 0.100002 0.05 0 0 0.774687 -0.394379 -0.0956362
824 -43991.3 -46003.6 2012.32 0.01 0.00999837 0.1 0.0999918 0.05 0 0 0.775292 -0.392954 -0.095191
825 -43959.9 -46003.6 2043.7 0.01 0.00999538 0.1 0.0999769 0.05 0 0 0.774801 -0.392819 -0.0949754
826 -43942.3 -46003.6 2061.36 0.01 0.00999993 0.1 0.0999997 0.05 0 0 0.774719 -0.39281 -0.0952562
827 -43942.1 -46003.6 2061.49 0.01 0.0100042 0.1 0.100021 0.05 0 0 0.775268 -0.391739 -0.0956858
828 -43948.3 -46003.6 2055.29 0.01 0.0100046 0.1 0.100023 0.05 0 0 0.776292 -0.391876 -0.0944526
829 -43949 -46003.6 2054.64 0.01 0.0100099 0.1 0.100049 0.05 0 0 0.776193 -0.391988 -0.095376
830 -43929.6 -46003.6 2074.03 0.01 0.00999763 0.1 0.0999882 0.05 0 0 0.777277 -0.391294 -0.0960519
831 -43956.2 -46003.6 2047.41 0.01 0.0100042 0.1 0.100021 0.05 0 0 0.778582 -0.391188 -0.0954173
832 -43965.7 -46003.6 2037.95 0.01 0.0100026 0.1 0.100013 0.05 0 0 0.779235 -0.391514 -0.0954216
833 -43972.5 -46003.6 2031.09 0.01 0.0100005 0.1 0.100002 0.05 0 0 0.779236 -0.392284 -0.0962608
834 -43963.7 -46003.6 2039.96 0.01 0.0100008 0.1 0.100004 0.05 0 0 0.779141 -0.392479 -0.0964334
835 -43992.6 -46003.6 2011 0.01 0.00999985 0.1 0.0999993 0.05 0 0 0.779987 -0.392709 -0.0974701
836 -43988.1 -46003.6 2015.47 0.01 0.0100027 0.1 0.100014 0.05 0 0 0.780032 -0.393387 -0.0987714
837 -43980.6 -46003.6 2022.99 0.01 0.00999892 0.1 0.0999946 0.05 0 0 0.780597 -0.394168 -0.0981202
838 -43971.4 -46003.6 2032.21 0.01 0.00999657 0.1 0.0999829 0.05 0 0 0.781811 -0.391977 -0.0976712
839 -43973 -46003.6 2030.66 0.01 0.01001 0.1 0.10005 0.05 0 0 0.781628 -0.392569 -0.0969917
840 -43983.5 -46003.6 2020.12 0.01 0.00999909 0.1 0.0999954 0.05 0 0 0.781287 -0.394519 -0.0982129
841 -43964.4 -46003.6 2039.23 0.01 0.0100078 0.1 0.100039 0.05 0 0 0.781199 -0.393942 -0.0988997
842 -43965.7 -46003.6 2037.95 0.01 0.0100064 0.1 0.100032 0.05 0 0 0.781826 -0.39346 -0.0991185
843 -43988.3 -46003.6 2015.27 0.01 0.0100031 0.1 0.100015 0.05 0 0 0.783062 -0.393115 -0.099454
844 -43995.5 -46003.6 2008.1 0.01 0.0099896 0.1 0.099948 0.05 0 0 0.783564 -0.393167 -0.0985914
845 -43998.8 -46003.6 2004.82 0.01 0.0100075 0.1 0.100038 0.05 0 0 0.783571 -0.393719 -0.0975628
846 -44002.4 -46003.6 2001.17 0.01 0.0100011 0.1 0.100006 0.05 0 0 0.784093 -0.394156 -0.0978936
847 -43992.4 -46003.6 2011.27 0.01 0.00999476 0.1 0.0999738 0.05 0 0 0.784708 -0.39284 -0.0979186
848 -43965.6 -46003.6 2038.04 0.01 0.0100006 0.1 0.100003 0.05 0 0 0.784762 -0.392249 -0.0981036
849 -43981.9 -46003.6 2021.75 0.01 0.0100026 0.1 0.100013 0.05 0 0 0.78506 -0.391844 -0.098078
850 -43973.8 -46003.6 2029.86 0.01 0.0100015 0.1 0.100007 0.05 0 0 0.785108 -0.392805 -0.0986794
851 -43983.9 -46003.6 2019.7 0.01 0.0100025 0.1 0.100013 0.05 0 0 0.785459 -0.39244 -0.0990514
852 -43971.8 -46003.6 2031.78 0.01 0.00999741 0.1 0.0999871 0.05 0 0 0.786684 -0.391035 -0.0985704
853 -43964.4 -46003.6 2039.2 0.01 0.0100009 0.1 0.100005 0.05 0 0 0.787059 -0.391366 -0.0989535
854 -43971.5 -46003.6 2032.09 0.01 0.0100057 0.1 0.100028 0.05 0 0 0.787729 -0.391143 -0.100536
855 -43972.2 -46003.6 2031.39 0.01 0.00999722 0.1 0.0999861 0.05 0 0 0.787604 -0.39115 -0.100023
856 -43960.5 -46003.6 2043.11 0.01 0.0100067 0.1 0.100033 0.05 0 0 0.787467 -0.391547 -0.0993222
857 -43937.4 -46003.6 2066.24 0.01 0.0100046 0.1 0.100023 0.05 0 0 0.787145 -0.391383 -0.0996397
858 -43948.9 -46003.6 2054.76 0.01 0.00999482 0.1 0.0999741 0.05 0 0 0.787798 -0.39154 -0.100329
859 -43958.2 -46003.6 2045.37 0.01 0.00999827 0.1 0.0999914 0.05 0 0 0.788021 -0.392266 -0.10051
860 -43944.5 -46003.6 2059.12 0.01 0.0100012 0.1 0.100006 0.05 0 0 0.788737 -0.391621 -0.100773
861 -43968.4 -46003.6 2035.24 0.01 0.0100002 0.1 0.100001 0.05 0 0 0.789557 -0.391357 -0.101308
862 -43956.9 -46003.6 2046.76 0.01 0.00999849 0.1 0.0999924 0.05 0 0 0.789605 -0.390683 -0.0998939
863 -43964.8 -46003.6 2038.81 0.01 0.00999612 0.1 0.0999806 0.05 0 0 0.790437 -0.389988 -0.0989833
864 -43954.4 -46003.6 2049.25 0.01 0.00999867 0.1 0.0999934 0.05 0 0 0.790502 -0.389814 -0.0997078
865 -43973.8 -46003.6 2029.77 0.01 0.00999863 0.1 0.0999931 0.05 0 0 0.791769 -0.389689 -0.0991067
866 -43975.1 -46003.6 2028.57 0.01 0.00999929 0.1 0.0999964 0.05 0 0 0.791875 -0.391019 -0.0982664
867 -43959.7 -46003.6 2043.88 0.01 0.0100076 0.1 0.100038 0.05 0 0 0.7921 -0.390397 -0.0983047
868 -43981.4 -46003.6 2022.19 0.01 0.0100026 0.1 0.100013 0.05 0 0 0.793026 -0.390497 -0.0971877
869 -43992.5 -46003.6 2011.1 0.01 0.00999895 0.1 0.0999948 0.05 0 0 0.792807 -0.391413 -0.0961646
870 -44008.9 -46003.6 1994.76 0.01 0.00999305 0.1 0.0999652 0.05 0 0 0.793194 -0.391953 -0.097458
871 -43990.9 -46003.6 2012.74 0.01 0.00999984 0.1 0.0999992 0.05 0 0 0.793917 -0.390506 -0.0967198
872 -43984 -46003.6 2019.6 0.01 0.0100036 0.1 0.100018 0.05 0 0 0.794103 -0.390114 -0.0967858
873 -43999.8 -46003.6 2003.82 0.01 0.00999909 0.1 0.0999955 0.05 0 0 0.794779 -0.3909 -0.0976705
874 -43996.1 -46003.6 2007.54 0.01 0.00999855 0.1 0.0999928 0.05 0 0 0.795172 -0.390291 -0.0984865
875 -43990.1 -46003.6 2013.52 0.01 0.0100018 0.1 0.100009 0.05 0 0 0.795017 -0.389938 -0.099738
876 -43999.1 -46003.6 2004.54 0.01 0.0100015 0.1 0.100008 0.05 0 0 0.795388 -0.389693 -0.101367
877 -43998 -46003.6 2005.6 0.01 0.0099972 0.1 0.099986 0.05 0 0 0.79583 -0.389509 -0.101489
878 -43998 -46003.6 2005.6 0.01 0.00999017 0.1 0.0999508 0.05 0 0 0.797445 -0.387515 -0.101563
879 -44013.1 -46003.6 1990.55 0.01 0.0100058 0.1 0.100029 0.05 0 0 0.798085 -0.388247 -0.101937
880 -44021.2 -46003.6 1982.37 0.01 0.0100032 0.1 0.100016 0.05 0 0 0.799006 -0.38662 -0.101272
881 -43997.8 -46003.6 2005.79 0.01 0.0100002 0.1 0.100001 0.05 0 0 0.799121 -0.386112 -0.101013
882 -43975.6 -46003.6 2028.02 0.01 0.010004 0.1 0.10002 0.05 0 0 0.799302 -0.386109 -0.100775
883 -43982.5 -46003.6 2021.14 0.01 0.0099965 0.1 0.0999825 0.05 0 0 0.799869 -0.386826 -0.101872
884 -43993.7 -46003.6 2009.89 0.01 0.0100064 0.1 0.100032 0.05 0 0 0.800566 -0.386447 -0.102364
885 -44010.8 -46003.6 1992.82 0.01 0.0100024 0.1 0.100012 0.05 0 0 0.800781 -0.385525 -0.10343
886 -44002.1 -46003.6 2001.54 0.01 0.00999091 0.1 0.0999545 0.05 0 0 0.800779 -0.385171 -0.103234
887 -43999.8 -46003.6 2003.79 0.01 0.00999712 0.1 0.0999856 0.05 0 0 0.800834 -0.385939 -0.102332
888 -44000.2 -46003.6 2003.41 0.01 0.0100037 0.1 0.100018 0.05 0 0 0.801098 -0.386219 -0.101628
889 -44003.8 -46003.6 1999.87 0.01 0.0100039 0.1 0.10002 0.05 0 0 0.800791 -0.386665 -0.100617
890 -44001.7 -46003.6 2001.93 0.01 0.010004 0.1 0.10002 0.05 0 0 0.800862 -0.387047 -0.0999698
891 -44002.6 -46003.6 2000.98 0.01 0.010003 0.1 0.100015 0.05 0 0 0.802026 -0.38588 -0.0999984
892 -43998.8 -46003.6 2004.82 0.01 0.00999627 0.1 0.0999814 0.05 0 0 0.803356 -0.383554 -0.0987193
893 -43988.5 -46003.6 2015.11 0.01 0.00999319 0.1 0.0999659 0.05 0 0 0.804002 -0.383287 -0.0975099
894 -43966.9 -46003.6 2036.71 0.01 0.00998177 0.1 0.0999088 0.05 0 0 0.80442 -0.382705 -0.096828
895 -43972.4 -46003.6 2031.19 0.01 0.0100023 0.1 0.100011 0.05 0 0 0.805619 -0.381677 -0.0971235
896 -43963.4 -46003.6 2040.2 0.01 0.0100033 0.1 0.100017 0.05 0 0 0.806205 -0.380692 -0.0975517
897 -43969 -46003.6 2034.62 0.01 0.00999816 0.1 0.0999908 0.05 0 0 0.806245 -0.380869 -0.0978189
898 -43968.4 -46003.6 2035.27 0.01 0.00999618 0.1 0.0999809 0.05 0 0 0.806386 -0.380687 -0.0978908
899 -43958.9 -46003.6 2044.67 0.01 0.0100114 0.1 0.100057 0.05 0 0 0.806803 -0.380262 -0.0986187
900 -43971.5 -46003.6 2032.14 0.01 0.00999519 0.1 0.0999759 0.05 0 0 0.807292 -0.380305 -0.0986194
901 -43981.5 -46003.6 2022.12 0.01 0.0100023 0.1 0.100012 0.05 0 0 0.807291 -0.380987 -0.099446
902 -43990.4 -46003.6 2013.22 0.01 0.0099985 0.1 0.0999925 0.05 0 0 0.807863 -0.380754 -0.0978805
903 -43995.4 -46003.6 2008.25 0.01 0.0100031 0.1 0.100015 0.05 0 0 0.808091 -0.381181 -0.0975588
904 -43993.7 -46003.6 2009.88 0.01 0.0100032 0.1 0.100016 0.05 0 0 0.808541 -0.381172 -0.0975129
905 -43989.8 -46003.6 2013.83 0.01 0.00999872 0.1 0.0999936 0.05 0 0 0.808937 -0.381131 -0.0970445
906 -43969.9 -46003.6 2033.68 0.01 0.00999396 0.1 0.0999698 0.05 0 0 0.809062 -0.380142 -0.0973997
907 -43971.1 -46003.6 2032.53 0.01 0.00999446 0.1 0.0999723 0.05 0 0 0.808397 -0.379782 -0.0966692
908 -43978 -46003.6 2025.59 0.01 0.0100038 0.1 0.100019 0.05 0 0 0.80821 -0.379752 -0.0972426
909 -43995.1 -46003.6 2008.53 0.01 0.00999597 0.1 0.0999798 0.05 0 0 0.808857 -0.380622 -0.0974543
910 -43976 -46003.6 2027.6 0.01 0.00999447 0.1 0.0999724 0.05 0 0 0.808625 -0.381072 -0.0975363
911 -43989.4 -46003.6 2014.22 0.01 0.00999484 0.1 0.0999742 0.05 0 0 0.809 -0.38118 -0.0974974
912 -44002.8 -46003.6 2000.79 0.01 0.0100024 0.1 0.100012 0.05 0 0 0.809545 -0.380317 -0.0977531
913 -44019.6 -46003.6 1983.98 0.01 0.0100005 0.1 0.100002 0.05 0 0 0.809526 -0.380753 -0.0985355
914 -44018.9 -46003.6 1984.69 0.01 0.00999807 0.1 0.0999903 0.05 0 0 0.8104 -0.379214 -0.0984391
915 -44027.9 -46003.6 1975.7 0.01 0.00999523 0.1 0.0999761 0.05 0 0 0.810908 -0.378782 -0.0987786
916 -44036.8 -46003.6 1966.84 0.01 0.0100041 0.1 0.100021 0.05 0 0 0.81144 -0.37811 -0.100494
917 -44035.5 -46003.6 1968.09 0.01 0.00999862 0.1 0.0999931 0.05 0 0 0.812483 -0.378568 -0.0995714
918 -44038.4 -46003.6 1965.21 0.01 0.00999914 0.1 0.0999957 0.05 0 0 0.812442 -0.378974 -0.0999113
919 -44043 -46003.6 1960.64 0.01 0.00999982 0.1 0.0999991 0.05 0 0 0.812872 -0.379364 -0.0996071
920 -44038.2 -46003.6 1965.4 0.01 0.00999858 0.1 0.0999929 0.05 0 0 0.813023 -0.379622 -0.100527
921 -44035.8 -46003.6 1967.82 0.01 0.0100027 0.1 0.100013 0.05 0 0 0.81202 -0.380738 -0.0997599
922 -44038.8 -46003.6 1964.8 0.01 0.0100021 0.1 0.10001 0.05 0 0 0.812796 -0.380414 -0.0997368
923 -44020.7 -46003.6 1982.92 0.01 0.010002 0.1 0.10001 0.05 0 0 0.813337 -0.379754 -0.100935
924 -44006 -46003.6 1997.64 0.01 0.00999225 0.1 0.0999613 0.05 0 0 0.813602 -0.380313 -0.100303
925 -44021.2 -46003.6 1982.38 0.01 0.0100003 0.1 0.100001 0.05 0 0 0.814081 -0.379709 -0.0985696
926 -44026.9 -46003.6 1976.74 0.01 0.00999622 0.1 0.0999811 0.05 0 0 0.814708 -0.379662 -0.0982092
927 -44029 -46003.6 1974.59 0.01 0.0100065 0.1 0.100033 0.05 0 0 0.814605 -0.379807 -0.0982983
928 -44029.8 -46003.6 1973.85 0.01 0.00999435 0.1 0.0999718 0.05 0 0 0.815001 -0.380003 -0.0986655
929 -44015 -46003.6 1988.6 0.01 0.00999987 0.1 0.0999994 0.05 0 0 0.814937 -0.379947 -0.0981505
930 -44023 -46003.6 1980.66 0.01 0.0100037 0.1 0.100018 0.05 0 0 0.815855 -0.379087 -0.097289
931 -44024.1 -46003.6 1979.49 0.01 0.0100065 0.1 0.100032 0.05 0 0 0.816339 -0.377968 -0.0970702
932 -44023 -46003.6 1980.6 0.01 0.00999828 0.1 0.0999914 0.05 0 0 0.816281 -0.378101 -0.0966788
933 -44019 -46003.6 1984.63 0.01 0.00999656 0.1 0.0999828 0.05 0 0 0.816374 -0.377911 -0.0958187
934 -44023 -46003.6 1980.64 0.01 0.0100034 0.1 0.100017 0.05 0 0 0.817275 -0.376751 -0.0953689
935 -44024.1 -46003.6 1979.48 0.01 0.0100035 0.1 0.100017 0.05 0 0 0.817258 -0.377662 -0.095527
936 -44001.7 -46003.6 2001.91 0.01 0.00999786 0.1 0.0999893 0.05 0 0 0.817807 -0.377134 -0.0939801
937 -43997.9 -46003.6 2005.68 0.01 0.00999515 0.1 0.0999757 0.05 0 0 0.818864 -0.376693 -0.091971
938 -43999.8 -46003.6 2003.78 0.01 0.010003 0.1 0.100015 0.05 0 0 0.819534 -0.376736 -0.0906834
939 -43998 -46003.6 2005.66 0.01 0.0100054 0.1 0.100027 0.05 0 0 0.820084 -0.375781 -0.0910632
940 -43988.6 -46003.6 2014.98 0.01 0.0100068 0.1 0.100034 0.05 0 0 0.820595 -0.375239 -0.0895411
941 -43986.3 -46003.6 2017.27 0.01 0.0100005 0.1 0.100003 0.05 0 0 0.820738 -0.375579 -0.0901149
942 -44003.8 -46003.6 1999.84 0.01 0.00999821 0.1 0.0999911 0.05 0 0 0.821125 -0.375537 -0.0906804
943 -44007.1 -46003.6 1996.54 0.01 0.0099958 0.1 0.099979 0.05 0 0 0.821162 -0.375794 -0.091031
944 -44021.3 -46003.6 1982.29 0.01 0.0100057 0.1 0.100029 0.05 0 0 0.821404 -0.375982 -0.0920413
945 -44015.8 -46003.6 1987.85 0.01 0.0100041 0.1 0.100021 0.05 0 0 0.822764 -0.374844 -0.0920464
946 -44018.3 -46003.6 1985.3 0.01 0.0100021 0.1 0.10001 0.05 0 0 0.822939 -0.374516 -0.0918485
947 -44018 -46003.6 1985.61 0.01 0.00999691 0.1 0.0999845 0.05 0 0 0.823322 -0.374657 -0.0913549
948 -44030.6 -46003.6 1973.03 0.01 0.00999758 0.1 0.0999879 0.05 0 0 0.823778 -0.372799 -0.0926132
949 -44030 -46003.6 1973.59 0.01 0.00999423 0.1 0.0999711 0.05 0 0 0.823831 -0.37256 -0.0918503
950 -44044.6 -46003.6 1959.02 0.01 0.00999475 0.1 0.0999737 0.05 0 0 0.824355 -0.372034 -0.091388
951 -44047.9 -46003.6 1955.7 0.01 0.00999802 0.1 0.0999901 0.05 0 0 0.825245 -0.371243 -0.0925274
952 -44026.7 -46003.6 1976.96 0.01 0.010001 0.1 0.100005 0.05 0 0 0.826091 -0.370071 -0.0912939
953 -44021.8 -46003.6 1981.78 0.01 0.00999907 0.1 0.0999954 0.05 0 0 0.826284 -0.36923 -0.0920419
954 -44022.6 -46003.6 1981.01 0.01 0.00999877 0.1 0.0999939 0.05 0 0 0.826726 -0.369269 -0.0925937
955 -44022.8 -46003.6 1980.79 0.01 0.00999642 0.1 0.0999821 0.05 0 0 0.827146 -0.369179 -0.0922146
956 -44025.4 -46003.6 1978.23 0.01 0.00999744 0.1 0.0999872 0.05 0 0 0.82772 -0.369131 -0.0911048
957 -44024.5 -46003.6 1979.09 0.01 0.00999629 0.1 0.0999814 0.05 0 0 0.827348 -0.369534 -0.0920147
958 -44044.5 -46003.6 1959.15 0.01 0.0099965 0.1 0.0999825 0.05 0 0 0.827928 -0.369998 -0.0917493
959 -44032.6 -46003.6 1971.04 0.01 0.0100071 0.1 0.100036 0.05 0 0 0.828459 -0.37045 -0.0904451
960 -44017.9 -46003.6 1985.75 0.01 0.00999968 0.1 0.0999984 0.05 0 0 0.829339 -0.369005 -0.091442
961 -44001.2 -46003.6 2002.39 0.01 0.0100023 0.1 0.100011 0.05 0 0 0.829276 -0.368298 -0.0910119
962 -44014.5 -46003.6 1989.09 0.01 0.00999671 0.1 0.0999835 0.05 0 0 0.82998 -0.367931 -0.0917429
963 -44023.5 -46003.6 1980.16 0.01 0.00999743 0.1 0.0999871 0.05 0 0 0.830598 -0.36769 -0.0895847
964 -44004.7 -46003.6 1998.89 0.01 0.0100055 0.1 0.100028 0.05 0 0 0.831075 -0.367084 -0.0894367
965 -44007.8 -46003.6 1995.86 0.01 0.00999817 0.1 0.0999909 0.05 0 0 0.830948 -0.366993 -0.0906534
966 -44017.3 -46003.6 1986.36 0.01 0.0100032 0.1 0.100016 0.05 0 0 0.831314 -0.366364 -0.0908718
967 -44038.2 -46003.6 1965.39 0.01 0.00999649 0.1 0.0999825 0.05 0 0 0.831365 -0.367081 -0.0910103
968 -44057 -46003.6 1946.65 0.01 0.0099995 0.1 0.0999975 0.05 0 0 0.831751 -0.367876 -0.0920776
969 -44051.7 -46003.6 1951.89 0.01 0.0100038 0.1 0.100019 0.05 0 0 0.831743 -0.368017 -0.0908983
970 -44041.1 -46003.6 1962.53 0.01 0.00999589 0.1 0.0999794 0.05 0 0 0.832364 -0.366053 -0.0916915
971 -44028.2 -46003.6 1975.45 0.01 0.0100044 0.1 0.100022 0.05 0 0 0.83174 -0.366986 -0.0909177
972 -44025.7 -46003.6 1977.91 0.01 0.00999214 0.1 0.0999607 0.05 0 0 0.83182 -0.367654 -0.091126
973 -44026.6 -46003.6 1977 0.01 0.00999987 0.1 0.0999994 0.05 0 0 0.832179 -0.367231 -0.0912618
974 -44035.7 -46003.6 1967.91 0.01 0.0100033 0.1 0.100016 0.05 0 0 0.832337 -0.367342 -0.0909878
975 -44032.4 -46003.6 1971.25 0.01 0.00999646 0.1 0.0999823 0.05 0 0 0.832902 -0.366226 -0.0910111
976 -44053.5 -46003.6 1950.07 0.01 0.010009 0.1 0.100045 0.05 0 0 0.83303 -0.366977 -0.0907234
977 -44056 -46003.6 1947.61 0.01 0.00999409 0.1 0.0999705 0.05 0 0 0.833448 -0.365699 -0.0904544
978 -44050.8 -46003.6 1952.87 0.01 0.0099963 0.1 0.0999815 0.05 0 0 0.833814 -0.365423 -0.0912184
979 -44027.9 -46003.6 1975.73 0.01 0.00999813 0.1 0.0999906 0.05 0 0 0.833982 -0.364685 -0.0931382
980 -44033.2 -46003.6 1970.45 0.01 0.00999691 0.1 0.0999845 0.05 0 0 0.833827 -0.365804 -0.0934263
981 -44026.2 -46003.6 1977.4 0.01 0.0100051 0.1 0.100026 0.05 0 0 0.833536 -0.366349 -0.0939219
982 -44038.5 -46003.6 1965.16 0.01 0.0099907 0.1 0.0999535 0.05 0 0 0.834185 -0.365448 -0.093891
983 -44046.7 -46003.6 1956.95 0.01 0.0100064 0.1 0.100032 0.05 0 0 0.834778 -0.364098 -0.093441
984 -44050.4 -46003.6 1953.26 0.01 0.00999822 0.1 0.0999911 0.05 0 0 0.83518 -0.364026 -0.0931723
985 -44062.3 -46003.6 1941.33 0.01 0.00999557 0.1 0.0999778 0.05 0 0 0.835547 -0.363627 -0.0924627
986 -44054.9 -46003.6 1948.75 0.01 0.00999264 0.1 0.0999632 0.05 0 0 0.835972 -0.364198 -0.0919905
987 -44026.6 -46003.6 1977.07 0.01 0.00999628 0.1 0.0999814 0.05 0 0 0.836281 -0.36375 -0.0906775
988 -44031.7 -46003.6 1971.96 0.01 0.0100059 0.1 0.10003 0.05 0 0 0.836559 -0.363721 -0.0901968
989 -44035.8 -46003.6 1967.8 0.01 0.0100003 0.1 0.100002 0.05 0 0 0.83655 -0.363942 -0.0892554
990 -44035.2 -46003.6 1968.38 0.01 0.00999665 0.1 0.0999832 0.05 0 0 0.8378 -0.362169 -0.08835
991 -44012.1 -46003.6 1991.49 0.01 0.00999382 0.1 0.0999691 0.05 0 0 0.838073 -0.362365 -0.0879291
992 -44016.3 -46003.6 1987.34 0.01 0.0100016 0.1 0.100008 0.05 0 0 0.83807 -0.363582 -0.0880253
993 -44028.3 -46003.6 1975.28 0.01 0.010004 0.1 0.10002 0.05 0 0 0.83839 -0.363307 -0.0881377
994 -44022 -46003.6 1981.59 0.01 0.01 0.1 0.1 0.05 0 0 0.839155 -0.362239 -0.0889355
995 -44035.9 -46003.6 1967.77 0.01 0.0100018 0.1 0.100009 0.05 0 0 0.83852 -0.362488 -0.0884315
996 -44030.6 -46003.6 1973.07 0.01 0.00999345 0.1 0.0999673 0.05 0 0 0.83853 -0.362785 -0.0868467
997 -44033.1 -46003.6 1970.54 0.01 0.0100033 0.1 0.100016 0.05 0 0 0.838437 -0.362857 -0.0876334
998 -44056.1 -46003.6 1947.56 0.01 0.00999732 0.1 0.0999866 0.05 0 0 0.839079 -0.362109 -0.0884739
999 -44061.6 -46003.6 1942.03 0.01 0.0100002 0.1 0.100001 0.05 0 0 0.8392 -0.36199 -0.0892107
1000 -44059.1 -46003.6 1944.54 0.01 0.00999856 0.1 0.0999928 0.05 0 0 0.839864 -0.360437 -0.0874256
