#0 0.988389 0.1
0.02 0.935019 0.1
0.04 0.856726 0.1
0.06 0.773106 0.1
0.08 0.682782 0.1
0.1 0.577896 0.1
#0 0.999941 0.2
0.02 0.938401 0.2
0.04 0.871604 0.2
0.06 0.804052 0.2
0.08 0.706275 0.2
0.1 0.615181 0.2
#0 0.999999 0.3
0.02 0.943583 0.3
0.04 0.879248 0.3
0.06 0.809745 0.3
0.08 0.727678 0.3
0.1 0.64104 0.3
#0 1 0.4
0.02 0.945015 0.4
0.04 0.883861 0.4
0.06 0.820635 0.4
0.08 0.741893 0.4
0.1 0.657139 0.4
#0 1 0.5
0.02 0.946786 0.5
0.04 0.890425 0.5
0.06 0.825784 0.5
0.08 0.748586 0.5
0.1 0.668057 0.5
0.12 0.429985 0.1
0.14 0.301452 0.1
0.16 0.191418 0.1
0.18 0.131289 0.1
0.2 0.0958953 0.1
0.12 0.498648 0.2
0.14 0.391794 0.2
0.16 0.288461 0.2
0.18 0.229544 0.2
0.2 0.17297 0.2
0.12 0.552426 0.3
0.14 0.439754 0.3
0.16 0.349386 0.3
0.18 0.273788 0.3
0.2 0.234603 0.3
0.12 0.565223 0.4
0.14 0.483601 0.4
0.16 0.393329 0.4
0.18 0.322884 0.4
0.2 0.265469 0.4
0.12 0.588865 0.5
0.14 0.509553 0.5
0.16 0.408306 0.5
0.18 0.377234 0.5
0.2 0.295267 0.5
0.22 0.0684469 0.1
0.24 0.0532625 0.1
0.26 0.0470886 0.1
0.28 0.0371031 0.1
0.3 0.0307011 0.1
0.22 0.134072 0.2
0.24 0.110197 0.2
0.26 0.091927 0.2
0.28 0.0744616 0.2
0.3 0.0601609 0.2
0.22 0.178862 0.3
0.24 0.15328 0.3
0.26 0.122197 0.3
0.28 0.0936758 0.3
0.3 0.0815388 0.3
0.22 0.22934 0.4
0.24 0.195875 0.4
0.26 0.172908 0.4
0.28 0.132517 0.4
0.3 0.120452 0.4
0.22 0.268102 0.5
0.24 0.240319 0.5
0.26 0.185597 0.5
0.28 0.168672 0.5
0.3 0.144869 0.5
