# Iteration Energy MinEnergy Delta temp realtemp dtheta realdtheta MagneticFieldX Y Z MagnetizationX Y Z
1 -735.727 -19203.4 18467.6 0 0 0 0 0.09 0 0 -0.00259883 -0.0072967 -9.62047e-05
2 -1229.37 -19203.4 17974 0 0 0 0 0.09 0 0 -0.00121674 -0.0080455 -3.19366e-05
3 -1693.09 -19203.4 17510.3 0 0 0 0 0.09 0 0 0.000221959 -0.0088647 5.29468e-05
4 -2136.06 -19203.4 17067.3 0 0 0 0 0.09 0 0 0.00174123 -0.00976282 0.000167187
5 -2564.51 -19203.4 16638.9 0 0 0 0 0.09 0 0 0.00335565 -0.0107484 0.000305076
6 -2983.63 -19203.4 16219.7 0 0 0 0 0.09 0 0 0.00505122 -0.0117796 0.000465217
7 -3395.42 -19203.4 15807.9 0 0 0 0 0.09 0 0 0.00684362 -0.0128379 0.000626177
8 -3805.56 -19203.4 15397.8 0 0 0 0 0.09 0 0 0.00873975 -0.0139465 0.000824405
9 -4217.9 -19203.4 14985.5 0 0 0 0 0.09 0 0 0.0106847 -0.01511 0.00104196
10 -4633.5 -19203.4 14569.9 0 0 0 0 0.09 0 0 0.0126604 -0.0163468 0.00124984
11 -5053.75 -19203.4 14149.6 0 0 0 0 0.09 0 0 0.0147367 -0.0176101 0.00147388
12 -5474.56 -19203.4 13728.8 0 0 0 0 0.09 0 0 0.0169016 -0.0189408 0.0016801
13 -5894.19 -19203.4 13309.2 0 0 0 0 0.09 0 0 0.0190877 -0.0203041 0.00183894
14 -6314.35 -19203.4 12889 0 0 0 0 0.09 0 0 0.0213691 -0.0217068 0.00202268
15 -6733.94 -19203.4 12469.4 0 0 0 0 0.09 0 0 0.0237616 -0.0231956 0.00222059
16 -7150.07 -19203.4 12053.3 0 0 0 0 0.09 0 0 0.026259 -0.0247745 0.00243689
17 -7561.34 -19203.4 11642 0 0 0 0 0.09 0 0 0.0288769 -0.0264113 0.00262806
18 -7967.12 -19203.4 11236.3 0 0 0 0 0.09 0 0 0.0315409 -0.0281337 0.00281035
19 -8361.57 -19203.4 10841.8 0 0 0 0 0.09 0 0 0.0342148 -0.0297798 0.00308415
20 -8746.33 -19203.4 10457 0 0 0 0 0.09 0 0 0.0367883 -0.0314207 0.00332855
21 -9124.01 -19203.4 10079.4 0 0 0 0 0.09 0 0 0.0393473 -0.0330314 0.0035503
22 -9494.98 -19203.4 9708.39 0 0 0 0 0.09 0 0 0.0418179 -0.0346168 0.00372681
23 -9858.7 -19203.4 9344.67 0 0 0 0 0.09 0 0 0.0443288 -0.0362555 0.00390913
24 -10211.3 -19203.4 8992.04 0 0 0 0 0.09 0 0 0.0469099 -0.037921 0.00410018
25 -10550.7 -19203.4 8652.66 0 0 0 0 0.09 0 0 0.0495308 -0.0395627 0.00425146
26 -10877.1 -19203.4 8326.27 0 0 0 0 0.09 0 0 0.052051 -0.0412457 0.00440837
27 -11188.7 -19203.4 8014.66 0 0 0 0 0.09 0 0 0.0544617 -0.042915 0.00455
28 -11486.7 -19203.4 7716.67 0 0 0 0 0.09 0 0 0.0568273 -0.0445939 0.00478903
29 -11767.8 -19203.4 7435.55 0 0 0 0 0.09 0 0 0.0590811 -0.0461864 0.00507901
30 -12033.1 -19203.4 7170.24 0 0 0 0 0.09 0 0 0.0612299 -0.0478253 0.00524921
31 -12283.6 -19203.4 6919.72 0 0 0 0 0.09 0 0 0.0633509 -0.0494616 0.00538409
32 -12517.8 -19203.4 6685.58 0 0 0 0 0.09 0 0 0.0655174 -0.0510511 0.00544596
33 -12740.5 -19203.4 6462.91 0 0 0 0 0.09 0 0 0.0676961 -0.0526163 0.00549981
34 -12951.7 -19203.4 6251.67 0 0 0 0 0.09 0 0 0.0698836 -0.0541687 0.00547572
35 -13153.4 -19203.4 6049.94 0 0 0 0 0.09 0 0 0.0720817 -0.0557224 0.0054686
36 -13342.5 -19203.4 5860.87 0 0 0 0 0.09 0 0 0.0743037 -0.0572747 0.00541313
37 -13520.7 -19203.4 5682.67 0 0 0 0 0.09 0 0 0.0765695 -0.0588406 0.00543415
38 -13688.8 -19203.4 5514.56 0 0 0 0 0.09 0 0 0.0788334 -0.0604339 0.00546287
39 -13847.4 -19203.4 5355.93 0 0 0 0 0.09 0 0 0.0810987 -0.0620286 0.00547959
40 -13999.7 -19203.4 5203.71 0 0 0 0 0.09 0 0 0.0833682 -0.0636334 0.00550422
41 -14145.2 -19203.4 5058.22 0 0 0 0 0.09 0 0 0.0856042 -0.0651897 0.00554653
42 -14281.5 -19203.4 4921.91 0 0 0 0 0.09 0 0 0.0879032 -0.0666977 0.00561099
43 -14407.8 -19203.4 4795.56 0 0 0 0 0.09 0 0 0.0902149 -0.0681248 0.00571037
44 -14526.6 -19203.4 4676.78 0 0 0 0 0.09 0 0 0.0925307 -0.0694996 0.0058162
45 -14637.8 -19203.4 4565.59 0 0 0 0 0.09 0 0 0.0948155 -0.0708253 0.00588233
46 -14744 -19203.4 4459.38 0 0 0 0 0.09 0 0 0.0971025 -0.0721155 0.00593634
47 -14845.1 -19203.4 4358.27 0 0 0 0 0.09 0 0 0.099418 -0.0733541 0.00598034
48 -14940.4 -19203.4 4262.97 0 0 0 0 0.09 0 0 0.10176 -0.0745841 0.00601303
49 -15031.6 -19203.4 4171.79 0 0 0 0 0.09 0 0 0.104106 -0.0758244 0.00603478
50 -15118.2 -19203.4 4085.21 0 0 0 0 0.09 0 0 0.106449 -0.0770521 0.00607558
51 -15200.5 -19203.4 4002.83 0 0 0 0 0.09 0 0 0.108804 -0.0782615 0.00612545
52 -15279.6 -19203.4 3923.81 0 0 0 0 0.09 0 0 0.111161 -0.0794416 0.00617366
53 -15355.6 -19203.4 3847.79 0 0 0 0 0.09 0 0 0.113525 -0.0806171 0.00622745
54 -15428.5 -19203.4 3774.85 0 0 0 0 0.09 0 0 0.115895 -0.0817812 0.00629222
55 -15498.3 -19203.4 3705.08 0 0 0 0 0.09 0 0 0.118257 -0.0829432 0.00636366
56 -15566.2 -19203.4 3637.12 0 0 0 0 0.09 0 0 0.120629 -0.0840962 0.00643732
57 -15632 -19203.4 3571.37 0 0 0 0 0.09 0 0 0.123011 -0.0852225 0.00652059
58 -15694.5 -19203.4 3508.86 0 0 0 0 0.09 0 0 0.125365 -0.0863089 0.0066134
59 -15754.4 -19203.4 3448.93 0 0 0 0 0.09 0 0 0.12771 -0.0873841 0.00672003
60 -15811.9 -19203.4 3391.44 0 0 0 0 0.09 0 0 0.130063 -0.0884425 0.00683494
61 -15867.2 -19203.4 3336.15 0 0 0 0 0.09 0 0 0.132424 -0.0894914 0.00697407
62 -15920.8 -19203.4 3282.61 0 0 0 0 0.09 0 0 0.13479 -0.0905244 0.00712804
63 -15972.8 -19203.4 3230.52 0 0 0 0 0.09 0 0 0.137155 -0.0915526 0.00728667
64 -16023.4 -19203.4 3180.02 0 0 0 0 0.09 0 0 0.139533 -0.0925701 0.00745962
65 -16071.7 -19203.4 3131.67 0 0 0 0 0.09 0 0 0.14191 -0.0935626 0.00765509
66 -16118.3 -19203.4 3085.02 0 0 0 0 0.09 0 0 0.144284 -0.0945353 0.0078582
67 -16163.6 -19203.4 3039.73 0 0 0 0 0.09 0 0 0.146667 -0.0955014 0.00807323
68 -16207.8 -19203.4 2995.52 0 0 0 0 0.09 0 0 0.149056 -0.0964624 0.00829682
69 -16250.7 -19203.4 2952.64 0 0 0 0 0.09 0 0 0.15146 -0.0974253 0.00853062
70 -16292.6 -19203.4 2910.75 0 0 0 0 0.09 0 0 0.153866 -0.098383 0.00877217
71 -16333.5 -19203.4 2869.85 0 0 0 0 0.09 0 0 0.156271 -0.0993275 0.00901907
72 -16373.3 -19203.4 2830.07 0 0 0 0 0.09 0 0 0.158673 -0.100265 0.00928297
73 -16412.2 -19203.4 2791.21 0 0 0 0 0.09 0 0 0.161075 -0.101197 0.00956119
74 -16449.9 -19203.4 2753.43 0 0 0 0 0.09 0 0 0.163472 -0.10212 0.00985794
75 -16486.9 -19203.4 2716.48 0 0 0 0 0.09 0 0 0.165869 -0.103037 0.0101645
76 -16523.1 -19203.4 2680.28 0 0 0 0 0.09 0 0 0.168266 -0.103948 0.0104788
77 -16558.6 -19203.4 2644.82 0 0 0 0 0.09 0 0 0.170663 -0.104854 0.0108004
78 -16593.4 -19203.4 2609.95 0 0 0 0 0.09 0 0 0.173062 -0.105756 0.0111284
79 -16627.1 -19203.4 2576.3 0 0 0 0 0.09 0 0 0.175465 -0.106656 0.0114594
80 -16660 -19203.4 2543.32 0 0 0 0 0.09 0 0 0.177869 -0.10755 0.0117984
81 -16692.4 -19203.4 2510.95 0 0 0 0 0.09 0 0 0.180274 -0.10844 0.0121429
82 -16724.2 -19203.4 2479.21 0 0 0 0 0.09 0 0 0.18268 -0.109324 0.0124923
83 -16754.9 -19203.4 2448.42 0 0 0 0 0.09 0 0 0.185086 -0.110222 0.0128472
84 -16785 -19203.4 2418.39 0 0 0 0 0.09 0 0 0.187493 -0.111122 0.0132068
85 -16814.5 -19203.4 2388.89 0 0 0 0 0.09 0 0 0.1899 -0.11202 0.0135694
86 -16843.4 -19203.4 2359.95 0 0 0 0 0.09 0 0 0.192307 -0.112914 0.0139345
87 -16871.8 -19203.4 2331.58 0 0 0 0 0.09 0 0 0.194712 -0.113808 0.0142978
88 -16899.6 -19203.4 2303.81 0 0 0 0 0.09 0 0 0.197115 -0.1147 0.0146577
89 -16926.7 -19203.4 2276.63 0 0 0 0 0.09 0 0 0.199517 -0.115587 0.015017
90 -16953.4 -19203.4 2249.95 0 0 0 0 0.09 0 0 0.201919 -0.116464 0.015375
91 -16979.6 -19203.4 2223.76 0 0 0 0 0.09 0 0 0.20432 -0.117336 0.0157316
92 -17005.3 -19203.4 2198.11 0 0 0 0 0.09 0 0 0.206718 -0.118201 0.0160914
93 -17030.4 -19203.4 2172.99 0 0 0 0 0.09 0 0 0.209113 -0.119057 0.016454
94 -17054.9 -19203.4 2148.51 0 0 0 0 0.09 0 0 0.2115 -0.119901 0.0168177
95 -17078.8 -19203.4 2124.6 0 0 0 0 0.09 0 0 0.213878 -0.120733 0.0171779
96 -17102.1 -19203.4 2101.23 0 0 0 0 0.09 0 0 0.216254 -0.121555 0.0175395
97 -17125 -19203.4 2078.38 0 0 0 0 0.09 0 0 0.218629 -0.122365 0.0179033
98 -17147.4 -19203.4 2056 0 0 0 0 0.09 0 0 0.221 -0.123165 0.0182645
99 -17169.4 -19203.4 2033.96 0 0 0 0 0.09 0 0 0.223369 -0.123956 0.018623
100 -17191 -19203.4 2012.36 0 0 0 0 0.09 0 0 0.225735 -0.124736 0.0189785
101 -17212.2 -19203.4 1991.15 0 0 0 0 0.09 0 0 0.228099 -0.125505 0.019331
102 -17233.1 -19203.4 1970.3 0 0 0 0 0.09 0 0 0.23046 -0.126264 0.0196803
103 -17253.5 -19203.4 1949.83 0 0 0 0 0.09 0 0 0.232818 -0.127012 0.0200263
104 -17273.6 -19203.4 1929.74 0 0 0 0 0.09 0 0 0.235174 -0.127749 0.0203689
105 -17293.4 -19203.4 1909.93 0 0 0 0 0.09 0 0 0.237527 -0.128476 0.0207079
106 -17312.8 -19203.4 1890.58 0 0 0 0 0.09 0 0 0.239878 -0.129198 0.0210428
107 -17331.8 -19203.4 1871.59 0 0 0 0 0.09 0 0 0.242228 -0.129911 0.021374
108 -17350.5 -19203.4 1852.9 0 0 0 0 0.09 0 0 0.244576 -0.130614 0.0217014
109 -17368.6 -19203.4 1834.78 0 0 0 0 0.09 0 0 0.246916 -0.13131 0.0220172
110 -17386.2 -19203.4 1817.15 0 0 0 0 0.09 0 0 0.24925 -0.131997 0.0223234
111 -17403.6 -19203.4 1799.8 0 0 0 0 0.09 0 0 0.251582 -0.132674 0.0226251
112 -17420.6 -19203.4 1782.76 0 0 0 0 0.09 0 0 0.253911 -0.133342 0.0229223
113 -17437.2 -19203.4 1766.21 0 0 0 0 0.09 0 0 0.256239 -0.133992 0.023218
114 -17453.4 -19203.4 1749.98 0 0 0 0 0.09 0 0 0.258564 -0.13463 0.0235103
115 -17469.3 -19203.4 1734.04 0 0 0 0 0.09 0 0 0.260889 -0.135258 0.0237994
116 -17485 -19203.4 1718.41 0 0 0 0 0.09 0 0 0.263211 -0.135875 0.024085
117 -17500.3 -19203.4 1703.07 0 0 0 0 0.09 0 0 0.265531 -0.136481 0.0243691
118 -17515.4 -19203.4 1688 0 0 0 0 0.09 0 0 0.26785 -0.137074 0.0246523
119 -17530.1 -19203.4 1673.27 0 0 0 0 0.09 0 0 0.270166 -0.137657 0.0249333
120 -17544.7 -19203.4 1658.71 0 0 0 0 0.09 0 0 0.272482 -0.13823 0.0252123
121 -17558.9 -19203.4 1644.46 0 0 0 0 0.09 0 0 0.274796 -0.138792 0.0254895
122 -17573 -19203.4 1630.4 0 0 0 0 0.09 0 0 0.277109 -0.139345 0.0257652
123 -17586.8 -19203.4 1616.57 0 0 0 0 0.09 0 0 0.27942 -0.139887 0.0260395
124 -17600.4 -19203.4 1603.01 0 0 0 0 0.09 0 0 0.281731 -0.14042 0.0263128
125 -17613.8 -19203.4 1589.62 0 0 0 0 0.09 0 0 0.284041 -0.140943 0.0265851
126 -17626.9 -19203.4 1576.47 0 0 0 0 0.09 0 0 0.28635 -0.141456 0.0268567
127 -17639.9 -19203.4 1563.48 0 0 0 0 0.09 0 0 0.288658 -0.14196 0.0271278
128 -17652.7 -19203.4 1550.69 0 0 0 0 0.09 0 0 0.290966 -0.142454 0.0273984
129 -17665.2 -19203.4 1538.15 0 0 0 0 0.09 0 0 0.293272 -0.142939 0.0276688
130 -17677.6 -19203.4 1525.72 0 0 0 0 0.09 0 0 0.295578 -0.143415 0.027939
131 -17689.8 -19203.4 1513.54 0 0 0 0 0.09 0 0 0.297883 -0.143881 0.0282091
132 -17701.9 -19203.4 1501.51 0 0 0 0 0.09 0 0 0.300188 -0.144339 0.0284792
133 -17713.7 -19203.4 1489.66 0 0 0 0 0.09 0 0 0.302492 -0.144787 0.0287492
134 -17725.4 -19203.4 1477.99 0 0 0 0 0.09 0 0 0.304795 -0.145226 0.0290193
135 -17736.9 -19203.4 1466.45 0 0 0 0 0.09 0 0 0.307098 -0.145657 0.0292895
136 -17748.3 -19203.4 1455.07 0 0 0 0 0.09 0 0 0.309401 -0.146079 0.0295597
137 -17759.5 -19203.4 1443.87 0 0 0 0 0.09 0 0 0.311703 -0.146492 0.0298298
138 -17770.5 -19203.4 1432.83 0 0 0 0 0.09 0 0 0.314005 -0.146897 0.0301
139 -17781.4 -19203.4 1421.93 0 0 0 0 0.09 0 0 0.316307 -0.147294 0.0303701
140 -17792.2 -19203.4 1411.17 0 0 0 0 0.09 0 0 0.318609 -0.147682 0.03064
141 -17802.8 -19203.4 1400.52 0 0 0 0 0.09 0 0 0.32091 -0.148063 0.0309097
142 -17813.3 -19203.4 1390.04 0 0 0 0 0.09 0 0 0.323211 -0.148435 0.0311791
143 -17823.7 -19203.4 1379.66 0 0 0 0 0.09 0 0 0.325512 -0.1488 0.0314481
144 -17834 -19203.4 1369.37 0 0 0 0 0.09 0 0 0.327813 -0.149157 0.0317166
145 -17844.1 -19203.4 1359.22 0 0 0 0 0.09 0 0 0.330115 -0.149507 0.0319845
146 -17854.1 -19203.4 1349.23 0 0 0 0 0.09 0 0 0.332416 -0.149851 0.032252
147 -17864 -19203.4 1339.35 0 0 0 0 0.09 0 0 0.334718 -0.150191 0.0325191
148 -17873.8 -19203.4 1329.58 0 0 0 0 0.09 0 0 0.337021 -0.150524 0.0327852
149 -17883.5 -19203.4 1319.91 0 0 0 0 0.09 0 0 0.339324 -0.15085 0.0330502
150 -17893 -19203.4 1310.34 0 0 0 0 0.09 0 0 0.341627 -0.15117 0.0333138
151 -17902.5 -19203.4 1300.84 0 0 0 0 0.09 0 0 0.343932 -0.151483 0.033576
152 -17911.9 -19203.4 1291.47 0 0 0 0 0.09 0 0 0.346236 -0.15179 0.0338364
153 -17921.3 -19203.4 1282.1 0 0 0 0 0.09 0 0 0.348541 -0.15209 0.034095
154 -17930.5 -19203.4 1272.9 0 0 0 0 0.09 0 0 0.350847 -0.152385 0.0343514
155 -17939.6 -19203.4 1263.78 0 0 0 0 0.09 0 0 0.353154 -0.152673 0.0346056
156 -17948.7 -19203.4 1254.71 0 0 0 0 0.09 0 0 0.355462 -0.152955 0.0348574
157 -17957.6 -19203.4 1245.74 0 0 0 0 0.09 0 0 0.35777 -0.153231 0.0351064
158 -17966.5 -19203.4 1236.83 0 0 0 0 0.09 0 0 0.360079 -0.153501 0.0353526
159 -17975.3 -19203.4 1228.02 0 0 0 0 0.09 0 0 0.362388 -0.153765 0.0355957
160 -17984.1 -19203.4 1219.28 0 0 0 0 0.09 0 0 0.364699 -0.154024 0.0358357
161 -17992.8 -19203.4 1210.57 0 0 0 0 0.09 0 0 0.36701 -0.154276 0.0360722
162 -18001.4 -19203.4 1202 0 0 0 0 0.09 0 0 0.369322 -0.154522 0.0363051
163 -18009.9 -19203.4 1193.45 0 0 0 0 0.09 0 0 0.371634 -0.154763 0.0365343
164 -18018.3 -19203.4 1185.02 0 0 0 0 0.09 0 0 0.373947 -0.154998 0.0367596
165 -18026.7 -19203.4 1176.62 0 0 0 0 0.09 0 0 0.376261 -0.155227 0.0369809
166 -18035.1 -19203.4 1168.24 0 0 0 0 0.09 0 0 0.378575 -0.15545 0.0371981
167 -18043.3 -19203.4 1160.04 0 0 0 0 0.09 0 0 0.380889 -0.155667 0.037411
168 -18051.6 -19203.4 1151.79 0 0 0 0 0.09 0 0 0.383204 -0.155878 0.0376195
169 -18059.7 -19203.4 1143.65 0 0 0 0 0.09 0 0 0.385518 -0.156084 0.0378236
170 -18067.8 -19203.4 1135.61 0 0 0 0 0.09 0 0 0.387833 -0.156284 0.0380232
171 -18075.7 -19203.4 1127.62 0 0 0 0 0.09 0 0 0.390147 -0.156478 0.0382181
172 -18083.7 -19203.4 1119.71 0 0 0 0 0.09 0 0 0.392462 -0.156666 0.0384084
173 -18091.5 -19203.4 1111.83 0 0 0 0 0.09 0 0 0.394776 -0.156849 0.0385939
174 -18099.3 -19203.4 1104.03 0 0 0 0 0.09 0 0 0.397089 -0.157025 0.0387746
175 -18107.1 -19203.4 1096.27 0 0 0 0 0.09 0 0 0.399402 -0.157197 0.0389505
176 -18114.8 -19203.4 1088.6 0 0 0 0 0.09 0 0 0.401715 -0.157362 0.0391215
177 -18122.4 -19203.4 1080.97 0 0 0 0 0.09 0 0 0.404026 -0.157522 0.0392876
178 -18130 -19203.4 1073.39 0 0 0 0 0.09 0 0 0.406336 -0.157676 0.0394488
179 -18137.5 -19203.4 1065.87 0 0 0 0 0.09 0 0 0.408646 -0.157825 0.0396051
180 -18145 -19203.4 1058.39 0 0 0 0 0.09 0 0 0.410954 -0.157968 0.0397564
181 -18152.4 -19203.4 1050.95 0 0 0 0 0.09 0 0 0.413261 -0.158106 0.0399028
182 -18159.8 -19203.4 1043.59 0 0 0 0 0.09 0 0 0.415567 -0.158239 0.0400443
183 -18167.1 -19203.4 1036.26 0 0 0 0 0.09 0 0 0.417871 -0.158366 0.0401809
184 -18174.4 -19203.4 1028.99 0 0 0 0 0.09 0 0 0.420173 -0.158488 0.0403127
185 -18181.6 -19203.4 1021.77 0 0 0 0 0.09 0 0 0.422474 -0.158604 0.0404397
186 -18188.8 -19203.4 1014.56 0 0 0 0 0.09 0 0 0.424773 -0.158716 0.0405621
187 -18196 -19203.4 1007.4 0 0 0 0 0.09 0 0 0.427071 -0.158822 0.0406799
188 -18203.1 -19203.4 1000.29 0 0 0 0 0.09 0 0 0.429366 -0.158923 0.0407931
189 -18210.2 -19203.4 993.201 0 0 0 0 0.09 0 0 0.43166 -0.159019 0.0409019
190 -18217.2 -19203.4 986.176 0 0 0 0 0.09 0 0 0.433951 -0.159111 0.0410064
191 -18224.2 -19203.4 979.152 0 0 0 0 0.09 0 0 0.436241 -0.159197 0.0411065
192 -18231.2 -19203.4 972.141 0 0 0 0 0.09 0 0 0.438528 -0.159278 0.0412024
193 -18238.2 -19203.4 965.203 0 0 0 0 0.09 0 0 0.440813 -0.159354 0.0412943
194 -18245.1 -19203.4 958.252 0 0 0 0 0.09 0 0 0.443095 -0.159426 0.0413821
195 -18252 -19203.4 951.355 0 0 0 0 0.09 0 0 0.445375 -0.159493 0.0414661
196 -18258.9 -19203.4 944.488 0 0 0 0 0.09 0 0 0.447652 -0.159555 0.0415463
197 -18265.7 -19203.4 937.691 0 0 0 0 0.09 0 0 0.449925 -0.159611 0.0416221
198 -18272.1 -19203.4 931.285 0 0 0 0 0.09 0 0 0.452181 -0.15966 0.0416893
199 -18278.4 -19203.4 924.965 0 0 0 0 0.09 0 0 0.454434 -0.159703 0.0417528
200 -18284.7 -19203.4 918.691 0 0 0 0 0.09 0 0 0.456682 -0.159742 0.0418128
201 -18290.9 -19203.4 912.486 0 0 0 0 0.09 0 0 0.458925 -0.159775 0.0418694
202 -18297 -19203.4 906.359 0 0 0 0 0.09 0 0 0.461164 -0.159804 0.0419228
203 -18303.1 -19203.4 900.307 0 0 0 0 0.09 0 0 0.463398 -0.159828 0.0419731
204 -18309.1 -19203.4 894.268 0 0 0 0 0.09 0 0 0.465628 -0.159848 0.0420204
205 -18315 -19203.4 888.332 0 0 0 0 0.09 0 0 0.467854 -0.159862 0.0420648
206 -18320.9 -19203.4 882.469 0 0 0 0 0.09 0 0 0.470074 -0.159872 0.0421064
207 -18326.7 -19203.4 876.641 0 0 0 0 0.09 0 0 0.472291 -0.159878 0.0421453
208 -18332.5 -19203.4 870.877 0 0 0 0 0.09 0 0 0.474503 -0.159879 0.0421817
209 -18338.2 -19203.4 865.162 0 0 0 0 0.09 0 0 0.47671 -0.159876 0.0422155
210 -18343.8 -19203.4 859.545 0 0 0 0 0.09 0 0 0.478913 -0.159868 0.042247
211 -18349.5 -19203.4 853.887 0 0 0 0 0.09 0 0 0.481111 -0.159857 0.0422773
212 -18355 -19203.4 848.383 0 0 0 0 0.09 0 0 0.483305 -0.159842 0.0423057
213 -18360.5 -19203.4 842.883 0 0 0 0 0.09 0 0 0.485494 -0.159823 0.0423322
214 -18365.9 -19203.4 837.434 0 0 0 0 0.09 0 0 0.487679 -0.1598 0.042357
215 -18371.3 -19203.4 832.057 0 0 0 0 0.09 0 0 0.489859 -0.159773 0.0423802
216 -18376.6 -19203.4 826.721 0 0 0 0 0.09 0 0 0.492035 -0.159742 0.0424017
217 -18381.9 -19203.4 821.451 0 0 0 0 0.09 0 0 0.494206 -0.159708 0.0424218
218 -18387.2 -19203.4 816.182 0 0 0 0 0.09 0 0 0.496373 -0.159669 0.0424405
219 -18392.4 -19203.4 810.961 0 0 0 0 0.09 0 0 0.498535 -0.159628 0.0424578
220 -18397.5 -19203.4 805.834 0 0 0 0 0.09 0 0 0.500693 -0.159583 0.0424739
221 -18402.7 -19203.4 800.713 0 0 0 0 0.09 0 0 0.502846 -0.159534 0.0424888
222 -18407.7 -19203.4 795.65 0 0 0 0 0.09 0 0 0.504995 -0.159482 0.0425025
223 -18412.8 -19203.4 790.59 0 0 0 0 0.09 0 0 0.507139 -0.159427 0.0425152
224 -18417.7 -19203.4 785.625 0 0 0 0 0.09 0 0 0.509279 -0.159368 0.0425269
225 -18422.7 -19203.4 780.672 0 0 0 0 0.09 0 0 0.511414 -0.159307 0.0425376
226 -18427.6 -19203.4 775.76 0 0 0 0 0.09 0 0 0.513544 -0.159242 0.0425475
227 -18432.5 -19203.4 770.873 0 0 0 0 0.09 0 0 0.51567 -0.159174 0.0425564
228 -18437.3 -19203.4 766.07 0 0 0 0 0.09 0 0 0.517791 -0.159103 0.0425646
229 -18442.1 -19203.4 761.27 0 0 0 0 0.09 0 0 0.519908 -0.159029 0.0425719
230 -18446.9 -19203.4 756.494 0 0 0 0 0.09 0 0 0.52202 -0.158952 0.0425785
231 -18451.6 -19203.4 751.766 0 0 0 0 0.09 0 0 0.524128 -0.158872 0.0425843
232 -18456.3 -19203.4 747.068 0 0 0 0 0.09 0 0 0.52623 -0.158789 0.0425895
233 -18461 -19203.4 742.412 0 0 0 0 0.09 0 0 0.528328 -0.158703 0.0425939
234 -18465.6 -19203.4 737.809 0 0 0 0 0.09 0 0 0.530422 -0.158615 0.0425977
235 -18470.2 -19203.4 733.207 0 0 0 0 0.09 0 0 0.532511 -0.158524 0.0426008
236 -18474.7 -19203.4 728.652 0 0 0 0 0.09 0 0 0.534594 -0.15843 0.0426033
237 -18479.3 -19203.4 724.1 0 0 0 0 0.09 0 0 0.536674 -0.158334 0.0426052
238 -18483.8 -19203.4 719.58 0 0 0 0 0.09 0 0 0.538748 -0.158235 0.0426064
239 -18488.3 -19203.4 715.1 0 0 0 0 0.09 0 0 0.540818 -0.158133 0.0426071
240 -18492.7 -19203.4 710.666 0 0 0 0 0.09 0 0 0.542883 -0.158028 0.0426071
241 -18497.1 -19203.4 706.219 0 0 0 0 0.09 0 0 0.544943 -0.157921 0.0426065
242 -18501.5 -19203.4 701.83 0 0 0 0 0.09 0 0 0.546999 -0.157812 0.0426053
243 -18505.9 -19203.4 697.449 0 0 0 0 0.09 0 0 0.549049 -0.1577 0.0426036
244 -18510.3 -19203.4 693.061 0 0 0 0 0.09 0 0 0.551095 -0.157585 0.0426012
245 -18514.6 -19203.4 688.736 0 0 0 0 0.09 0 0 0.553137 -0.157468 0.0425982
246 -18518.9 -19203.4 684.439 0 0 0 0 0.09 0 0 0.555173 -0.157348 0.0425946
247 -18523.2 -19203.4 680.158 0 0 0 0 0.09 0 0 0.557205 -0.157226 0.0425904
248 -18527.5 -19203.4 675.889 0 0 0 0 0.09 0 0 0.559232 -0.157102 0.0425856
249 -18531.7 -19203.4 671.652 0 0 0 0 0.09 0 0 0.561255 -0.156975 0.0425802
250 -18536 -19203.4 667.398 0 0 0 0 0.09 0 0 0.563272 -0.156845 0.0425741
251 -18540.2 -19203.4 663.164 0 0 0 0 0.09 0 0 0.565285 -0.156713 0.0425674
252 -18544.4 -19203.4 658.92 0 0 0 0 0.09 0 0 0.567294 -0.156579 0.0425601
253 -18548.6 -19203.4 654.736 0 0 0 0 0.09 0 0 0.569298 -0.156442 0.0425521
254 -18552.8 -19203.4 650.559 0 0 0 0 0.09 0 0 0.571297 -0.156302 0.0425434
255 -18557 -19203.4 646.391 0 0 0 0 0.09 0 0 0.573292 -0.156161 0.042534
256 -18561.1 -19203.4 642.229 0 0 0 0 0.09 0 0 0.575282 -0.156017 0.0425239
257 -18565.3 -19203.4 638.043 0 0 0 0 0.09 0 0 0.577268 -0.15587 0.042513
258 -18569.4 -19203.4 633.938 0 0 0 0 0.09 0 0 0.57925 -0.155721 0.0425014
259 -18573.6 -19203.4 629.781 0 0 0 0 0.09 0 0 0.581227 -0.15557 0.0424891
260 -18577.8 -19203.4 625.57 0 0 0 0 0.09 0 0 0.5832 -0.155417 0.0424759
261 -18581.9 -19203.4 621.438 0 0 0 0 0.09 0 0 0.585168 -0.155261 0.042462
262 -18586 -19203.4 617.373 0 0 0 0 0.09 0 0 0.587133 -0.155103 0.0424455
263 -18590 -19203.4 613.326 0 0 0 0 0.09 0 0 0.589095 -0.154946 0.0424224
264 -18594.1 -19203.4 609.303 0 0 0 0 0.09 0 0 0.591053 -0.154786 0.0423977
265 -18598 -19203.4 605.334 0 0 0 0 0.09 0 0 0.593008 -0.154625 0.0423714
266 -18602 -19203.4 601.35 0 0 0 0 0.09 0 0 0.594958 -0.154463 0.0423435
267 -18606 -19203.4 597.361 0 0 0 0 0.09 0 0 0.596905 -0.154298 0.0423139
268 -18610 -19203.4 593.391 0 0 0 0 0.09 0 0 0.598847 -0.154132 0.0422826
269 -18614 -19203.4 589.385 0 0 0 0 0.09 0 0 0.600786 -0.153965 0.0422496
270 -18618 -19203.4 585.4 0 0 0 0 0.09 0 0 0.60272 -0.153796 0.0422149
271 -18621.9 -19203.4 581.445 0 0 0 0 0.09 0 0 0.604651 -0.153625 0.0421784
272 -18626 -19203.4 577.402 0 0 0 0 0.09 0 0 0.606577 -0.153453 0.0421401
273 -18630 -19203.4 573.398 0 0 0 0 0.09 0 0 0.6085 -0.15328 0.0421
274 -18633.9 -19203.4 569.436 0 0 0 0 0.09 0 0 0.610419 -0.153105 0.0420581
275 -18637.9 -19203.4 565.455 0 0 0 0 0.09 0 0 0.612333 -0.152929 0.0420143
276 -18642 -19203.4 561.391 0 0 0 0 0.09 0 0 0.614244 -0.152752 0.0419687
277 -18646 -19203.4 557.412 0 0 0 0 0.09 0 0 0.61615 -0.152573 0.0419212
278 -18650 -19203.4 553.35 0 0 0 0 0.09 0 0 0.618052 -0.152394 0.0418719
279 -18654 -19203.4 549.324 0 0 0 0 0.09 0 0 0.619949 -0.152213 0.0418208
280 -18658.1 -19203.4 545.291 0 0 0 0 0.09 0 0 0.621842 -0.152031 0.0417679
281 -18662.1 -19203.4 541.275 0 0 0 0 0.09 0 0 0.623731 -0.151848 0.0417131
282 -18666.2 -19203.4 537.172 0 0 0 0 0.09 0 0 0.625614 -0.151664 0.0416567
283 -18670.2 -19203.4 533.148 0 0 0 0 0.09 0 0 0.627493 -0.151478 0.0415985
284 -18674.3 -19203.4 529.111 0 0 0 0 0.09 0 0 0.629366 -0.151292 0.0415387
285 -18678.4 -19203.4 524.975 0 0 0 0 0.09 0 0 0.631234 -0.151104 0.0414773
286 -18682.4 -19203.4 520.977 0 0 0 0 0.09 0 0 0.633097 -0.150915 0.0414145
287 -18686.5 -19203.4 516.889 0 0 0 0 0.09 0 0 0.634954 -0.150725 0.0413502
288 -18690.5 -19203.4 512.852 0 0 0 0 0.09 0 0 0.636805 -0.150534 0.0412847
289 -18694.6 -19203.4 508.783 0 0 0 0 0.09 0 0 0.638649 -0.150342 0.041218
290 -18698.6 -19203.4 504.77 0 0 0 0 0.09 0 0 0.640488 -0.150148 0.0411502
291 -18702.7 -19203.4 500.713 0 0 0 0 0.09 0 0 0.642319 -0.149953 0.0410815
292 -18706.6 -19203.4 496.771 0 0 0 0 0.09 0 0 0.644144 -0.149757 0.0410119
293 -18710.6 -19203.4 492.816 0 0 0 0 0.09 0 0 0.645962 -0.14956 0.0409415
294 -18714.5 -19203.4 488.822 0 0 0 0 0.09 0 0 0.647772 -0.149362 0.0408706
295 -18718.4 -19203.4 484.941 0 0 0 0 0.09 0 0 0.649575 -0.149162 0.0407991
296 -18722.3 -19203.4 481.047 0 0 0 0 0.09 0 0 0.651371 -0.148961 0.0407273
297 -18726.2 -19203.4 477.207 0 0 0 0 0.09 0 0 0.653158 -0.148758 0.0406551
298 -18730 -19203.4 473.412 0 0 0 0 0.09 0 0 0.654938 -0.148555 0.0405826
299 -18733.7 -19203.4 469.639 0 0 0 0 0.09 0 0 0.656709 -0.14835 0.04051
300 -18737.5 -19203.4 465.908 0 0 0 0 0.09 0 0 0.658472 -0.148144 0.0404373
301 -18741.1 -19203.4 462.252 0 0 0 0 0.09 0 0 0.660227 -0.147937 0.0403646
302 -18744.7 -19203.4 458.652 0 0 0 0 0.09 0 0 0.661973 -0.147729 0.0402919
303 -18748.3 -19203.4 455.045 0 0 0 0 0.09 0 0 0.66371 -0.14752 0.0402192
304 -18751.9 -19203.4 451.51 0 0 0 0 0.09 0 0 0.665439 -0.147309 0.0401466
305 -18755.3 -19203.4 448.023 0 0 0 0 0.09 0 0 0.66716 -0.147098 0.0400741
306 -18758.8 -19203.4 444.582 0 0 0 0 0.09 0 0 0.668871 -0.146885 0.0400017
307 -18762.2 -19203.4 441.197 0 0 0 0 0.09 0 0 0.670574 -0.146672 0.0399294
308 -18765.5 -19203.4 437.875 0 0 0 0 0.09 0 0 0.672268 -0.146457 0.0398573
309 -18768.8 -19203.4 434.574 0 0 0 0 0.09 0 0 0.673953 -0.146242 0.0397852
310 -18772 -19203.4 431.357 0 0 0 0 0.09 0 0 0.67563 -0.146026 0.0397133
311 -18775.2 -19203.4 428.16 0 0 0 0 0.09 0 0 0.677298 -0.145809 0.0396415
312 -18778.3 -19203.4 425.045 0 0 0 0 0.09 0 0 0.678957 -0.145591 0.0395697
313 -18781.5 -19203.4 421.896 0 0 0 0 0.09 0 0 0.680607 -0.145373 0.0394981
314 -18784.5 -19203.4 418.867 0 0 0 0 0.09 0 0 0.682249 -0.145153 0.0394265
315 -18787.5 -19203.4 415.875 0 0 0 0 0.09 0 0 0.683882 -0.144933 0.0393549
316 -18790.5 -19203.4 412.916 0 0 0 0 0.09 0 0 0.685507 -0.144712 0.0392834
317 -18793.4 -19203.4 409.953 0 0 0 0 0.09 0 0 0.687123 -0.144491 0.0392118
318 -18796.3 -19203.4 407.105 0 0 0 0 0.09 0 0 0.688731 -0.144269 0.0391403
319 -18799.1 -19203.4 404.258 0 0 0 0 0.09 0 0 0.69033 -0.144046 0.0390687
320 -18801.9 -19203.4 401.453 0 0 0 0 0.09 0 0 0.691921 -0.143823 0.038997
321 -18804.7 -19203.4 398.705 0 0 0 0 0.09 0 0 0.693504 -0.143599 0.0389252
322 -18807.4 -19203.4 396 0 0 0 0 0.09 0 0 0.695078 -0.143374 0.0388534
323 -18810.1 -19203.4 393.289 0 0 0 0 0.09 0 0 0.696645 -0.143149 0.0387814
324 -18812.7 -19203.4 390.66 0 0 0 0 0.09 0 0 0.698204 -0.142924 0.0387093
325 -18815.3 -19203.4 388.025 0 0 0 0 0.09 0 0 0.699754 -0.142697 0.0386371
326 -18817.9 -19203.4 385.426 0 0 0 0 0.09 0 0 0.701297 -0.142471 0.0385646
327 -18820.5 -19203.4 382.891 0 0 0 0 0.09 0 0 0.702832 -0.142243 0.038492
328 -18823 -19203.4 380.34 0 0 0 0 0.09 0 0 0.70436 -0.142016 0.0384191
329 -18825.5 -19203.4 377.863 0 0 0 0 0.09 0 0 0.705879 -0.141788 0.038346
330 -18828 -19203.4 375.389 0 0 0 0 0.09 0 0 0.707392 -0.141559 0.0382727
331 -18830.4 -19203.4 372.979 0 0 0 0 0.09 0 0 0.708897 -0.14133 0.0381991
332 -18832.8 -19203.4 370.555 0 0 0 0 0.09 0 0 0.710394 -0.1411 0.0381252
333 -18835.2 -19203.4 368.164 0 0 0 0 0.09 0 0 0.711885 -0.14087 0.0380511
334 -18837.6 -19203.4 365.816 0 0 0 0 0.09 0 0 0.713368 -0.14064 0.0379766
335 -18839.9 -19203.4 363.48 0 0 0 0 0.09 0 0 0.714844 -0.140409 0.0379018
336 -18842.2 -19203.4 361.164 0 0 0 0 0.09 0 0 0.716313 -0.140178 0.0378267
337 -18844.5 -19203.4 358.891 0 0 0 0 0.09 0 0 0.717775 -0.139946 0.0377512
338 -18846.8 -19203.4 356.609 0 0 0 0 0.09 0 0 0.719231 -0.139714 0.0376754
339 -18849 -19203.4 354.393 0 0 0 0 0.09 0 0 0.720679 -0.139482 0.0375992
340 -18851.2 -19203.4 352.154 0 0 0 0 0.09 0 0 0.722122 -0.139249 0.0375227
341 -18853.5 -19203.4 349.91 0 0 0 0 0.09 0 0 0.723557 -0.139016 0.0374458
342 -18855.6 -19203.4 347.744 0 0 0 0 0.09 0 0 0.724986 -0.138783 0.0373684
343 -18857.8 -19203.4 345.598 0 0 0 0 0.09 0 0 0.726409 -0.138549 0.0372907
344 -18859.9 -19203.4 343.438 0 0 0 0 0.09 0 0 0.727825 -0.138315 0.0372126
345 -18862.1 -19203.4 341.283 0 0 0 0 0.09 0 0 0.729235 -0.138081 0.037134
346 -18864.2 -19203.4 339.174 0 0 0 0 0.09 0 0 0.730639 -0.137846 0.0370551
347 -18866.3 -19203.4 337.051 0 0 0 0 0.09 0 0 0.732037 -0.137611 0.0369757
348 -18868.4 -19203.4 334.982 0 0 0 0 0.09 0 0 0.733429 -0.137376 0.0368959
349 -18870.5 -19203.4 332.891 0 0 0 0 0.09 0 0 0.734815 -0.13714 0.0368157
350 -18872.5 -19203.4 330.818 0 0 0 0 0.09 0 0 0.736195 -0.136904 0.036735
351 -18874.6 -19203.4 328.787 0 0 0 0 0.09 0 0 0.73757 -0.136668 0.036654
352 -18876.6 -19203.4 326.746 0 0 0 0 0.09 0 0 0.738938 -0.136432 0.0365725
353 -18878.6 -19203.4 324.719 0 0 0 0 0.09 0 0 0.740302 -0.136196 0.0364905
354 -18880.7 -19203.4 322.678 0 0 0 0 0.09 0 0 0.741659 -0.135959 0.0364082
355 -18882.7 -19203.4 320.686 0 0 0 0 0.09 0 0 0.743011 -0.135722 0.0363254
356 -18884.7 -19203.4 318.699 0 0 0 0 0.09 0 0 0.744358 -0.135485 0.0362422
357 -18886.7 -19203.4 316.707 0 0 0 0 0.09 0 0 0.745699 -0.135247 0.0361585
358 -18888.6 -19203.4 314.781 0 0 0 0 0.09 0 0 0.747035 -0.13501 0.0360745
359 -18890.6 -19203.4 312.76 0 0 0 0 0.09 0 0 0.748366 -0.134772 0.0359901
360 -18892.5 -19203.4 310.828 0 0 0 0 0.09 0 0 0.749692 -0.134534 0.0359052
361 -18894.5 -19203.4 308.859 0 0 0 0 0.09 0 0 0.751012 -0.134296 0.03582
362 -18896.5 -19203.4 306.889 0 0 0 0 0.09 0 0 0.752328 -0.134058 0.0357344
363 -18898.4 -19203.4 304.967 0 0 0 0 0.09 0 0 0.753638 -0.13382 0.0356485
364 -18900.3 -19203.4 303.035 0 0 0 0 0.09 0 0 0.754944 -0.133582 0.0355621
365 -18902.2 -19203.4 301.123 0 0 0 0 0.09 0 0 0.756245 -0.133343 0.0354755
366 -18904.2 -19203.4 299.205 0 0 0 0 0.09 0 0 0.75754 -0.133105 0.0353884
367 -18906.1 -19203.4 297.299 0 0 0 0 0.09 0 0 0.758831 -0.132866 0.0353011
368 -18908 -19203.4 295.393 0 0 0 0 0.09 0 0 0.760118 -0.132627 0.0352135
369 -18909.9 -19203.4 293.434 0 0 0 0 0.09 0 0 0.761399 -0.132389 0.0351255
370 -18911.8 -19203.4 291.576 0 0 0 0 0.09 0 0 0.762676 -0.13215 0.0350373
371 -18913.7 -19203.4 289.672 0 0 0 0 0.09 0 0 0.763948 -0.131911 0.0349488
372 -18915.6 -19203.4 287.762 0 0 0 0 0.09 0 0 0.765215 -0.131672 0.03486
373 -18917.5 -19203.4 285.916 0 0 0 0 0.09 0 0 0.766478 -0.131433 0.034771
374 -18919.3 -19203.4 284.035 0 0 0 0 0.09 0 0 0.767736 -0.131195 0.0346817
375 -18921.2 -19203.4 282.15 0 0 0 0 0.09 0 0 0.76899 -0.130956 0.0345923
376 -18923.1 -19203.4 280.238 0 0 0 0 0.09 0 0 0.770239 -0.130718 0.0345026
377 -18925 -19203.4 278.404 0 0 0 0 0.09 0 0 0.771484 -0.130479 0.0344127
378 -18926.8 -19203.4 276.547 0 0 0 0 0.09 0 0 0.772724 -0.130241 0.0343227
379 -18928.7 -19203.4 274.691 0 0 0 0 0.09 0 0 0.77396 -0.130002 0.0342324
380 -18930.6 -19203.4 272.814 0 0 0 0 0.09 0 0 0.775191 -0.129764 0.034142
381 -18932.4 -19203.4 270.969 0 0 0 0 0.09 0 0 0.776418 -0.129526 0.0340515
382 -18934.3 -19203.4 269.111 0 0 0 0 0.09 0 0 0.77764 -0.129289 0.0339608
383 -18936.1 -19203.4 267.258 0 0 0 0 0.09 0 0 0.778858 -0.129051 0.0338699
384 -18938 -19203.4 265.408 0 0 0 0 0.09 0 0 0.780072 -0.128814 0.0337789
385 -18939.8 -19203.4 263.553 0 0 0 0 0.09 0 0 0.781281 -0.128577 0.0336878
386 -18941.7 -19203.4 261.695 0 0 0 0 0.09 0 0 0.782486 -0.12834 0.0335966
387 -18943.5 -19203.4 259.861 0 0 0 0 0.09 0 0 0.783687 -0.128103 0.0335052
388 -18945.3 -19203.4 258.041 0 0 0 0 0.09 0 0 0.784883 -0.127867 0.0334137
389 -18947.2 -19203.4 256.211 0 0 0 0 0.09 0 0 0.786076 -0.127631 0.0333221
390 -18949 -19203.4 254.371 0 0 0 0 0.09 0 0 0.787264 -0.127396 0.0332304
391 -18950.8 -19203.4 252.52 0 0 0 0 0.09 0 0 0.788448 -0.12716 0.0331385
392 -18952.7 -19203.4 250.689 0 0 0 0 0.09 0 0 0.789628 -0.126925 0.0330466
393 -18954.5 -19203.4 248.852 0 0 0 0 0.09 0 0 0.790804 -0.126691 0.0329545
394 -18956.4 -19203.4 247.002 0 0 0 0 0.09 0 0 0.791975 -0.126457 0.0328623
395 -18958.2 -19203.4 245.174 0 0 0 0 0.09 0 0 0.793143 -0.126223 0.03277
396 -18960 -19203.4 243.322 0 0 0 0 0.09 0 0 0.794307 -0.125989 0.0326776
397 -18961.9 -19203.4 241.477 0 0 0 0 0.09 0 0 0.795467 -0.125756 0.032585
398 -18963.7 -19203.4 239.643 0 0 0 0 0.09 0 0 0.796623 -0.125524 0.0324924
399 -18965.6 -19203.4 237.742 0 0 0 0 0.09 0 0 0.797776 -0.125292 0.0323996
400 -18967.5 -19203.4 235.891 0 0 0 0 0.09 0 0 0.798924 -0.12506 0.0323068
401 -18969.3 -19203.4 234.041 0 0 0 0 0.09 0 0 0.800069 -0.124828 0.0322138
402 -18971.2 -19203.4 232.156 0 0 0 0 0.09 0 0 0.80121 -0.124597 0.0321207
403 -18973.1 -19203.4 230.299 0 0 0 0 0.09 0 0 0.802348 -0.124367 0.0320276
404 -18975 -19203.4 228.375 0 0 0 0 0.09 0 0 0.803482 -0.124137 0.0319344
405 -18976.9 -19203.4 226.455 0 0 0 0 0.09 0 0 0.804612 -0.123907 0.0318411
406 -18978.8 -19203.4 224.572 0 0 0 0 0.09 0 0 0.805739 -0.123678 0.0317478
407 -18980.8 -19203.4 222.611 0 0 0 0 0.09 0 0 0.806862 -0.123449 0.0316545
408 -18982.7 -19203.4 220.703 0 0 0 0 0.09 0 0 0.807981 -0.12322 0.0315612
409 -18984.7 -19203.4 218.715 0 0 0 0 0.09 0 0 0.809097 -0.122992 0.031468
410 -18986.6 -19203.4 216.738 0 0 0 0 0.09 0 0 0.810209 -0.122764 0.0313749
411 -18988.6 -19203.4 214.795 0 0 0 0 0.09 0 0 0.811317 -0.122537 0.0312818
412 -18990.6 -19203.4 212.814 0 0 0 0 0.09 0 0 0.812422 -0.12231 0.031189
413 -18992.5 -19203.4 210.82 0 0 0 0 0.09 0 0 0.813522 -0.122084 0.0310963
414 -18994.6 -19203.4 208.766 0 0 0 0 0.09 0 0 0.814619 -0.121858 0.0310039
415 -18996.6 -19203.4 206.771 0 0 0 0 0.09 0 0 0.815712 -0.121632 0.0309118
416 -18998.6 -19203.4 204.73 0 0 0 0 0.09 0 0 0.8168 -0.121407 0.0308201
417 -19000.7 -19203.4 202.715 0 0 0 0 0.09 0 0 0.817884 -0.121182 0.0307288
418 -19002.7 -19203.4 200.676 0 0 0 0 0.09 0 0 0.818964 -0.120958 0.030638
419 -19004.8 -19203.4 198.611 0 0 0 0 0.09 0 0 0.820039 -0.120734 0.0305477
420 -19006.8 -19203.4 196.582 0 0 0 0 0.09 0 0 0.82111 -0.12051 0.030458
421 -19008.8 -19203.4 194.545 0 0 0 0 0.09 0 0 0.822176 -0.120288 0.030369
422 -19010.9 -19203.4 192.49 0 0 0 0 0.09 0 0 0.823237 -0.120065 0.0302806
423 -19012.9 -19203.4 190.438 0 0 0 0 0.09 0 0 0.824292 -0.119844 0.0301931
424 -19015 -19203.4 188.389 0 0 0 0 0.09 0 0 0.825342 -0.119623 0.0301063
425 -19017 -19203.4 186.367 0 0 0 0 0.09 0 0 0.826387 -0.119402 0.0300204
426 -19019 -19203.4 184.34 0 0 0 0 0.09 0 0 0.827426 -0.119183 0.0299354
427 -19021 -19203.4 182.354 0 0 0 0 0.09 0 0 0.82846 -0.118964 0.0298514
428 -19023 -19203.4 180.357 0 0 0 0 0.09 0 0 0.829488 -0.118745 0.0297684
429 -19025 -19203.4 178.381 0 0 0 0 0.09 0 0 0.830509 -0.118528 0.0296863
430 -19026.9 -19203.4 176.422 0 0 0 0 0.09 0 0 0.831525 -0.118311 0.0296054
431 -19028.9 -19203.4 174.494 0 0 0 0 0.09 0 0 0.832534 -0.118096 0.0295254
432 -19030.7 -19203.4 172.637 0 0 0 0 0.09 0 0 0.833537 -0.117881 0.0294466
433 -19032.6 -19203.4 170.748 0 0 0 0 0.09 0 0 0.834534 -0.117667 0.0293689
434 -19034.5 -19203.4 168.877 0 0 0 0 0.09 0 0 0.835524 -0.117454 0.0292922
435 -19036.3 -19203.4 167.051 0 0 0 0 0.09 0 0 0.836507 -0.117242 0.0292167
436 -19038.1 -19203.4 165.25 0 0 0 0 0.09 0 0 0.837485 -0.117031 0.0291423
437 -19039.9 -19203.4 163.453 0 0 0 0 0.09 0 0 0.838455 -0.116821 0.0290689
438 -19041.6 -19203.4 161.721 0 0 0 0 0.09 0 0 0.839419 -0.116613 0.0289967
439 -19043.3 -19203.4 160.018 0 0 0 0 0.09 0 0 0.840376 -0.116405 0.0289256
440 -19045 -19203.4 158.348 0 0 0 0 0.09 0 0 0.841327 -0.116198 0.0288555
441 -19046.7 -19203.4 156.689 0 0 0 0 0.09 0 0 0.842271 -0.115992 0.0287866
442 -19048.3 -19203.4 155.047 0 0 0 0 0.09 0 0 0.843209 -0.115788 0.0287186
443 -19049.9 -19203.4 153.434 0 0 0 0 0.09 0 0 0.84414 -0.115584 0.0286517
444 -19051.5 -19203.4 151.873 0 0 0 0 0.09 0 0 0.845064 -0.115382 0.0285858
445 -19053.1 -19203.4 150.305 0 0 0 0 0.09 0 0 0.845982 -0.115181 0.0285209
446 -19054.6 -19203.4 148.795 0 0 0 0 0.09 0 0 0.846893 -0.11498 0.028457
447 -19056 -19203.4 147.318 0 0 0 0 0.09 0 0 0.847798 -0.114781 0.028394
448 -19057.5 -19203.4 145.832 0 0 0 0 0.09 0 0 0.848697 -0.114583 0.0283319
449 -19059 -19203.4 144.398 0 0 0 0 0.09 0 0 0.849589 -0.114386 0.0282708
450 -19060.4 -19203.4 142.973 0 0 0 0 0.09 0 0 0.850475 -0.11419 0.0282105
451 -19061.8 -19203.4 141.58 0 0 0 0 0.09 0 0 0.851354 -0.113995 0.0281511
452 -19063.2 -19203.4 140.211 0 0 0 0 0.09 0 0 0.852228 -0.113801 0.0280925
453 -19064.5 -19203.4 138.873 0 0 0 0 0.09 0 0 0.853095 -0.113608 0.0280347
454 -19065.8 -19203.4 137.561 0 0 0 0 0.09 0 0 0.853956 -0.113417 0.0279778
455 -19067.1 -19203.4 136.271 0 0 0 0 0.09 0 0 0.854811 -0.113226 0.0279216
456 -19068.4 -19203.4 135.016 0 0 0 0 0.09 0 0 0.85566 -0.113036 0.0278661
457 -19069.6 -19203.4 133.754 0 0 0 0 0.09 0 0 0.856503 -0.112847 0.0278114
458 -19070.9 -19203.4 132.516 0 0 0 0 0.09 0 0 0.85734 -0.112659 0.0277574
459 -19072.1 -19203.4 131.303 0 0 0 0 0.09 0 0 0.858172 -0.112472 0.0277041
460 -19073.2 -19203.4 130.125 0 0 0 0 0.09 0 0 0.858997 -0.112286 0.0276514
461 -19074.4 -19203.4 128.955 0 0 0 0 0.09 0 0 0.859817 -0.112101 0.0275994
462 -19075.5 -19203.4 127.828 0 0 0 0 0.09 0 0 0.860631 -0.111917 0.027548
463 -19076.7 -19203.4 126.654 0 0 0 0 0.09 0 0 0.86144 -0.111733 0.0274972
464 -19077.8 -19203.4 125.52 0 0 0 0 0.09 0 0 0.862243 -0.111551 0.027447
465 -19078.9 -19203.4 124.434 0 0 0 0 0.09 0 0 0.863041 -0.111369 0.0273974
466 -19080 -19203.4 123.369 0 0 0 0 0.09 0 0 0.863833 -0.111188 0.0273483
467 -19081.1 -19203.4 122.301 0 0 0 0 0.09 0 0 0.86462 -0.111008 0.0272998
468 -19082.1 -19203.4 121.244 0 0 0 0 0.09 0 0 0.865401 -0.110829 0.0272518
469 -19083.2 -19203.4 120.186 0 0 0 0 0.09 0 0 0.866177 -0.110651 0.0272043
470 -19084.2 -19203.4 119.121 0 0 0 0 0.09 0 0 0.866948 -0.110473 0.0271574
471 -19085.2 -19203.4 118.131 0 0 0 0 0.09 0 0 0.867714 -0.110296 0.0271108
472 -19086.2 -19203.4 117.166 0 0 0 0 0.09 0 0 0.868474 -0.11012 0.0270648
473 -19087.2 -19203.4 116.15 0 0 0 0 0.09 0 0 0.86923 -0.109945 0.0270192
474 -19088.2 -19203.4 115.189 0 0 0 0 0.09 0 0 0.86998 -0.10977 0.0269741
475 -19089.1 -19203.4 114.281 0 0 0 0 0.09 0 0 0.870726 -0.109596 0.0269293
476 -19090.1 -19203.4 113.314 0 0 0 0 0.09 0 0 0.871467 -0.109423 0.026885
477 -19091 -19203.4 112.404 0 0 0 0 0.09 0 0 0.872202 -0.10925 0.0268411
478 -19091.9 -19203.4 111.512 0 0 0 0 0.09 0 0 0.872933 -0.109078 0.0267976
479 -19092.8 -19203.4 110.553 0 0 0 0 0.09 0 0 0.873659 -0.108907 0.0267544
480 -19093.7 -19203.4 109.67 0 0 0 0 0.09 0 0 0.87438 -0.108736 0.0267117
481 -19094.6 -19203.4 108.785 0 0 0 0 0.09 0 0 0.875097 -0.108566 0.0266692
482 -19095.5 -19203.4 107.902 0 0 0 0 0.09 0 0 0.875809 -0.108396 0.0266272
483 -19096.3 -19203.4 107.039 0 0 0 0 0.09 0 0 0.876516 -0.108227 0.0265854
484 -19097.2 -19203.4 106.188 0 0 0 0 0.09 0 0 0.877218 -0.108059 0.026544
485 -19098 -19203.4 105.363 0 0 0 0 0.09 0 0 0.877916 -0.107891 0.0265029
486 -19098.8 -19203.4 104.547 0 0 0 0 0.09 0 0 0.87861 -0.107724 0.0264621
487 -19099.6 -19203.4 103.756 0 0 0 0 0.09 0 0 0.879299 -0.107557 0.0264216
488 -19100.4 -19203.4 102.934 0 0 0 0 0.09 0 0 0.879984 -0.107391 0.0263814
489 -19101.2 -19203.4 102.127 0 0 0 0 0.09 0 0 0.880664 -0.107226 0.0263415
490 -19102 -19203.4 101.34 0 0 0 0 0.09 0 0 0.88134 -0.107061 0.0263019
491 -19102.8 -19203.4 100.557 0 0 0 0 0.09 0 0 0.882011 -0.106896 0.0262625
492 -19103.6 -19203.4 99.7852 0 0 0 0 0.09 0 0 0.882679 -0.106732 0.0262234
493 -19104.4 -19203.4 99.0137 0 0 0 0 0.09 0 0 0.883342 -0.106568 0.0261845
494 -19105.1 -19203.4 98.2344 0 0 0 0 0.09 0 0 0.884 -0.106405 0.0261459
495 -19105.9 -19203.4 97.4492 0 0 0 0 0.09 0 0 0.884655 -0.106242 0.0261075
496 -19106.6 -19203.4 96.7227 0 0 0 0 0.09 0 0 0.885306 -0.10608 0.0260693
497 -19107.3 -19203.4 96.0195 0 0 0 0 0.09 0 0 0.885952 -0.105918 0.0260314
498 -19108.1 -19203.4 95.2949 0 0 0 0 0.09 0 0 0.886594 -0.105757 0.0259937
499 -19108.8 -19203.4 94.5781 0 0 0 0 0.09 0 0 0.887233 -0.105596 0.0259561
500 -19109.5 -19203.4 93.8984 0 0 0 0 0.09 0 0 0.887867 -0.105436 0.0259188
501 -19110.2 -19203.4 93.2031 0 0 0 0 0.09 0 0 0.888497 -0.105276 0.0258817
502 -19110.8 -19203.4 92.5391 0 0 0 0 0.09 0 0 0.889124 -0.105116 0.0258448
503 -19111.5 -19203.4 91.832 0 0 0 0 0.09 0 0 0.889746 -0.104957 0.0258081
504 -19112.2 -19203.4 91.1562 0 0 0 0 0.09 0 0 0.890365 -0.104798 0.0257716
505 -19112.9 -19203.4 90.4805 0 0 0 0 0.09 0 0 0.890979 -0.104639 0.0257352
506 -19113.6 -19203.4 89.7715 0 0 0 0 0.09 0 0 0.89159 -0.104481 0.025699
507 -19114.2 -19203.4 89.1309 0 0 0 0 0.09 0 0 0.892197 -0.104324 0.025663
508 -19114.9 -19203.4 88.4512 0 0 0 0 0.09 0 0 0.892801 -0.104166 0.0256271
509 -19115.5 -19203.4 87.8398 0 0 0 0 0.09 0 0 0.8934 -0.104009 0.0255914
510 -19116.1 -19203.4 87.2344 0 0 0 0 0.09 0 0 0.893996 -0.103853 0.0255559
511 -19116.8 -19203.4 86.584 0 0 0 0 0.09 0 0 0.894588 -0.103697 0.0255205
512 -19117.4 -19203.4 85.9395 0 0 0 0 0.09 0 0 0.895177 -0.103541 0.0254853
513 -19118 -19203.4 85.3359 0 0 0 0 0.09 0 0 0.895762 -0.103385 0.0254501
514 -19118.7 -19203.4 84.6973 0 0 0 0 0.09 0 0 0.896343 -0.10323 0.0254152
515 -19119.2 -19203.4 84.1289 0 0 0 0 0.09 0 0 0.896921 -0.103075 0.0253803
516 -19119.8 -19203.4 83.5449 0 0 0 0 0.09 0 0 0.897495 -0.10292 0.0253456
517 -19120.4 -19203.4 82.9258 0 0 0 0 0.09 0 0 0.898066 -0.102766 0.0253111
518 -19121 -19203.4 82.3242 0 0 0 0 0.09 0 0 0.898633 -0.102612 0.0252766
519 -19121.6 -19203.4 81.7344 0 0 0 0 0.09 0 0 0.899197 -0.102458 0.0252423
520 -19122.2 -19203.4 81.1992 0 0 0 0 0.09 0 0 0.899758 -0.102305 0.025208
521 -19122.7 -19203.4 80.6367 0 0 0 0 0.09 0 0 0.900315 -0.102152 0.0251739
522 -19123.3 -19203.4 80.0469 0 0 0 0 0.09 0 0 0.900868 -0.101999 0.0251399
523 -19123.9 -19203.4 79.5 0 0 0 0 0.09 0 0 0.901419 -0.101847 0.025106
524 -19124.4 -19203.4 78.9316 0 0 0 0 0.09 0 0 0.901965 -0.101695 0.0250722
525 -19125 -19203.4 78.3652 0 0 0 0 0.09 0 0 0.902509 -0.101543 0.0250386
526 -19125.6 -19203.4 77.8125 0 0 0 0 0.09 0 0 0.903049 -0.101391 0.025005
527 -19126.1 -19203.4 77.2656 0 0 0 0 0.09 0 0 0.903587 -0.10124 0.0249715
528 -19126.6 -19203.4 76.7656 0 0 0 0 0.09 0 0 0.90412 -0.101089 0.0249381
529 -19127.1 -19203.4 76.2324 0 0 0 0 0.09 0 0 0.904651 -0.100938 0.0249048
530 -19127.7 -19203.4 75.7109 0 0 0 0 0.09 0 0 0.905178 -0.100788 0.0248715
531 -19128.2 -19203.4 75.1465 0 0 0 0 0.09 0 0 0.905703 -0.100637 0.0248384
532 -19128.7 -19203.4 74.625 0 0 0 0 0.09 0 0 0.906224 -0.100487 0.0248053
533 -19129.3 -19203.4 74.0996 0 0 0 0 0.09 0 0 0.906742 -0.100338 0.0247724
534 -19129.8 -19203.4 73.5977 0 0 0 0 0.09 0 0 0.907257 -0.100188 0.0247395
535 -19130.3 -19203.4 73.0918 0 0 0 0 0.09 0 0 0.907769 -0.100039 0.0247067
536 -19130.8 -19203.4 72.6016 0 0 0 0 0.09 0 0 0.908277 -0.0998899 0.0246739
537 -19131.3 -19203.4 72.082 0 0 0 0 0.09 0 0 0.908783 -0.0997411 0.0246412
538 -19131.8 -19203.4 71.6152 0 0 0 0 0.09 0 0 0.909286 -0.0995926 0.0246086
539 -19132.3 -19203.4 71.1113 0 0 0 0 0.09 0 0 0.909786 -0.0994444 0.0245761
540 -19132.7 -19203.4 70.6309 0 0 0 0 0.09 0 0 0.910282 -0.0992964 0.0245437
541 -19133.2 -19203.4 70.1465 0 0 0 0 0.09 0 0 0.910776 -0.0991486 0.0245113
542 -19133.7 -19203.4 69.6699 0 0 0 0 0.09 0 0 0.911267 -0.0990011 0.0244789
543 -19134.2 -19203.4 69.2031 0 0 0 0 0.09 0 0 0.911755 -0.0988537 0.0244466
544 -19134.6 -19203.4 68.7539 0 0 0 0 0.09 0 0 0.91224 -0.0987067 0.0244144
545 -19135.1 -19203.4 68.3047 0 0 0 0 0.09 0 0 0.912722 -0.0985598 0.0243823
546 -19135.5 -19203.4 67.8672 0 0 0 0 0.09 0 0 0.913201 -0.0984132 0.0243502
547 -19135.9 -19203.4 67.4219 0 0 0 0 0.09 0 0 0.913678 -0.0982668 0.0243181
548 -19136.4 -19203.4 66.9355 0 0 0 0 0.09 0 0 0.914152 -0.0981206 0.0242861
549 -19136.9 -19203.4 66.4941 0 0 0 0 0.09 0 0 0.914623 -0.0979746 0.0242542
550 -19137.3 -19203.4 66.0254 0 0 0 0 0.09 0 0 0.915091 -0.0978288 0.0242223
551 -19137.8 -19203.4 65.584 0 0 0 0 0.09 0 0 0.915556 -0.0976833 0.0241905
552 -19138.2 -19203.4 65.1562 0 0 0 0 0.09 0 0 0.916019 -0.0975379 0.0241587
553 -19138.6 -19203.4 64.7188 0 0 0 0 0.09 0 0 0.916479 -0.0973928 0.024127
554 -19139.1 -19203.4 64.2891 0 0 0 0 0.09 0 0 0.916936 -0.0972479 0.0240953
555 -19139.5 -19203.4 63.8672 0 0 0 0 0.09 0 0 0.91739 -0.0971032 0.0240636
556 -19139.9 -19203.4 63.4355 0 0 0 0 0.09 0 0 0.917842 -0.0969587 0.024032
557 -19140.4 -19203.4 62.9863 0 0 0 0 0.09 0 0 0.918291 -0.0968144 0.0240005
558 -19140.8 -19203.4 62.5586 0 0 0 0 0.09 0 0 0.918738 -0.0966703 0.0239689
559 -19141.2 -19203.4 62.1641 0 0 0 0 0.09 0 0 0.919182 -0.0965264 0.0239375
560 -19141.6 -19203.4 61.75 0 0 0 0 0.09 0 0 0.919623 -0.0963827 0.023906
561 -19142 -19203.4 61.3691 0 0 0 0 0.09 0 0 0.920062 -0.0962392 0.0238746
562 -19142.4 -19203.4 60.957 0 0 0 0 0.09 0 0 0.920498 -0.0960959 0.0238433
563 -19142.8 -19203.4 60.5605 0 0 0 0 0.09 0 0 0.920932 -0.0959528 0.0238119
564 -19143.2 -19203.4 60.1602 0 0 0 0 0.09 0 0 0.921363 -0.0958099 0.0237807
565 -19143.6 -19203.4 59.7832 0 0 0 0 0.09 0 0 0.921792 -0.0956672 0.0237494
566 -19144 -19203.4 59.3945 0 0 0 0 0.09 0 0 0.922218 -0.0955246 0.0237182
567 -19144.4 -19203.4 59.0059 0 0 0 0 0.09 0 0 0.922642 -0.0953823 0.023687
568 -19144.7 -19203.4 58.6328 0 0 0 0 0.09 0 0 0.923063 -0.0952402 0.0236559
569 -19145.1 -19203.4 58.2637 0 0 0 0 0.09 0 0 0.923482 -0.0950982 0.0236247
570 -19145.5 -19203.4 57.8457 0 0 0 0 0.09 0 0 0.923898 -0.0949564 0.0235937
571 -19145.9 -19203.4 57.4844 0 0 0 0 0.09 0 0 0.924312 -0.0948149 0.0235626
572 -19146.3 -19203.4 57.1035 0 0 0 0 0.09 0 0 0.924723 -0.0946735 0.0235316
573 -19146.6 -19203.4 56.7422 0 0 0 0 0.09 0 0 0.925132 -0.0945322 0.0235006
574 -19147 -19203.4 56.375 0 0 0 0 0.09 0 0 0.925539 -0.0943912 0.0234696
575 -19147.4 -19203.4 55.9941 0 0 0 0 0.09 0 0 0.925944 -0.0942504 0.0234387
576 -19147.7 -19203.4 55.6348 0 0 0 0 0.09 0 0 0.926346 -0.0941097 0.0234078
577 -19148.1 -19203.4 55.2832 0 0 0 0 0.09 0 0 0.926745 -0.0939692 0.0233769
578 -19148.4 -19203.4 54.9238 0 0 0 0 0.09 0 0 0.927143 -0.0938289 0.023346
579 -19148.8 -19203.4 54.5723 0 0 0 0 0.09 0 0 0.927538 -0.0936888 0.0233152
580 -19149.1 -19203.4 54.2285 0 0 0 0 0.09 0 0 0.927931 -0.0935488 0.0232844
581 -19149.5 -19203.4 53.8828 0 0 0 0 0.09 0 0 0.928322 -0.093409 0.0232536
582 -19149.8 -19203.4 53.5391 0 0 0 0 0.09 0 0 0.92871 -0.0932694 0.0232229
583 -19150.2 -19203.4 53.1934 0 0 0 0 0.09 0 0 0.929096 -0.09313 0.0231922
584 -19150.5 -19203.4 52.8633 0 0 0 0 0.09 0 0 0.92948 -0.0929908 0.0231615
585 -19150.9 -19203.4 52.502 0 0 0 0 0.09 0 0 0.929862 -0.0928517 0.0231308
586 -19151.2 -19203.4 52.1699 0 0 0 0 0.09 0 0 0.930241 -0.0927128 0.0231001
587 -19151.6 -19203.4 51.8145 0 0 0 0 0.09 0 0 0.930618 -0.0925741 0.0230695
588 -19151.9 -19203.4 51.4863 0 0 0 0 0.09 0 0 0.930994 -0.0924355 0.0230389
589 -19152.2 -19203.4 51.1797 0 0 0 0 0.09 0 0 0.931367 -0.0922972 0.0230083
590 -19152.5 -19203.4 50.8496 0 0 0 0 0.09 0 0 0.931737 -0.092159 0.0229777
591 -19152.8 -19203.4 50.5234 0 0 0 0 0.09 0 0 0.932106 -0.0920209 0.0229472
592 -19153.2 -19203.4 50.207 0 0 0 0 0.09 0 0 0.932473 -0.0918831 0.0229166
593 -19153.5 -19203.4 49.8945 0 0 0 0 0.09 0 0 0.932837 -0.0917454 0.0228861
594 -19153.8 -19203.4 49.5859 0 0 0 0 0.09 0 0 0.9332 -0.0916078 0.0228557
595 -19154.1 -19203.4 49.2695 0 0 0 0 0.09 0 0 0.93356 -0.0914705 0.0228252
596 -19154.4 -19203.4 48.9277 0 0 0 0 0.09 0 0 0.933918 -0.0913333 0.0227948
597 -19154.8 -19203.4 48.6152 0 0 0 0 0.09 0 0 0.934275 -0.0911963 0.0227643
598 -19155.1 -19203.4 48.3105 0 0 0 0 0.09 0 0 0.934629 -0.0910594 0.0227339
599 -19155.3 -19203.4 48.0273 0 0 0 0 0.09 0 0 0.934981 -0.0909227 0.0227035
600 -19155.6 -19203.4 47.7207 0 0 0 0 0.09 0 0 0.935331 -0.0907862 0.0226732
601 -19156 -19203.4 47.4141 0 0 0 0 0.09 0 0 0.93568 -0.0906498 0.0226428
602 -19156.3 -19203.4 47.1016 0 0 0 0 0.09 0 0 0.936026 -0.0905136 0.0226125
603 -19156.5 -19203.4 46.8203 0 0 0 0 0.09 0 0 0.93637 -0.0903776 0.0225822
604 -19156.8 -19203.4 46.5176 0 0 0 0 0.09 0 0 0.936712 -0.0902418 0.0225519
605 -19157.1 -19203.4 46.2227 0 0 0 0 0.09 0 0 0.937053 -0.0901061 0.0225216
606 -19157.4 -19203.4 45.9453 0 0 0 0 0.09 0 0 0.937391 -0.0899705 0.0224914
607 -19157.7 -19203.4 45.6426 0 0 0 0 0.09 0 0 0.937728 -0.0898352 0.0224611
608 -19158 -19203.4 45.3613 0 0 0 0 0.09 0 0 0.938062 -0.0897 0.0224309
609 -19158.3 -19203.4 45.0918 0 0 0 0 0.09 0 0 0.938395 -0.0895649 0.0224007
610 -19158.5 -19203.4 44.8262 0 0 0 0 0.09 0 0 0.938726 -0.08943 0.0223705
611 -19158.8 -19203.4 44.543 0 0 0 0 0.09 0 0 0.939055 -0.0892953 0.0223404
612 -19159.1 -19203.4 44.291 0 0 0 0 0.09 0 0 0.939382 -0.0891608 0.0223102
613 -19159.4 -19203.4 43.9805 0 0 0 0 0.09 0 0 0.939707 -0.0890264 0.0222801
614 -19159.7 -19203.4 43.6992 0 0 0 0 0.09 0 0 0.94003 -0.0888921 0.02225
615 -19159.9 -19203.4 43.4395 0 0 0 0 0.09 0 0 0.940352 -0.0887581 0.0222199
616 -19160.2 -19203.4 43.1406 0 0 0 0 0.09 0 0 0.940671 -0.0886242 0.0221898
617 -19160.5 -19203.4 42.8672 0 0 0 0 0.09 0 0 0.940989 -0.0884904 0.0221597
618 -19160.8 -19203.4 42.6074 0 0 0 0 0.09 0 0 0.941305 -0.0883568 0.0221297
619 -19161 -19203.4 42.3438 0 0 0 0 0.09 0 0 0.94162 -0.0882234 0.0220996
620 -19161.3 -19203.4 42.0586 0 0 0 0 0.09 0 0 0.941932 -0.0880901 0.0220696
621 -19161.6 -19203.4 41.8145 0 0 0 0 0.09 0 0 0.942243 -0.087957 0.0220396
622 -19161.8 -19203.4 41.5781 0 0 0 0 0.09 0 0 0.942552 -0.0878241 0.0220096
623 -19162 -19203.4 41.332 0 0 0 0 0.09 0 0 0.942859 -0.0876913 0.0219797
624 -19162.3 -19203.4 41.0879 0 0 0 0 0.09 0 0 0.943165 -0.0875586 0.0219497
625 -19162.5 -19203.4 40.834 0 0 0 0 0.09 0 0 0.943469 -0.0874262 0.0219198
626 -19162.8 -19203.4 40.5605 0 0 0 0 0.09 0 0 0.943771 -0.0872939 0.0218899
627 -19163.1 -19203.4 40.3027 0 0 0 0 0.09 0 0 0.944071 -0.0871617 0.02186
628 -19163.3 -19203.4 40.0566 0 0 0 0 0.09 0 0 0.94437 -0.0870297 0.0218301
629 -19163.6 -19203.4 39.8105 0 0 0 0 0.09 0 0 0.944667 -0.0868979 0.0218002
630 -19163.8 -19203.4 39.5586 0 0 0 0 0.09 0 0 0.944962 -0.0867662 0.0217704
631 -19164 -19203.4 39.332 0 0 0 0 0.09 0 0 0.945256 -0.0866347 0.0217405
632 -19164.3 -19203.4 39.0859 0 0 0 0 0.09 0 0 0.945548 -0.0865033 0.0217107
633 -19164.5 -19203.4 38.8613 0 0 0 0 0.09 0 0 0.945839 -0.0863721 0.0216809
634 -19164.7 -19203.4 38.6211 0 0 0 0 0.09 0 0 0.946127 -0.086241 0.0216511
635 -19165 -19203.4 38.3945 0 0 0 0 0.09 0 0 0.946415 -0.0861101 0.0216214
636 -19165.2 -19203.4 38.1641 0 0 0 0 0.09 0 0 0.9467 -0.0859794 0.0215916
637 -19165.5 -19203.4 37.9004 0 0 0 0 0.09 0 0 0.946984 -0.0858488 0.0215619
638 -19165.7 -19203.4 37.6875 0 0 0 0 0.09 0 0 0.947267 -0.0857184 0.0215322
639 -19165.9 -19203.4 37.4395 0 0 0 0 0.09 0 0 0.947547 -0.0855882 0.0215025
640 -19166.2 -19203.4 37.2051 0 0 0 0 0.09 0 0 0.947827 -0.085458 0.0214728
641 -19166.4 -19203.4 36.9961 0 0 0 0 0.09 0 0 0.948104 -0.0853281 0.0214431
642 -19166.6 -19203.4 36.7617 0 0 0 0 0.09 0 0 0.94838 -0.0851983 0.0214135
643 -19166.8 -19203.4 36.5273 0 0 0 0 0.09 0 0 0.948655 -0.0850687 0.0213838
644 -19167.1 -19203.4 36.3066 0 0 0 0 0.09 0 0 0.948928 -0.0849392 0.0213542
645 -19167.3 -19203.4 36.0625 0 0 0 0 0.09 0 0 0.949199 -0.0848099 0.0213246
646 -19167.5 -19203.4 35.8203 0 0 0 0 0.09 0 0 0.949469 -0.0846807 0.021295
647 -19167.8 -19203.4 35.6172 0 0 0 0 0.09 0 0 0.949738 -0.0845517 0.0212654
648 -19168 -19203.4 35.4141 0 0 0 0 0.09 0 0 0.950005 -0.0844228 0.0212359
649 -19168.2 -19203.4 35.1973 0 0 0 0 0.09 0 0 0.95027 -0.0842941 0.0212063
650 -19168.4 -19203.4 34.9824 0 0 0 0 0.09 0 0 0.950534 -0.0841656 0.0211768
651 -19168.6 -19203.4 34.7754 0 0 0 0 0.09 0 0 0.950797 -0.0840372 0.0211473
652 -19168.8 -19203.4 34.5645 0 0 0 0 0.09 0 0 0.951058 -0.0839089 0.0211178
653 -19169 -19203.4 34.373 0 0 0 0 0.09 0 0 0.951318 -0.0837809 0.0210884
654 -19169.2 -19203.4 34.1641 0 0 0 0 0.09 0 0 0.951576 -0.0836529 0.0210589
655 -19169.4 -19203.4 33.9551 0 0 0 0 0.09 0 0 0.951832 -0.0835252 0.0210295
656 -19169.6 -19203.4 33.7676 0 0 0 0 0.09 0 0 0.952088 -0.0833975 0.0210001
657 -19169.8 -19203.4 33.5664 0 0 0 0 0.09 0 0 0.952342 -0.0832701 0.0209707
658 -19170 -19203.4 33.3633 0 0 0 0 0.09 0 0 0.952594 -0.0831428 0.0209413
659 -19170.2 -19203.4 33.1582 0 0 0 0 0.09 0 0 0.952845 -0.0830156 0.0209119
660 -19170.4 -19203.4 32.9648 0 0 0 0 0.09 0 0 0.953095 -0.0828886 0.0208826
661 -19170.6 -19203.4 32.7539 0 0 0 0 0.09 0 0 0.953343 -0.0827618 0.0208532
662 -19170.8 -19203.4 32.5527 0 0 0 0 0.09 0 0 0.95359 -0.0826351 0.0208239
663 -19171 -19203.4 32.3438 0 0 0 0 0.09 0 0 0.953836 -0.0825086 0.0207946
664 -19171.2 -19203.4 32.1367 0 0 0 0 0.09 0 0 0.95408 -0.0823822 0.0207654
665 -19171.4 -19203.4 31.9551 0 0 0 0 0.09 0 0 0.954323 -0.082256 0.0207361
666 -19171.6 -19203.4 31.748 0 0 0 0 0.09 0 0 0.954564 -0.0821299 0.0207069
667 -19171.8 -19203.4 31.5547 0 0 0 0 0.09 0 0 0.954804 -0.082004 0.0206777
668 -19172 -19203.4 31.3418 0 0 0 0 0.09 0 0 0.955043 -0.0818783 0.0206485
669 -19172.2 -19203.4 31.1758 0 0 0 0 0.09 0 0 0.95528 -0.0817527 0.0206193
