# Iteration Energy MinEnergy Delta temp realtemp dtheta realdtheta MagneticFieldX Y Z MagnetizationX Y Z
1 -1575.79 -46236 44660.2 0.11 0.110027 0.331662 0.331704 0.08 0 0 0.00542792 -0.00901991 -0.00165528
2 -2720.44 -46236 43515.5 0.11 0.11001 0.331662 0.331677 0.08 0 0 0.00822337 -0.0104523 -0.00560069
3 -3617.53 -46236 42618.4 0.11 0.11001 0.331662 0.331677 0.08 0 0 0.00842287 -0.0125236 -0.00492111
4 -4418.27 -46236 41817.7 0.11 0.109997 0.331662 0.331658 0.08 0 0 0.00920269 -0.0157753 -0.00704435
5 -5040.94 -46236 41195 0.11 0.110007 0.331662 0.331674 0.08 0 0 0.0119017 -0.0164396 -0.00537756
6 -5552.65 -46236 40683.3 0.11 0.110006 0.331662 0.331671 0.08 0 0 0.0118202 -0.0173937 -0.00407659
7 -6078.63 -46236 40157.4 0.11 0.109993 0.331662 0.331652 0.08 0 0 0.01349 -0.0184291 -0.00382577
8 -6546.07 -46236 39689.9 0.11 0.109994 0.331662 0.331654 0.08 0 0 0.0151469 -0.0222951 -0.000996762
9 -7055.67 -46236 39180.3 0.11 0.109985 0.331662 0.33164 0.08 0 0 0.0135866 -0.0208016 0.00105302
10 -7421.34 -46236 38814.6 0.11 0.110006 0.331662 0.331671 0.08 0 0 0.0149681 -0.0203712 -0.000747011
11 -7724.99 -46236 38511 0.11 0.109994 0.331662 0.331654 0.08 0 0 0.0154184 -0.0205857 -0.00041606
12 -8154.35 -46236 38081.6 0.11 0.109987 0.331662 0.331643 0.08 0 0 0.0181957 -0.021777 0.00171975
13 -8346.72 -46236 37889.3 0.11 0.110002 0.331662 0.331666 0.08 0 0 0.0189028 -0.0226114 0.00380987
14 -8617.62 -46236 37618.4 0.11 0.109975 0.331662 0.331625 0.08 0 0 0.0222184 -0.0222466 0.00483824
15 -8926.49 -46236 37309.5 0.11 0.109989 0.331662 0.331646 0.08 0 0 0.0248111 -0.0227017 0.00862258
16 -9190.98 -46236 37045 0.11 0.110012 0.331662 0.33168 0.08 0 0 0.0269866 -0.0218866 0.0102232
17 -9457.19 -46236 36778.8 0.11 0.109965 0.331662 0.33161 0.08 0 0 0.0328058 -0.0208312 0.0128064
18 -9629.43 -46236 36606.6 0.11 0.109974 0.331662 0.331624 0.08 0 0 0.0327246 -0.0193328 0.0141515
19 -9914.18 -46236 36321.8 0.11 0.110004 0.331662 0.331668 0.08 0 0 0.0347598 -0.0233984 0.0149921
20 -10029.5 -46236 36206.4 0.11 0.109993 0.331662 0.331652 0.08 0 0 0.0376942 -0.0263679 0.0140966
21 -10151.8 -46236 36084.2 0.11 0.110022 0.331662 0.331695 0.08 0 0 0.0414094 -0.0253312 0.0134784
22 -10286.3 -46236 35949.7 0.11 0.109988 0.331662 0.331645 0.08 0 0 0.0464588 -0.0232564 0.0140089
23 -10444.9 -46236 35791.1 0.11 0.110021 0.331662 0.331694 0.08 0 0 0.0487256 -0.0242562 0.012933
24 -10629.9 -46236 35606 0.11 0.109991 0.331662 0.331649 0.08 0 0 0.0527318 -0.0235064 0.0170707
25 -10815.1 -46236 35420.9 0.11 0.109994 0.331662 0.331654 0.08 0 0 0.0532977 -0.024263 0.0169634
26 -10885.6 -46236 35350.4 0.11 0.109983 0.331662 0.331637 0.08 0 0 0.0531322 -0.0227967 0.0193718
27 -11140.2 -46236 35095.8 0.11 0.110007 0.331662 0.331673 0.08 0 0 0.0554868 -0.0240125 0.0171039
28 -11407.9 -46236 34828.1 0.11 0.109998 0.331662 0.33166 0.08 0 0 0.0575923 -0.021964 0.018366
29 -11538.3 -46236 34697.6 0.11 0.110005 0.331662 0.33167 0.08 0 0 0.0593888 -0.020411 0.0213555
30 -11761.1 -46236 34474.9 0.11 0.109997 0.331662 0.331657 0.08 0 0 0.0643773 -0.021149 0.0203957
31 -11873.6 -46236 34362.4 0.11 0.10999 0.331662 0.331647 0.08 0 0 0.0639718 -0.0259474 0.022024
32 -11993.1 -46236 34242.9 0.11 0.110012 0.331662 0.33168 0.08 0 0 0.0686233 -0.0235627 0.0232911
33 -12023 -46236 34213 0.11 0.110029 0.331662 0.331706 0.08 0 0 0.0677887 -0.0241698 0.0234427
34 -12154.3 -46236 34081.7 0.11 0.109996 0.331662 0.331656 0.08 0 0 0.0671817 -0.0242062 0.0248563
35 -12391.1 -46236 33844.9 0.11 0.110015 0.331662 0.331685 0.08 0 0 0.0686633 -0.0254384 0.0255407
36 -12413.9 -46236 33822 0.11 0.10999 0.331662 0.331647 0.08 0 0 0.0723936 -0.0274448 0.0256749
37 -12546 -46236 33689.9 0.11 0.109995 0.331662 0.331655 0.08 0 0 0.076766 -0.0286543 0.0236794
38 -12719.4 -46236 33516.6 0.11 0.10997 0.331662 0.331618 0.08 0 0 0.0782776 -0.0312825 0.0248519
39 -12846.9 -46236 33389 0.11 0.109971 0.331662 0.331619 0.08 0 0 0.0830665 -0.0311277 0.024782
40 -13133 -46236 33103 0.11 0.110024 0.331662 0.331698 0.08 0 0 0.0829488 -0.0312577 0.0276984
41 -13262.6 -46236 32973.3 0.11 0.110006 0.331662 0.331672 0.08 0 0 0.0863596 -0.0306161 0.0266946
42 -13301.8 -46236 32934.2 0.11 0.110007 0.331662 0.331673 0.08 0 0 0.0890369 -0.0310596 0.02681
43 -13277.3 -46236 32958.7 0.11 0.109987 0.331662 0.331643 0.08 0 0 0.0912281 -0.0299286 0.0261102
44 -13384.8 -46236 32851.2 0.11 0.109999 0.331662 0.33166 0.08 0 0 0.0909152 -0.0243189 0.0247264
45 -13641.9 -46236 32594.1 0.11 0.110007 0.331662 0.331673 0.08 0 0 0.0919034 -0.025393 0.0205478
46 -13863.5 -46236 32372.5 0.11 0.109978 0.331662 0.33163 0.08 0 0 0.0929286 -0.0235747 0.01811
47 -13974.7 -46236 32261.2 0.11 0.109997 0.331662 0.331658 0.08 0 0 0.0930193 -0.0231621 0.0175729
48 -14061.2 -46236 32174.8 0.11 0.109986 0.331662 0.331641 0.08 0 0 0.0925913 -0.0246425 0.0157273
49 -14009 -46236 32226.9 0.11 0.110013 0.331662 0.331682 0.08 0 0 0.0938469 -0.0243553 0.0167916
50 -14213.1 -46236 32022.9 0.11 0.110024 0.331662 0.331698 0.08 0 0 0.0980602 -0.0257536 0.0169683
51 -14325.8 -46236 31910.2 0.11 0.11 0.331662 0.331662 0.08 0 0 0.0984326 -0.0216286 0.0152275
52 -14369.9 -46236 31866.1 0.11 0.109987 0.331662 0.331642 0.08 0 0 0.101324 -0.0235681 0.0168537
53 -14434.4 -46236 31801.6 0.11 0.110004 0.331662 0.331668 0.08 0 0 0.105196 -0.0247683 0.0181485
54 -14454.9 -46236 31781.1 0.11 0.109989 0.331662 0.331646 0.08 0 0 0.105123 -0.0249087 0.0208949
55 -14575.2 -46236 31660.8 0.11 0.109992 0.331662 0.33165 0.08 0 0 0.104982 -0.0284397 0.0211457
56 -14591.6 -46236 31644.4 0.11 0.110006 0.331662 0.331672 0.08 0 0 0.10798 -0.0281919 0.0205327
57 -14710.1 -46236 31525.9 0.11 0.109991 0.331662 0.331649 0.08 0 0 0.107886 -0.0293327 0.0199465
58 -14859.7 -46236 31376.3 0.11 0.110021 0.331662 0.331694 0.08 0 0 0.112463 -0.0311653 0.0179903
59 -14872.1 -46236 31363.8 0.11 0.110005 0.331662 0.33167 0.08 0 0 0.112039 -0.0288154 0.0175615
60 -14922.9 -46236 31313.1 0.11 0.10998 0.331662 0.331632 0.08 0 0 0.114386 -0.0277207 0.018038
61 -14983.3 -46236 31252.7 0.11 0.109986 0.331662 0.331641 0.08 0 0 0.11457 -0.0272075 0.0128952
62 -15052.3 -46236 31183.7 0.11 0.10999 0.331662 0.331648 0.08 0 0 0.116779 -0.0254311 0.0157277
63 -15227.2 -46236 31008.8 0.11 0.110006 0.331662 0.331671 0.08 0 0 0.118384 -0.0245766 0.0145147
64 -15167.4 -46236 31068.6 0.11 0.110003 0.331662 0.331668 0.08 0 0 0.118233 -0.027311 0.0184411
65 -15153.2 -46236 31082.8 0.11 0.110005 0.331662 0.33167 0.08 0 0 0.118942 -0.0303509 0.0186083
66 -15282.9 -46236 30953.1 0.11 0.109982 0.331662 0.331636 0.08 0 0 0.116216 -0.0301077 0.0143583
67 -15337.2 -46236 30898.8 0.11 0.109997 0.331662 0.331658 0.08 0 0 0.118057 -0.0288946 0.0158856
68 -15267.9 -46236 30968.1 0.11 0.110014 0.331662 0.331683 0.08 0 0 0.117425 -0.0261584 0.0159284
69 -15517.8 -46236 30718.1 0.11 0.110016 0.331662 0.331687 0.08 0 0 0.120794 -0.029277 0.0191601
70 -15577.9 -46236 30658.1 0.11 0.110007 0.331662 0.331673 0.08 0 0 0.123221 -0.0281039 0.0196907
71 -15681.8 -46236 30554.2 0.11 0.110001 0.331662 0.331665 0.08 0 0 0.124872 -0.0303448 0.0216078
72 -15791.3 -46236 30444.7 0.11 0.109995 0.331662 0.331655 0.08 0 0 0.125579 -0.0343444 0.0281166
73 -16079.9 -46236 30156.1 0.11 0.109972 0.331662 0.33162 0.08 0 0 0.129864 -0.0358679 0.0260143
74 -16097.5 -46236 30138.5 0.11 0.109985 0.331662 0.33164 0.08 0 0 0.133846 -0.0353546 0.0269477
75 -16032 -46236 30204 0.11 0.110001 0.331662 0.331664 0.08 0 0 0.136655 -0.0326581 0.0259038
76 -16085.5 -46236 30150.4 0.11 0.110023 0.331662 0.331698 0.08 0 0 0.136556 -0.0294557 0.0231623
77 -16087.6 -46236 30148.4 0.11 0.110022 0.331662 0.331696 0.08 0 0 0.132574 -0.0288368 0.024974
78 -16160.4 -46236 30075.6 0.11 0.109986 0.331662 0.331641 0.08 0 0 0.133676 -0.0323106 0.0203478
79 -16201.6 -46236 30034.4 0.11 0.110013 0.331662 0.331682 0.08 0 0 0.133583 -0.0342293 0.0245316
80 -16212.3 -46236 30023.7 0.11 0.109989 0.331662 0.331645 0.08 0 0 0.136277 -0.0329984 0.0200011
81 -16215.7 -46236 30020.3 0.11 0.109992 0.331662 0.331651 0.08 0 0 0.137789 -0.0347725 0.0205016
82 -16111.1 -46236 30124.9 0.11 0.110021 0.331662 0.331695 0.08 0 0 0.136652 -0.0333338 0.0195689
83 -16217.2 -46236 30018.8 0.11 0.109985 0.331662 0.33164 0.08 0 0 0.139656 -0.036448 0.019057
84 -16174.4 -46236 30061.6 0.11 0.110016 0.331662 0.331687 0.08 0 0 0.137478 -0.0366957 0.0171021
85 -16157.7 -46236 30078.3 0.11 0.110007 0.331662 0.331673 0.08 0 0 0.139858 -0.0332063 0.0170327
86 -16172.5 -46236 30063.5 0.11 0.110003 0.331662 0.331666 0.08 0 0 0.140425 -0.0312344 0.0188609
87 -16232.5 -46236 30003.4 0.11 0.110013 0.331662 0.331682 0.08 0 0 0.144546 -0.0289563 0.0172757
88 -16282.4 -46236 29953.6 0.11 0.110002 0.331662 0.331666 0.08 0 0 0.147159 -0.0277409 0.0180366
89 -16237.8 -46236 29998.2 0.11 0.110001 0.331662 0.331664 0.08 0 0 0.147832 -0.0273709 0.0208698
90 -16271.7 -46236 29964.3 0.11 0.109983 0.331662 0.331637 0.08 0 0 0.148662 -0.0227292 0.0209168
91 -16247.1 -46236 29988.9 0.11 0.109997 0.331662 0.331659 0.08 0 0 0.150946 -0.0255396 0.0225438
92 -16322.6 -46236 29913.4 0.11 0.109998 0.331662 0.33166 0.08 0 0 0.154908 -0.0293682 0.0260213
93 -16368.8 -46236 29867.2 0.11 0.109982 0.331662 0.331636 0.08 0 0 0.156376 -0.029142 0.0250705
94 -16285.3 -46236 29950.7 0.11 0.110009 0.331662 0.331677 0.08 0 0 0.153312 -0.0329578 0.0271453
95 -16274 -46236 29962 0.11 0.110012 0.331662 0.33168 0.08 0 0 0.157285 -0.0334726 0.0248801
96 -16359.1 -46236 29876.9 0.11 0.109993 0.331662 0.331652 0.08 0 0 0.162583 -0.0337049 0.0254222
97 -16447.1 -46236 29788.9 0.11 0.109983 0.331662 0.331637 0.08 0 0 0.165634 -0.0343108 0.020491
98 -16533.4 -46236 29702.6 0.11 0.110027 0.331662 0.331703 0.08 0 0 0.163515 -0.0368516 0.0185123
99 -16469 -46236 29767 0.11 0.109979 0.331662 0.331631 0.08 0 0 0.163486 -0.0360646 0.0156694
100 -16409.8 -46236 29826.2 0.11 0.109995 0.331662 0.331656 0.08 0 0 0.165859 -0.039082 0.0132483
101 -16595.6 -46236 29640.4 0.11 0.109971 0.331662 0.331619 0.08 0 0 0.167976 -0.0437884 0.0136262
102 -16711.9 -46236 29524.1 0.11 0.110019 0.331662 0.33169 0.08 0 0 0.169288 -0.0461027 0.0143257
103 -16646.4 -46236 29589.6 0.11 0.110008 0.331662 0.331674 0.08 0 0 0.165586 -0.0429244 0.0156067
104 -16626.3 -46236 29609.6 0.11 0.110008 0.331662 0.331674 0.08 0 0 0.165281 -0.043762 0.0143245
105 -16836.5 -46236 29399.4 0.11 0.109995 0.331662 0.331654 0.08 0 0 0.167501 -0.0451271 0.0155073
106 -16898.5 -46236 29337.5 0.11 0.109994 0.331662 0.331654 0.08 0 0 0.170144 -0.0442002 0.017604
107 -16964.4 -46236 29271.6 0.11 0.110012 0.331662 0.33168 0.08 0 0 0.169859 -0.0441536 0.0141543
108 -16912.3 -46236 29323.6 0.11 0.10998 0.331662 0.331632 0.08 0 0 0.172625 -0.0400132 0.0160256
109 -17063.3 -46236 29172.7 0.11 0.110007 0.331662 0.331674 0.08 0 0 0.174486 -0.0386948 0.0189828
110 -17163.9 -46236 29072.1 0.11 0.109995 0.331662 0.331655 0.08 0 0 0.174676 -0.0411802 0.0224345
111 -17234.3 -46236 29001.7 0.11 0.109973 0.331662 0.331621 0.08 0 0 0.175741 -0.041548 0.0210694
112 -17153 -46236 29082.9 0.11 0.110017 0.331662 0.331688 0.08 0 0 0.174668 -0.0462911 0.0211264
113 -17071.3 -46236 29164.7 0.11 0.110006 0.331662 0.331671 0.08 0 0 0.175604 -0.0454499 0.0205267
114 -17124.8 -46236 29111.2 0.11 0.110021 0.331662 0.331694 0.08 0 0 0.177619 -0.0441312 0.0204958
115 -17118.4 -46236 29117.5 0.11 0.110042 0.331662 0.331726 0.08 0 0 0.17661 -0.0390277 0.0218742
116 -17183.5 -46236 29052.5 0.11 0.110001 0.331662 0.331664 0.08 0 0 0.175691 -0.0373642 0.026781
117 -17272 -46236 28964 0.11 0.10998 0.331662 0.331632 0.08 0 0 0.174161 -0.0331206 0.0243444
118 -17180.8 -46236 29055.2 0.11 0.109992 0.331662 0.331651 0.08 0 0 0.173987 -0.0322185 0.0239301
119 -17203 -46236 29033 0.11 0.110018 0.331662 0.33169 0.08 0 0 0.173161 -0.0391873 0.030345
120 -17172.1 -46236 29063.9 0.11 0.110019 0.331662 0.331692 0.08 0 0 0.173527 -0.0394036 0.0291282
121 -17232.5 -46236 29003.5 0.11 0.10998 0.331662 0.331632 0.08 0 0 0.17651 -0.036434 0.0300555
122 -17433.8 -46236 28802.2 0.11 0.110007 0.331662 0.331673 0.08 0 0 0.184533 -0.0391131 0.0267398
123 -17298.9 -46236 28937.1 0.11 0.109992 0.331662 0.33165 0.08 0 0 0.185938 -0.038771 0.0249328
124 -17262.2 -46236 28973.8 0.11 0.11001 0.331662 0.331677 0.08 0 0 0.188289 -0.0413163 0.0238895
125 -17338.8 -46236 28897.2 0.11 0.110035 0.331662 0.331715 0.08 0 0 0.19272 -0.0389709 0.0261256
126 -17348.8 -46236 28887.2 0.11 0.109958 0.331662 0.331599 0.08 0 0 0.192809 -0.0393281 0.0277281
127 -17242.7 -46236 28993.3 0.11 0.110007 0.331662 0.331673 0.08 0 0 0.193122 -0.0381636 0.0287157
128 -17426 -46236 28810 0.11 0.110002 0.331662 0.331666 0.08 0 0 0.197508 -0.0378047 0.0268459
129 -17385.8 -46236 28850.2 0.11 0.110008 0.331662 0.331674 0.08 0 0 0.19734 -0.0360539 0.0276997
130 -17243.3 -46236 28992.7 0.11 0.110012 0.331662 0.331681 0.08 0 0 0.197308 -0.0401148 0.0284272
131 -17279.1 -46236 28956.9 0.11 0.109982 0.331662 0.331636 0.08 0 0 0.195875 -0.041539 0.0269611
132 -17461.3 -46236 28774.7 0.11 0.110006 0.331662 0.331671 0.08 0 0 0.196016 -0.0392758 0.0265263
133 -17509.7 -46236 28726.3 0.11 0.110024 0.331662 0.331699 0.08 0 0 0.19589 -0.0388496 0.02558
134 -17471 -46236 28764.9 0.11 0.109974 0.331662 0.331623 0.08 0 0 0.197899 -0.0404458 0.0266355
135 -17456.5 -46236 28779.5 0.11 0.110031 0.331662 0.331709 0.08 0 0 0.196354 -0.0388555 0.0271538
136 -17591.1 -46236 28644.9 0.11 0.110009 0.331662 0.331675 0.08 0 0 0.193267 -0.0407666 0.0271545
137 -17705.1 -46236 28530.9 0.11 0.10998 0.331662 0.331632 0.08 0 0 0.196074 -0.0401714 0.028503
138 -17620.6 -46236 28615.3 0.11 0.109976 0.331662 0.331627 0.08 0 0 0.196285 -0.0385166 0.0303268
139 -17653.9 -46236 28582 0.11 0.109993 0.331662 0.331652 0.08 0 0 0.198021 -0.0406947 0.0298313
140 -17759.5 -46236 28476.5 0.11 0.110006 0.331662 0.331671 0.08 0 0 0.199186 -0.0421467 0.0350234
141 -17830.4 -46236 28405.6 0.11 0.109984 0.331662 0.331639 0.08 0 0 0.204335 -0.0399757 0.0356303
142 -17760.3 -46236 28475.7 0.11 0.110018 0.331662 0.33169 0.08 0 0 0.204759 -0.0367224 0.0378624
143 -17773.8 -46236 28462.2 0.11 0.110033 0.331662 0.331712 0.08 0 0 0.206286 -0.0407311 0.0352015
144 -17813.5 -46236 28422.4 0.11 0.11002 0.331662 0.331693 0.08 0 0 0.209754 -0.041611 0.03565
145 -17897.1 -46236 28338.9 0.11 0.109989 0.331662 0.331646 0.08 0 0 0.207952 -0.0406596 0.0376512
146 -17879.1 -46236 28356.8 0.11 0.110021 0.331662 0.331694 0.08 0 0 0.208765 -0.045022 0.0351864
147 -17727 -46236 28509 0.11 0.110002 0.331662 0.331665 0.08 0 0 0.209864 -0.0451052 0.0352255
148 -17697.9 -46236 28538.1 0.11 0.110022 0.331662 0.331696 0.08 0 0 0.210102 -0.0448675 0.0358209
149 -17725.8 -46236 28510.2 0.11 0.11 0.331662 0.331662 0.08 0 0 0.210919 -0.0421805 0.038156
150 -17598.2 -46236 28637.8 0.11 0.11001 0.331662 0.331677 0.08 0 0 0.212902 -0.0414734 0.0371208
151 -17745 -46236 28491 0.11 0.11001 0.331662 0.331677 0.08 0 0 0.216992 -0.0427987 0.0380226
152 -17732 -46236 28503.9 0.11 0.109989 0.331662 0.331645 0.08 0 0 0.219171 -0.043811 0.0396787
153 -17829.7 -46236 28406.3 0.11 0.11 0.331662 0.331662 0.08 0 0 0.218229 -0.0433164 0.0400271
154 -17710.4 -46236 28525.6 0.11 0.109984 0.331662 0.331638 0.08 0 0 0.21973 -0.0417634 0.0435858
155 -17736.2 -46236 28499.8 0.11 0.109987 0.331662 0.331642 0.08 0 0 0.220969 -0.0416006 0.0449798
156 -17744 -46236 28491.9 0.11 0.110002 0.331662 0.331665 0.08 0 0 0.222933 -0.0438102 0.0443027
157 -17716.9 -46236 28519.1 0.11 0.110042 0.331662 0.331725 0.08 0 0 0.225871 -0.047434 0.0445577
158 -17900.3 -46236 28335.7 0.11 0.109994 0.331662 0.331653 0.08 0 0 0.227305 -0.0484318 0.0420043
159 -17832.1 -46236 28403.9 0.11 0.109997 0.331662 0.331657 0.08 0 0 0.228939 -0.0517827 0.0446627
160 -17855.6 -46236 28380.4 0.11 0.109986 0.331662 0.331641 0.08 0 0 0.230727 -0.0533757 0.0473574
161 -17858.2 -46236 28377.7 0.11 0.109984 0.331662 0.331639 0.08 0 0 0.233445 -0.0546303 0.0476662
162 -17881.7 -46236 28354.3 0.11 0.110009 0.331662 0.331676 0.08 0 0 0.233301 -0.0515444 0.0439817
163 -17829.2 -46236 28406.8 0.11 0.109991 0.331662 0.331649 0.08 0 0 0.233219 -0.0481248 0.0466376
164 -17893.7 -46236 28342.3 0.11 0.109976 0.331662 0.331626 0.08 0 0 0.230744 -0.0481682 0.0433109
165 -17955.2 -46236 28280.8 0.11 0.110017 0.331662 0.331688 0.08 0 0 0.227491 -0.0471868 0.042173
166 -17956.3 -46236 28279.7 0.11 0.11 0.331662 0.331662 0.08 0 0 0.229991 -0.0496109 0.0398383
167 -18061.8 -46236 28174.1 0.11 0.110004 0.331662 0.331668 0.08 0 0 0.231533 -0.054014 0.031979
168 -17987.5 -46236 28248.4 0.11 0.110021 0.331662 0.331695 0.08 0 0 0.231932 -0.055763 0.0342688
169 -18128.3 -46236 28107.6 0.11 0.109977 0.331662 0.331628 0.08 0 0 0.232907 -0.0531258 0.0331042
170 -18060.5 -46236 28175.5 0.11 0.109994 0.331662 0.331654 0.08 0 0 0.232506 -0.0516991 0.0330885
171 -18248.3 -46236 27987.7 0.11 0.109989 0.331662 0.331645 0.08 0 0 0.240012 -0.0513081 0.0303506
172 -18222.1 -46236 28013.9 0.11 0.110029 0.331662 0.331706 0.08 0 0 0.242116 -0.0502244 0.0323389
173 -18140.1 -46236 28095.9 0.11 0.110014 0.331662 0.331683 0.08 0 0 0.238167 -0.048056 0.0348234
174 -18115.2 -46236 28120.8 0.11 0.11003 0.331662 0.331708 0.08 0 0 0.237104 -0.0478896 0.0360649
175 -18217.1 -46236 28018.8 0.11 0.109993 0.331662 0.331652 0.08 0 0 0.239924 -0.0487985 0.0375387
176 -18293.3 -46236 27942.7 0.11 0.109993 0.331662 0.331653 0.08 0 0 0.243844 -0.0486798 0.0434168
177 -18437 -46236 27798.9 0.11 0.109997 0.331662 0.331657 0.08 0 0 0.246139 -0.0488563 0.0454101
178 -18497 -46236 27739 0.11 0.109995 0.331662 0.331654 0.08 0 0 0.248135 -0.0489112 0.0475553
179 -18539.4 -46236 27696.6 0.11 0.11001 0.331662 0.331678 0.08 0 0 0.249351 -0.0493472 0.0411992
180 -18522.4 -46236 27713.6 0.11 0.109985 0.331662 0.331639 0.08 0 0 0.251108 -0.0454075 0.0416479
181 -18530.1 -46236 27705.9 0.11 0.11001 0.331662 0.331677 0.08 0 0 0.250093 -0.0453692 0.0422609
182 -18588.5 -46236 27647.5 0.11 0.109974 0.331662 0.331623 0.08 0 0 0.25152 -0.0430693 0.0436743
183 -18655.7 -46236 27580.3 0.11 0.110013 0.331662 0.331682 0.08 0 0 0.252366 -0.0402038 0.0405664
184 -18534.8 -46236 27701.2 0.11 0.109994 0.331662 0.331654 0.08 0 0 0.249803 -0.0404807 0.0382052
185 -18563.2 -46236 27672.8 0.11 0.110031 0.331662 0.331709 0.08 0 0 0.251061 -0.0389733 0.0356925
186 -18593.6 -46236 27642.3 0.11 0.109993 0.331662 0.331653 0.08 0 0 0.252943 -0.0387842 0.0328606
187 -18649.3 -46236 27586.7 0.11 0.109985 0.331662 0.331641 0.08 0 0 0.25523 -0.0420382 0.0331644
188 -18578.3 -46236 27657.7 0.11 0.109996 0.331662 0.331657 0.08 0 0 0.258931 -0.0451407 0.0303508
189 -18541.1 -46236 27694.9 0.11 0.109964 0.331662 0.331609 0.08 0 0 0.260427 -0.0454933 0.0316821
190 -18507.6 -46236 27728.4 0.11 0.110001 0.331662 0.331664 0.08 0 0 0.260777 -0.0457497 0.0298213
191 -18542.5 -46236 27693.5 0.11 0.109975 0.331662 0.331625 0.08 0 0 0.259629 -0.04425 0.0273339
192 -18591.9 -46236 27644.1 0.11 0.109999 0.331662 0.331662 0.08 0 0 0.259041 -0.0458039 0.0266392
193 -18719.2 -46236 27516.8 0.11 0.110011 0.331662 0.331679 0.08 0 0 0.259823 -0.0459339 0.0227536
194 -18805.7 -46236 27430.3 0.11 0.109988 0.331662 0.331644 0.08 0 0 0.261238 -0.0511457 0.0223827
195 -18746.9 -46236 27489.1 0.11 0.110024 0.331662 0.331698 0.08 0 0 0.261094 -0.0486744 0.0222754
196 -18544.6 -46236 27691.4 0.11 0.109961 0.331662 0.331604 0.08 0 0 0.26094 -0.0501149 0.0236956
197 -18688 -46236 27548 0.11 0.109992 0.331662 0.331651 0.08 0 0 0.263782 -0.0524183 0.0240957
198 -18659.8 -46236 27576.2 0.11 0.110003 0.331662 0.331667 0.08 0 0 0.263647 -0.0529584 0.0242544
199 -18672.6 -46236 27563.4 0.11 0.110016 0.331662 0.331687 0.08 0 0 0.266784 -0.0530739 0.0237491
200 -18691.5 -46236 27544.4 0.11 0.110005 0.331662 0.33167 0.08 0 0 0.269325 -0.0552784 0.0250101
201 -18709.5 -46236 27526.5 0.11 0.109995 0.331662 0.331655 0.08 0 0 0.270108 -0.0536578 0.0271847
202 -18671.1 -46236 27564.9 0.11 0.110007 0.331662 0.331673 0.08 0 0 0.273607 -0.0543991 0.0296778
203 -18676.4 -46236 27559.6 0.11 0.110012 0.331662 0.331681 0.08 0 0 0.274049 -0.0562689 0.0300607
204 -18704 -46236 27532 0.11 0.110006 0.331662 0.331671 0.08 0 0 0.271667 -0.0556876 0.030068
205 -18505.1 -46236 27730.9 0.11 0.110001 0.331662 0.331663 0.08 0 0 0.269585 -0.0605498 0.0297843
206 -18430.2 -46236 27805.8 0.11 0.11001 0.331662 0.331678 0.08 0 0 0.270746 -0.0604162 0.0302702
207 -18341.6 -46236 27894.3 0.11 0.109986 0.331662 0.331641 0.08 0 0 0.271602 -0.0603553 0.0258244
208 -18469.6 -46236 27766.3 0.11 0.109985 0.331662 0.33164 0.08 0 0 0.273663 -0.0577477 0.026164
209 -18500.5 -46236 27735.5 0.11 0.11001 0.331662 0.331677 0.08 0 0 0.273749 -0.0592871 0.0258762
210 -18474.9 -46236 27761.1 0.11 0.110019 0.331662 0.331692 0.08 0 0 0.277671 -0.0586356 0.02537
211 -18569.7 -46236 27666.3 0.11 0.110028 0.331662 0.331705 0.08 0 0 0.282163 -0.0621078 0.0218134
212 -18653.3 -46236 27582.7 0.11 0.110007 0.331662 0.331672 0.08 0 0 0.283001 -0.0596195 0.02024
213 -18719.3 -46236 27516.7 0.11 0.110007 0.331662 0.331674 0.08 0 0 0.286476 -0.0598734 0.0195023
214 -18743 -46236 27493 0.11 0.109989 0.331662 0.331646 0.08 0 0 0.28676 -0.0614926 0.0187787
215 -18886.2 -46236 27349.8 0.11 0.109983 0.331662 0.331636 0.08 0 0 0.29056 -0.0636944 0.0157438
216 -18931.1 -46236 27304.9 0.11 0.109994 0.331662 0.331653 0.08 0 0 0.295795 -0.0621698 0.0144618
217 -19045.7 -46236 27190.3 0.11 0.109964 0.331662 0.331608 0.08 0 0 0.296784 -0.0586572 0.0149534
218 -19094.9 -46236 27141.1 0.11 0.110014 0.331662 0.331684 0.08 0 0 0.300417 -0.0598767 0.0102422
219 -19102.3 -46236 27133.7 0.11 0.109988 0.331662 0.331645 0.08 0 0 0.301694 -0.057314 0.00972157
220 -19196.7 -46236 27039.3 0.11 0.110003 0.331662 0.331668 0.08 0 0 0.30549 -0.0593764 0.00858628
221 -19307.2 -46236 26928.7 0.11 0.110006 0.331662 0.331671 0.08 0 0 0.306001 -0.0576352 0.00871733
222 -19252.3 -46236 26983.7 0.11 0.109999 0.331662 0.331661 0.08 0 0 0.303102 -0.0600804 0.008536
223 -19197.8 -46236 27038.1 0.11 0.110012 0.331662 0.33168 0.08 0 0 0.303756 -0.0618408 0.00601738
224 -19290.3 -46236 26945.7 0.11 0.109965 0.331662 0.331609 0.08 0 0 0.305026 -0.0624308 0.00627552
225 -19299.9 -46236 26936 0.11 0.109973 0.331662 0.331621 0.08 0 0 0.308516 -0.0590447 0.00678506
226 -19387.6 -46236 26848.4 0.11 0.10999 0.331662 0.331647 0.08 0 0 0.309249 -0.0605721 0.00565756
227 -19383.6 -46236 26852.4 0.11 0.110006 0.331662 0.331672 0.08 0 0 0.314173 -0.0577237 0.00248033
228 -19431.6 -46236 26804.4 0.11 0.109998 0.331662 0.331659 0.08 0 0 0.316915 -0.058001 0.00905375
229 -19395.6 -46236 26840.4 0.11 0.109999 0.331662 0.331661 0.08 0 0 0.317108 -0.0584209 0.00918629
230 -19316.1 -46236 26919.9 0.11 0.109994 0.331662 0.331653 0.08 0 0 0.318141 -0.0559152 0.010628
231 -19287.5 -46236 26948.5 0.11 0.110013 0.331662 0.331683 0.08 0 0 0.321802 -0.0546385 0.00824524
232 -19140.1 -46236 27095.9 0.11 0.110008 0.331662 0.331674 0.08 0 0 0.321436 -0.0532276 0.00742481
233 -19090.7 -46236 27145.3 0.11 0.110028 0.331662 0.331704 0.08 0 0 0.32019 -0.0551926 0.00666592
234 -19020.8 -46236 27215.2 0.11 0.110024 0.331662 0.331698 0.08 0 0 0.318118 -0.0562293 0.00644398
235 -19161.3 -46236 27074.7 0.11 0.110004 0.331662 0.331669 0.08 0 0 0.31926 -0.0541434 0.00696101
236 -19181.1 -46236 27054.9 0.11 0.110006 0.331662 0.331671 0.08 0 0 0.317874 -0.0533336 0.0084213
237 -19199.4 -46236 27036.6 0.11 0.110019 0.331662 0.331691 0.08 0 0 0.322835 -0.0521496 0.0082605
238 -19363 -46236 26872.9 0.11 0.110032 0.331662 0.331711 0.08 0 0 0.324226 -0.0512091 0.00699245
239 -19252.6 -46236 26983.4 0.11 0.110008 0.331662 0.331675 0.08 0 0 0.324472 -0.0521723 0.00407531
240 -19297.5 -46236 26938.4 0.11 0.109991 0.331662 0.331649 0.08 0 0 0.32319 -0.0523299 0.00281164
241 -19387.9 -46236 26848 0.11 0.110021 0.331662 0.331694 0.08 0 0 0.32627 -0.0516343 0.00679732
242 -19337.2 -46236 26898.8 0.11 0.109993 0.331662 0.331652 0.08 0 0 0.32578 -0.0514387 0.00518517
243 -19303.7 -46236 26932.3 0.11 0.109999 0.331662 0.331662 0.08 0 0 0.329163 -0.0474836 0.00392167
244 -19354.7 -46236 26881.3 0.11 0.109994 0.331662 0.331654 0.08 0 0 0.328716 -0.0496991 0.00507211
245 -19295 -46236 26941 0.11 0.110008 0.331662 0.331675 0.08 0 0 0.32813 -0.0518117 0.00362765
246 -19279.6 -46236 26956.4 0.11 0.109998 0.331662 0.331659 0.08 0 0 0.33089 -0.0502966 0.00666659
247 -19450.9 -46236 26785.1 0.11 0.110003 0.331662 0.331666 0.08 0 0 0.332514 -0.0527656 0.00383263
248 -19503.9 -46236 26732.1 0.11 0.110012 0.331662 0.33168 0.08 0 0 0.333028 -0.0534588 0.00637645
249 -19369.9 -46236 26866.1 0.11 0.11001 0.331662 0.331677 0.08 0 0 0.334002 -0.0521679 0.0106529
250 -19554.5 -46236 26681.5 0.11 0.109986 0.331662 0.331641 0.08 0 0 0.33741 -0.0516409 0.0109812
251 -19620.9 -46236 26615.1 0.11 0.110005 0.331662 0.33167 0.08 0 0 0.337507 -0.0504544 0.0124579
252 -19574.5 -46236 26661.5 0.11 0.110019 0.331662 0.331691 0.08 0 0 0.339479 -0.0540857 0.0150302
253 -19461.3 -46236 26774.7 0.11 0.11 0.331662 0.331662 0.08 0 0 0.337808 -0.0500552 0.0167485
254 -19414.6 -46236 26821.4 0.11 0.110004 0.331662 0.331669 0.08 0 0 0.339182 -0.054007 0.0160065
255 -19253.3 -46236 26982.7 0.11 0.110042 0.331662 0.331726 0.08 0 0 0.336968 -0.0520424 0.0174988
256 -19078.8 -46236 27157.1 0.11 0.109992 0.331662 0.331651 0.08 0 0 0.339906 -0.0508703 0.0180374
257 -19010 -46236 27226 0.11 0.110004 0.331662 0.331669 0.08 0 0 0.33774 -0.0541985 0.0210591
258 -19031 -46236 27204.9 0.11 0.109983 0.331662 0.331637 0.08 0 0 0.338031 -0.0585541 0.0213153
259 -18946.8 -46236 27289.2 0.11 0.110018 0.331662 0.331689 0.08 0 0 0.338795 -0.0618131 0.0183284
260 -18963.9 -46236 27272.1 0.11 0.109978 0.331662 0.33163 0.08 0 0 0.336897 -0.0592405 0.0163711
261 -18978.5 -46236 27257.5 0.11 0.110014 0.331662 0.331684 0.08 0 0 0.336414 -0.0533769 0.0136444
262 -18869.8 -46236 27366.2 0.11 0.109992 0.331662 0.33165 0.08 0 0 0.337912 -0.0505426 0.0169914
263 -18970.7 -46236 27265.3 0.11 0.109983 0.331662 0.331637 0.08 0 0 0.340599 -0.0535588 0.0181338
264 -18893.1 -46236 27342.9 0.11 0.10998 0.331662 0.331633 0.08 0 0 0.341588 -0.0544119 0.0190733
265 -18936.6 -46236 27299.4 0.11 0.110002 0.331662 0.331665 0.08 0 0 0.34234 -0.060187 0.0191091
266 -19050.2 -46236 27185.8 0.11 0.110004 0.331662 0.331669 0.08 0 0 0.343402 -0.0608806 0.0183784
267 -19091.1 -46236 27144.9 0.11 0.110014 0.331662 0.331684 0.08 0 0 0.345227 -0.060721 0.0186662
268 -19080.6 -46236 27155.3 0.11 0.109999 0.331662 0.331661 0.08 0 0 0.345009 -0.0573018 0.0155899
269 -19082.6 -46236 27153.4 0.11 0.110001 0.331662 0.331664 0.08 0 0 0.345642 -0.0589861 0.0205693
270 -19067.1 -46236 27168.8 0.11 0.110007 0.331662 0.331673 0.08 0 0 0.347073 -0.0575917 0.0205416
271 -19190.1 -46236 27045.9 0.11 0.110028 0.331662 0.331704 0.08 0 0 0.353598 -0.0522959 0.0216551
272 -19103.5 -46236 27132.5 0.11 0.109998 0.331662 0.33166 0.08 0 0 0.355501 -0.0555133 0.0183418
273 -18884.5 -46236 27351.5 0.11 0.109992 0.331662 0.33165 0.08 0 0 0.354082 -0.0573345 0.0171462
274 -19026.6 -46236 27209.4 0.11 0.109987 0.331662 0.331643 0.08 0 0 0.355642 -0.0597076 0.0163965
275 -19085.2 -46236 27150.8 0.11 0.110019 0.331662 0.331691 0.08 0 0 0.357177 -0.0602667 0.0165345
276 -19235.5 -46236 27000.5 0.11 0.110016 0.331662 0.331687 0.08 0 0 0.360959 -0.0564211 0.0150505
277 -19184.6 -46236 27051.4 0.11 0.110007 0.331662 0.331672 0.08 0 0 0.360616 -0.0568283 0.0148256
278 -19083.5 -46236 27152.5 0.11 0.109994 0.331662 0.331653 0.08 0 0 0.357356 -0.0554998 0.0158316
279 -19065 -46236 27171 0.11 0.109988 0.331662 0.331644 0.08 0 0 0.35618 -0.054003 0.0159128
280 -19234.2 -46236 27001.7 0.11 0.109998 0.331662 0.331659 0.08 0 0 0.356984 -0.0514801 0.0160261
281 -19165.8 -46236 27070.2 0.11 0.110017 0.331662 0.331688 0.08 0 0 0.358004 -0.0522716 0.013693
282 -19137.6 -46236 27098.4 0.11 0.110017 0.331662 0.331687 0.08 0 0 0.360213 -0.0515649 0.0155847
283 -19135.5 -46236 27100.5 0.11 0.110006 0.331662 0.331671 0.08 0 0 0.362179 -0.0496363 0.0187762
284 -19297.4 -46236 26938.6 0.11 0.110005 0.331662 0.33167 0.08 0 0 0.363266 -0.0511817 0.0181857
285 -19522 -46236 26714 0.11 0.110016 0.331662 0.331687 0.08 0 0 0.365028 -0.0539128 0.0176617
286 -19546 -46236 26690 0.11 0.11001 0.331662 0.331678 0.08 0 0 0.364187 -0.0563255 0.018668
287 -19698.8 -46236 26537.2 0.11 0.110006 0.331662 0.331672 0.08 0 0 0.369119 -0.0582532 0.0150909
288 -19534.7 -46236 26701.3 0.11 0.110015 0.331662 0.331685 0.08 0 0 0.365284 -0.0604988 0.011736
289 -19465 -46236 26771 0.11 0.110002 0.331662 0.331665 0.08 0 0 0.365102 -0.0564326 0.0101216
290 -19544.4 -46236 26691.6 0.11 0.11001 0.331662 0.331678 0.08 0 0 0.368147 -0.053903 0.0158838
291 -19528.2 -46236 26707.8 0.11 0.109989 0.331662 0.331646 0.08 0 0 0.370217 -0.0524061 0.0198631
292 -19541.2 -46236 26694.8 0.11 0.110015 0.331662 0.331685 0.08 0 0 0.371518 -0.0551979 0.0189764
293 -19533.7 -46236 26702.3 0.11 0.110012 0.331662 0.331681 0.08 0 0 0.369454 -0.0554734 0.016301
294 -19441.2 -46236 26794.8 0.11 0.11002 0.331662 0.331693 0.08 0 0 0.370625 -0.0548987 0.0174261
295 -19414.2 -46236 26821.7 0.11 0.110011 0.331662 0.331679 0.08 0 0 0.370175 -0.0539298 0.0193633
296 -19565.8 -46236 26670.1 0.11 0.110018 0.331662 0.33169 0.08 0 0 0.372638 -0.0563999 0.0202035
297 -19536.1 -46236 26699.9 0.11 0.11 0.331662 0.331663 0.08 0 0 0.374537 -0.0569276 0.0225597
298 -19639.3 -46236 26596.7 0.11 0.109996 0.331662 0.331656 0.08 0 0 0.372967 -0.0578682 0.0261735
299 -19792.9 -46236 26443.1 0.11 0.109989 0.331662 0.331646 0.08 0 0 0.377959 -0.0588464 0.0286548
300 -19724 -46236 26511.9 0.11 0.109996 0.331662 0.331656 0.08 0 0 0.380611 -0.0562161 0.0322379
301 -19826.3 -46236 26409.7 0.11 0.109993 0.331662 0.331652 0.08 0 0 0.38309 -0.0554563 0.02894
302 -20057.6 -46236 26178.3 0.11 0.110034 0.331662 0.331713 0.08 0 0 0.387283 -0.0545196 0.0294354
303 -20181 -46236 26055 0.11 0.110009 0.331662 0.331676 0.08 0 0 0.391548 -0.0559286 0.034712
304 -20189.3 -46236 26046.6 0.11 0.110005 0.331662 0.33167 0.08 0 0 0.391062 -0.053976 0.0307093
305 -20083.8 -46236 26152.2 0.11 0.110027 0.331662 0.331703 0.08 0 0 0.39038 -0.0521802 0.0290973
306 -20130.8 -46236 26105.2 0.11 0.109981 0.331662 0.331634 0.08 0 0 0.388998 -0.0555639 0.0295027
307 -20044.8 -46236 26191.2 0.11 0.110009 0.331662 0.331676 0.08 0 0 0.388608 -0.0558584 0.028185
308 -19847.7 -46236 26388.2 0.11 0.109977 0.331662 0.331628 0.08 0 0 0.387561 -0.0581765 0.0262635
309 -19912.6 -46236 26323.4 0.11 0.10998 0.331662 0.331632 0.08 0 0 0.393729 -0.0574821 0.0218577
310 -19930.2 -46236 26305.8 0.11 0.110001 0.331662 0.331665 0.08 0 0 0.39596 -0.0599446 0.0225833
311 -19858.5 -46236 26377.5 0.11 0.110019 0.331662 0.331691 0.08 0 0 0.394802 -0.060916 0.0216471
312 -19884.5 -46236 26351.4 0.11 0.11001 0.331662 0.331678 0.08 0 0 0.393604 -0.0580735 0.0205971
313 -19892.1 -46236 26343.8 0.11 0.110011 0.331662 0.331679 0.08 0 0 0.393947 -0.0568967 0.0187538
314 -19877.8 -46236 26358.1 0.11 0.109998 0.331662 0.33166 0.08 0 0 0.394081 -0.0586311 0.0204488
315 -19852.6 -46236 26383.4 0.11 0.110004 0.331662 0.331668 0.08 0 0 0.394103 -0.0551928 0.0194441
316 -19778.4 -46236 26457.6 0.11 0.110002 0.331662 0.331666 0.08 0 0 0.395191 -0.0557068 0.0198777
317 -19818.1 -46236 26417.9 0.11 0.109986 0.331662 0.331641 0.08 0 0 0.397748 -0.0550073 0.0183225
318 -19704.2 -46236 26531.8 0.11 0.109985 0.331662 0.33164 0.08 0 0 0.397078 -0.0572443 0.0180292
319 -19787.7 -46236 26448.3 0.11 0.110006 0.331662 0.331672 0.08 0 0 0.399699 -0.0583428 0.0182899
320 -19621.7 -46236 26614.3 0.11 0.109992 0.331662 0.33165 0.08 0 0 0.398636 -0.0597978 0.0181922
321 -19635 -46236 26600.9 0.11 0.109987 0.331662 0.331643 0.08 0 0 0.398209 -0.0563169 0.0138154
322 -19613.1 -46236 26622.9 0.11 0.109972 0.331662 0.331621 0.08 0 0 0.397364 -0.0551112 0.016174
323 -19616.4 -46236 26619.6 0.11 0.109997 0.331662 0.331658 0.08 0 0 0.396134 -0.0568825 0.0138336
324 -19576.2 -46236 26659.8 0.11 0.110003 0.331662 0.331667 0.08 0 0 0.397516 -0.0541251 0.0135709
325 -19656 -46236 26580 0.11 0.109982 0.331662 0.331635 0.08 0 0 0.40061 -0.0539598 0.0123282
326 -19672.8 -46236 26563.2 0.11 0.10998 0.331662 0.331633 0.08 0 0 0.399638 -0.0599088 0.0119678
327 -19733.3 -46236 26502.7 0.11 0.110023 0.331662 0.331698 0.08 0 0 0.40032 -0.0598905 0.0104881
328 -19810 -46236 26426 0.11 0.110009 0.331662 0.331676 0.08 0 0 0.401614 -0.0610272 0.0149206
329 -19845.6 -46236 26390.4 0.11 0.109989 0.331662 0.331646 0.08 0 0 0.403102 -0.064448 0.0105524
330 -19813.4 -46236 26422.6 0.11 0.110006 0.331662 0.331672 0.08 0 0 0.403773 -0.0655172 0.0100162
331 -19827.4 -46236 26408.6 0.11 0.109975 0.331662 0.331625 0.08 0 0 0.405414 -0.0667174 0.00959207
332 -19810.8 -46236 26425.2 0.11 0.110004 0.331662 0.331668 0.08 0 0 0.407274 -0.0682034 0.00972661
333 -19892.1 -46236 26343.9 0.11 0.109985 0.331662 0.33164 0.08 0 0 0.409347 -0.0674916 0.0105664
334 -19972 -46236 26264 0.11 0.109994 0.331662 0.331653 0.08 0 0 0.412232 -0.0670249 0.00941372
335 -19949.2 -46236 26286.8 0.11 0.110004 0.331662 0.331668 0.08 0 0 0.412895 -0.0700583 0.0103582
336 -19984.1 -46236 26251.8 0.11 0.109981 0.331662 0.331633 0.08 0 0 0.411272 -0.0694455 0.0104061
337 -20037.1 -46236 26198.9 0.11 0.110019 0.331662 0.331692 0.08 0 0 0.412878 -0.071824 0.0101424
338 -19969.7 -46236 26266.2 0.11 0.109996 0.331662 0.331656 0.08 0 0 0.415272 -0.0711263 0.0102616
339 -19801.1 -46236 26434.9 0.11 0.110009 0.331662 0.331675 0.08 0 0 0.414071 -0.0711627 0.00933773
340 -19873.1 -46236 26362.9 0.11 0.110001 0.331662 0.331664 0.08 0 0 0.417812 -0.0743633 0.00998967
341 -19898.4 -46236 26337.5 0.11 0.10999 0.331662 0.331647 0.08 0 0 0.418461 -0.0729492 0.0100307
342 -20000 -46236 26235.9 0.11 0.110016 0.331662 0.331686 0.08 0 0 0.418832 -0.0722088 0.00933004
343 -20013.3 -46236 26222.6 0.11 0.110009 0.331662 0.331676 0.08 0 0 0.417961 -0.0738047 0.00999555
344 -20098.7 -46236 26137.3 0.11 0.11002 0.331662 0.331692 0.08 0 0 0.41738 -0.076019 0.0106546
345 -20054.5 -46236 26181.5 0.11 0.110009 0.331662 0.331677 0.08 0 0 0.417687 -0.078834 0.0115979
346 -20024 -46236 26212 0.11 0.110033 0.331662 0.331713 0.08 0 0 0.415197 -0.0770441 0.0141104
347 -19969.5 -46236 26266.5 0.11 0.110004 0.331662 0.331669 0.08 0 0 0.418562 -0.0761764 0.0134177
348 -19965.3 -46236 26270.7 0.11 0.110038 0.331662 0.33172 0.08 0 0 0.417967 -0.0761896 0.0120292
349 -20245.6 -46236 25990.4 0.11 0.110019 0.331662 0.331691 0.08 0 0 0.420637 -0.0791347 0.0125397
350 -20323.3 -46236 25912.7 0.11 0.110008 0.331662 0.331674 0.08 0 0 0.421978 -0.0778015 0.0097013
351 -20335.5 -46236 25900.5 0.11 0.109975 0.331662 0.331625 0.08 0 0 0.424328 -0.0782873 0.0118346
352 -20307.8 -46236 25928.1 0.11 0.110027 0.331662 0.331702 0.08 0 0 0.424248 -0.0760074 0.0140645
353 -20302.5 -46236 25933.5 0.11 0.110003 0.331662 0.331666 0.08 0 0 0.425727 -0.0774731 0.012707
354 -20337.8 -46236 25898.2 0.11 0.109986 0.331662 0.331642 0.08 0 0 0.427629 -0.0752672 0.00787851
355 -20318.6 -46236 25917.4 0.11 0.11 0.331662 0.331662 0.08 0 0 0.428522 -0.0738982 0.0061162
356 -20105.7 -46236 26130.3 0.11 0.109999 0.331662 0.331661 0.08 0 0 0.427416 -0.0728036 0.00624159
357 -19921.7 -46236 26314.2 0.11 0.109985 0.331662 0.33164 0.08 0 0 0.425429 -0.0748751 0.00470581
358 -19992.9 -46236 26243 0.11 0.109992 0.331662 0.33165 0.08 0 0 0.427401 -0.0753491 0.00823564
359 -20037.7 -46236 26198.3 0.11 0.110003 0.331662 0.331666 0.08 0 0 0.429955 -0.0781912 0.00799549
360 -19983.3 -46236 26252.7 0.11 0.109981 0.331662 0.331633 0.08 0 0 0.426411 -0.0787189 0.00878565
361 -19945 -46236 26291 0.11 0.110007 0.331662 0.331673 0.08 0 0 0.427659 -0.0789377 0.00994777
362 -19850.9 -46236 26385.1 0.11 0.11002 0.331662 0.331692 0.08 0 0 0.42571 -0.0802876 0.00585139
363 -19974.7 -46236 26261.3 0.11 0.109975 0.331662 0.331625 0.08 0 0 0.425118 -0.0796916 0.0069532
364 -19879 -46236 26356.9 0.11 0.109992 0.331662 0.33165 0.08 0 0 0.42541 -0.0828463 0.00837731
365 -19956.5 -46236 26279.5 0.11 0.110002 0.331662 0.331665 0.08 0 0 0.426243 -0.0876739 0.0072991
366 -19931.7 -46236 26304.3 0.11 0.109977 0.331662 0.331628 0.08 0 0 0.42803 -0.0856399 0.00322761
367 -20054.8 -46236 26181.2 0.11 0.110002 0.331662 0.331665 0.08 0 0 0.429312 -0.0822714 0.000782881
368 -20079.3 -46236 26156.7 0.11 0.110003 0.331662 0.331667 0.08 0 0 0.43181 -0.0816271 -0.00498664
369 -19893 -46236 26343 0.11 0.110027 0.331662 0.331703 0.08 0 0 0.429767 -0.0820506 -0.00607929
370 -19925.7 -46236 26310.3 0.11 0.109982 0.331662 0.331635 0.08 0 0 0.430778 -0.0853855 -0.00569772
371 -19908.5 -46236 26327.5 0.11 0.110015 0.331662 0.331686 0.08 0 0 0.432196 -0.0878449 -0.00758924
372 -20007.3 -46236 26228.7 0.11 0.11001 0.331662 0.331677 0.08 0 0 0.434407 -0.0863294 -0.00913752
373 -19989.3 -46236 26246.6 0.11 0.109992 0.331662 0.331651 0.08 0 0 0.435579 -0.082121 -0.0108177
374 -19967.9 -46236 26268.1 0.11 0.110009 0.331662 0.331676 0.08 0 0 0.43452 -0.0800341 -0.00944014
375 -20025.3 -46236 26210.6 0.11 0.110005 0.331662 0.33167 0.08 0 0 0.437608 -0.077287 -0.00527723
376 -19949.1 -46236 26286.9 0.11 0.109987 0.331662 0.331643 0.08 0 0 0.434002 -0.0782664 -0.00853564
377 -20189.5 -46236 26046.5 0.11 0.109993 0.331662 0.331652 0.08 0 0 0.436578 -0.0805034 -0.00728797
378 -20160.1 -46236 26075.9 0.11 0.109986 0.331662 0.331642 0.08 0 0 0.436287 -0.0780019 -0.00459581
379 -20072.6 -46236 26163.3 0.11 0.110006 0.331662 0.331672 0.08 0 0 0.437601 -0.0771803 -0.00488459
380 -20099.9 -46236 26136.1 0.11 0.11 0.331662 0.331662 0.08 0 0 0.43734 -0.0742455 -0.000602935
381 -20129.8 -46236 26106.2 0.11 0.109989 0.331662 0.331646 0.08 0 0 0.435977 -0.0751097 -0.00170168
382 -20203.7 -46236 26032.3 0.11 0.109957 0.331662 0.331597 0.08 0 0 0.437562 -0.07707 -0.0021431
383 -20219.7 -46236 26016.2 0.11 0.109998 0.331662 0.331659 0.08 0 0 0.440996 -0.0759508 -0.00386187
384 -20204.6 -46236 26031.4 0.11 0.110007 0.331662 0.331673 0.08 0 0 0.439298 -0.079114 -0.00396908
385 -20220.4 -46236 26015.5 0.11 0.10999 0.331662 0.331647 0.08 0 0 0.438433 -0.0788293 -0.00645826
386 -20152.4 -46236 26083.6 0.11 0.110031 0.331662 0.33171 0.08 0 0 0.436552 -0.0763418 -0.0048121
387 -20207.4 -46236 26028.6 0.11 0.109998 0.331662 0.331659 0.08 0 0 0.436754 -0.0786054 -0.00380171
388 -20321.9 -46236 25914.1 0.11 0.110023 0.331662 0.331697 0.08 0 0 0.435396 -0.0789088 -0.00506921
389 -20335.1 -46236 25900.8 0.11 0.109991 0.331662 0.331648 0.08 0 0 0.437594 -0.0793772 -0.00259794
390 -20329.4 -46236 25906.6 0.11 0.110013 0.331662 0.331682 0.08 0 0 0.437287 -0.0784624 -0.0043955
391 -20242.8 -46236 25993.1 0.11 0.110015 0.331662 0.331686 0.08 0 0 0.435193 -0.0785882 -0.000738997
392 -20238.7 -46236 25997.3 0.11 0.110006 0.331662 0.331672 0.08 0 0 0.435485 -0.0754767 -2.20701e-05
393 -20332.4 -46236 25903.5 0.11 0.109991 0.331662 0.33165 0.08 0 0 0.437075 -0.0757243 0.00232415
394 -20299.1 -46236 25936.8 0.11 0.11001 0.331662 0.331678 0.08 0 0 0.437883 -0.0740473 0.00527348
395 -20492.3 -46236 25743.7 0.11 0.110011 0.331662 0.331679 0.08 0 0 0.439513 -0.0739362 0.00713436
396 -20392.9 -46236 25843.1 0.11 0.109989 0.331662 0.331646 0.08 0 0 0.440619 -0.0717957 0.00930673
397 -20409.2 -46236 25826.8 0.11 0.109995 0.331662 0.331656 0.08 0 0 0.440897 -0.0728268 0.0118914
398 -20361.3 -46236 25874.7 0.11 0.110003 0.331662 0.331667 0.08 0 0 0.440827 -0.0734575 0.0109596
399 -20502.8 -46236 25733.2 0.11 0.110005 0.331662 0.331669 0.08 0 0 0.441941 -0.0702956 0.0135494
400 -20326 -46236 25909.9 0.11 0.110009 0.331662 0.331676 0.08 0 0 0.438296 -0.0712393 0.0107693
401 -20295 -46236 25941 0.11 0.110004 0.331662 0.331668 0.08 0 0 0.440856 -0.0694147 0.0131698
402 -20351.3 -46236 25884.6 0.11 0.10998 0.331662 0.331632 0.08 0 0 0.4435 -0.0717843 0.00984721
403 -20236.6 -46236 25999.4 0.11 0.109971 0.331662 0.331619 0.08 0 0 0.43836 -0.0705939 0.00902233
404 -20208.7 -46236 26027.3 0.11 0.109986 0.331662 0.331642 0.08 0 0 0.439035 -0.0711703 0.0111145
405 -20039.4 -46236 26196.6 0.11 0.110005 0.331662 0.33167 0.08 0 0 0.438502 -0.0667804 0.0102608
406 -20234.6 -46236 26001.4 0.11 0.109991 0.331662 0.33165 0.08 0 0 0.441433 -0.067091 0.0094962
407 -20276.3 -46236 25959.7 0.11 0.109995 0.331662 0.331655 0.08 0 0 0.443175 -0.0720701 0.0069058
408 -20226.9 -46236 26009.1 0.11 0.110003 0.331662 0.331667 0.08 0 0 0.442031 -0.0718061 0.00598966
409 -20207.4 -46236 26028.6 0.11 0.110007 0.331662 0.331673 0.08 0 0 0.441579 -0.0694985 0.00594114
410 -20286.3 -46236 25949.7 0.11 0.109967 0.331662 0.331613 0.08 0 0 0.440184 -0.0711161 0.00340113
411 -20360.9 -46236 25875.1 0.11 0.110004 0.331662 0.331668 0.08 0 0 0.440147 -0.0645138 -0.000745618
412 -20382.6 -46236 25853.4 0.11 0.110012 0.331662 0.331681 0.08 0 0 0.439016 -0.0660265 0.000250424
413 -20616.6 -46236 25619.4 0.11 0.109995 0.331662 0.331655 0.08 0 0 0.442782 -0.069758 0.00260469
414 -20621.4 -46236 25614.6 0.11 0.109996 0.331662 0.331657 0.08 0 0 0.444175 -0.069166 -0.00249326
415 -20687.3 -46236 25548.7 0.11 0.110014 0.331662 0.331683 0.08 0 0 0.448376 -0.0680689 -0.000979721
416 -20423.1 -46236 25812.8 0.11 0.110001 0.331662 0.331663 0.08 0 0 0.445587 -0.0674669 -0.000423649
417 -20545.4 -46236 25690.5 0.11 0.109988 0.331662 0.331644 0.08 0 0 0.448048 -0.0645946 0.00253744
418 -20473.8 -46236 25762.2 0.11 0.110008 0.331662 0.331675 0.08 0 0 0.446937 -0.0639533 -0.000191072
419 -20504.8 -46236 25731.1 0.11 0.110003 0.331662 0.331668 0.08 0 0 0.449171 -0.0634441 -0.000402971
420 -20338.2 -46236 25897.8 0.11 0.109989 0.331662 0.331646 0.08 0 0 0.445174 -0.0594988 0.00471488
421 -20327.5 -46236 25908.5 0.11 0.109997 0.331662 0.331657 0.08 0 0 0.444656 -0.055794 0.00417163
422 -20396.9 -46236 25839 0.11 0.110008 0.331662 0.331674 0.08 0 0 0.444308 -0.0550041 0.00171263
423 -20413.8 -46236 25822.1 0.11 0.109982 0.331662 0.331635 0.08 0 0 0.448317 -0.0537706 0.00423041
424 -20305.9 -46236 25930.1 0.11 0.109989 0.331662 0.331646 0.08 0 0 0.447174 -0.0540341 0.00561658
425 -20318.1 -46236 25917.9 0.11 0.109979 0.331662 0.331631 0.08 0 0 0.444917 -0.0556089 0.00407478
426 -20275.2 -46236 25960.8 0.11 0.110001 0.331662 0.331664 0.08 0 0 0.445966 -0.0558402 0.00443781
427 -20288.1 -46236 25947.9 0.11 0.109998 0.331662 0.33166 0.08 0 0 0.446836 -0.0545954 0.00604817
428 -20394.5 -46236 25841.5 0.11 0.110017 0.331662 0.331688 0.08 0 0 0.449942 -0.0538892 0.0105165
429 -20235.6 -46236 26000.3 0.11 0.110006 0.331662 0.331672 0.08 0 0 0.447596 -0.053864 0.0110414
430 -20013.3 -46236 26222.6 0.11 0.109989 0.331662 0.331645 0.08 0 0 0.443585 -0.0539771 0.0121889
431 -20045 -46236 26191 0.11 0.109993 0.331662 0.331652 0.08 0 0 0.443289 -0.0550273 0.0111917
432 -20093 -46236 26142.9 0.11 0.109969 0.331662 0.331616 0.08 0 0 0.444553 -0.0560306 0.011351
433 -20183.8 -46236 26052.2 0.11 0.110033 0.331662 0.331712 0.08 0 0 0.446307 -0.0577208 0.00359624
434 -20303.4 -46236 25932.6 0.11 0.110008 0.331662 0.331675 0.08 0 0 0.447971 -0.0543191 0.00265785
435 -20474.8 -46236 25761.2 0.11 0.109994 0.331662 0.331653 0.08 0 0 0.450426 -0.0520385 0.00386895
436 -20480.2 -46236 25755.8 0.11 0.110005 0.331662 0.33167 0.08 0 0 0.44814 -0.0528844 0.00404426
437 -20488.2 -46236 25747.8 0.11 0.11003 0.331662 0.331708 0.08 0 0 0.4481 -0.0545548 0.0073676
438 -20614.2 -46236 25621.8 0.11 0.110008 0.331662 0.331675 0.08 0 0 0.447357 -0.0535003 0.008546
439 -20586.6 -46236 25649.4 0.11 0.110002 0.331662 0.331666 0.08 0 0 0.448531 -0.0515536 0.00917647
440 -20510.2 -46236 25725.8 0.11 0.110002 0.331662 0.331665 0.08 0 0 0.447448 -0.0517901 0.00670454
441 -20560.1 -46236 25675.8 0.11 0.110012 0.331662 0.331681 0.08 0 0 0.4489 -0.0536587 0.00800321
442 -20547 -46236 25688.9 0.11 0.109993 0.331662 0.331652 0.08 0 0 0.448981 -0.0512092 0.00914919
443 -20331.2 -46236 25904.8 0.11 0.110024 0.331662 0.331698 0.08 0 0 0.445867 -0.046781 0.0066106
444 -20452.4 -46236 25783.5 0.11 0.110014 0.331662 0.331683 0.08 0 0 0.449896 -0.0461369 0.00662035
445 -20326.6 -46236 25909.4 0.11 0.110001 0.331662 0.331664 0.08 0 0 0.447337 -0.0460292 0.00765531
446 -20414.8 -46236 25821.2 0.11 0.109994 0.331662 0.331653 0.08 0 0 0.447721 -0.0430082 0.00698472
447 -20375.2 -46236 25860.7 0.11 0.110021 0.331662 0.331694 0.08 0 0 0.447302 -0.0404494 0.00663639
448 -20441.8 -46236 25794.2 0.11 0.110003 0.331662 0.331667 0.08 0 0 0.447836 -0.0342253 0.00400766
449 -20494.1 -46236 25741.9 0.11 0.110019 0.331662 0.331692 0.08 0 0 0.449321 -0.0322679 0.00435579
450 -20577 -46236 25659 0.11 0.110022 0.331662 0.331696 0.08 0 0 0.45191 -0.0323172 0.00685372
451 -20531.2 -46236 25704.8 0.11 0.110017 0.331662 0.331688 0.08 0 0 0.452394 -0.0331818 0.00981176
452 -20451.1 -46236 25784.9 0.11 0.11002 0.331662 0.331693 0.08 0 0 0.451091 -0.0320493 0.0106954
453 -20459.9 -46236 25776.1 0.11 0.109967 0.331662 0.331613 0.08 0 0 0.45195 -0.0281901 0.00610287
454 -20248.4 -46236 25987.6 0.11 0.109996 0.331662 0.331657 0.08 0 0 0.446154 -0.028104 0.00827628
455 -20268.3 -46236 25967.6 0.11 0.109978 0.331662 0.33163 0.08 0 0 0.443135 -0.0272945 0.0109372
456 -20394.5 -46236 25841.5 0.11 0.109984 0.331662 0.331639 0.08 0 0 0.444888 -0.0282863 0.00770976
457 -20414.3 -46236 25821.7 0.11 0.109984 0.331662 0.331639 0.08 0 0 0.44817 -0.0257576 0.00777021
458 -20416.9 -46236 25819 0.11 0.109982 0.331662 0.331635 0.08 0 0 0.447197 -0.0270677 0.00628852
459 -20323.5 -46236 25912.5 0.11 0.110008 0.331662 0.331675 0.08 0 0 0.446182 -0.026863 0.00513338
460 -20433.6 -46236 25802.4 0.11 0.110006 0.331662 0.331672 0.08 0 0 0.444212 -0.0281268 0.00456034
461 -20428.7 -46236 25807.2 0.11 0.11 0.331662 0.331663 0.08 0 0 0.443901 -0.02678 0.00586243
462 -20486.5 -46236 25749.5 0.11 0.110017 0.331662 0.331688 0.08 0 0 0.446515 -0.0294198 0.0050264
463 -20542.5 -46236 25693.5 0.11 0.110002 0.331662 0.331665 0.08 0 0 0.448433 -0.0280851 0.00708054
464 -20659.9 -46236 25576.1 0.11 0.110006 0.331662 0.331672 0.08 0 0 0.449243 -0.0257757 0.00671597
465 -20646.3 -46236 25589.7 0.11 0.109999 0.331662 0.331661 0.08 0 0 0.449797 -0.0256018 0.00121875
466 -20739.5 -46236 25496.5 0.11 0.110006 0.331662 0.331672 0.08 0 0 0.452595 -0.0250739 0.00104729
467 -20672 -46236 25564 0.11 0.109988 0.331662 0.331645 0.08 0 0 0.453619 -0.0273248 -0.00178723
468 -20518.8 -46236 25717.2 0.11 0.110009 0.331662 0.331676 0.08 0 0 0.454315 -0.0288351 -0.00434058
469 -20591.8 -46236 25644.2 0.11 0.110008 0.331662 0.331674 0.08 0 0 0.454434 -0.0317942 -0.00220424
470 -20384.2 -46236 25851.7 0.11 0.109984 0.331662 0.331639 0.08 0 0 0.452732 -0.0313789 -0.00363183
471 -20338.8 -46236 25897.1 0.11 0.110011 0.331662 0.331678 0.08 0 0 0.450299 -0.0315527 -0.00186798
472 -20294.1 -46236 25941.9 0.11 0.109993 0.331662 0.331652 0.08 0 0 0.448747 -0.0325116 0.000112863
473 -20358.6 -46236 25877.4 0.11 0.10998 0.331662 0.331632 0.08 0 0 0.449781 -0.0346743 -0.000601169
474 -20302.9 -46236 25933.1 0.11 0.109995 0.331662 0.331655 0.08 0 0 0.448896 -0.0358232 8.96835e-05
475 -20376.6 -46236 25859.4 0.11 0.10998 0.331662 0.331633 0.08 0 0 0.450089 -0.0345765 -0.00218341
476 -20226.2 -46236 26009.8 0.11 0.10997 0.331662 0.331617 0.08 0 0 0.447104 -0.035203 -0.00352268
477 -20138 -46236 26097.9 0.11 0.109985 0.331662 0.33164 0.08 0 0 0.443352 -0.0307277 -0.00522422
478 -20215.6 -46236 26020.4 0.11 0.110002 0.331662 0.331665 0.08 0 0 0.443795 -0.0302202 -0.00621036
479 -20275.8 -46236 25960.2 0.11 0.109993 0.331662 0.331651 0.08 0 0 0.450078 -0.0310518 -0.00750229
480 -20205.7 -46236 26030.3 0.11 0.109995 0.331662 0.331655 0.08 0 0 0.450862 -0.02942 -0.00933747
481 -20268.7 -46236 25967.3 0.11 0.110002 0.331662 0.331666 0.08 0 0 0.452263 -0.0302341 -0.00751568
482 -20321.2 -46236 25914.8 0.11 0.109997 0.331662 0.331657 0.08 0 0 0.453048 -0.0327297 -0.00469805
483 -20243.9 -46236 25992.1 0.11 0.110001 0.331662 0.331664 0.08 0 0 0.453266 -0.0292433 -0.00313
484 -20199.8 -46236 26036.1 0.11 0.109999 0.331662 0.331661 0.08 0 0 0.452583 -0.0271562 -0.00302564
485 -20327.8 -46236 25908.2 0.11 0.11001 0.331662 0.331678 0.08 0 0 0.456497 -0.0256492 0.00060821
486 -20399.6 -46236 25836.3 0.11 0.109977 0.331662 0.331627 0.08 0 0 0.456107 -0.0241337 0.00413876
487 -20537.7 -46236 25698.3 0.11 0.109976 0.331662 0.331627 0.08 0 0 0.461083 -0.0277464 0.00846569
488 -20631.9 -46236 25604.1 0.11 0.109993 0.331662 0.331651 0.08 0 0 0.462503 -0.0250749 0.00990146
489 -20630.7 -46236 25605.3 0.11 0.109984 0.331662 0.331638 0.08 0 0 0.462924 -0.0271854 0.0132074
490 -20597.5 -46236 25638.5 0.11 0.10999 0.331662 0.331647 0.08 0 0 0.461533 -0.0323781 0.0137879
491 -20652.2 -46236 25583.7 0.11 0.109998 0.331662 0.33166 0.08 0 0 0.463403 -0.0311667 0.00932767
492 -20568.5 -46236 25667.5 0.11 0.109987 0.331662 0.331644 0.08 0 0 0.462926 -0.0320995 0.0102469
493 -20630.5 -46236 25605.5 0.11 0.110003 0.331662 0.331667 0.08 0 0 0.465007 -0.0303477 0.00999574
494 -20614.1 -46236 25621.8 0.11 0.109985 0.331662 0.331639 0.08 0 0 0.466245 -0.0292925 0.00951605
495 -20680.3 -46236 25555.6 0.11 0.109989 0.331662 0.331647 0.08 0 0 0.467711 -0.0298019 0.0100931
496 -20628.1 -46236 25607.9 0.11 0.109992 0.331662 0.33165 0.08 0 0 0.468365 -0.0318554 0.0139543
497 -20871.8 -46236 25364.2 0.11 0.109982 0.331662 0.331636 0.08 0 0 0.469577 -0.0332067 0.0168459
498 -20803 -46236 25433 0.11 0.110023 0.331662 0.331698 0.08 0 0 0.470968 -0.031969 0.0175045
499 -20768.6 -46236 25467.3 0.11 0.109991 0.331662 0.331649 0.08 0 0 0.472989 -0.029677 0.021029
500 -20741.6 -46236 25494.4 0.11 0.110002 0.331662 0.331666 0.08 0 0 0.472287 -0.0290962 0.0255628
501 -20784.2 -46236 25451.8 0.11 0.109956 0.331662 0.331596 0.08 0 0 0.474009 -0.0323222 0.0262869
502 -20792.2 -46236 25443.8 0.11 0.109979 0.331662 0.331631 0.08 0 0 0.4738 -0.0297906 0.0230348
503 -20884.9 -46236 25351 0.11 0.11003 0.331662 0.331708 0.08 0 0 0.476258 -0.0270977 0.0239712
504 -20803.5 -46236 25432.4 0.11 0.109996 0.331662 0.331656 0.08 0 0 0.475293 -0.024059 0.0235127
505 -20896.3 -46236 25339.7 0.11 0.109989 0.331662 0.331645 0.08 0 0 0.476848 -0.026352 0.0259937
506 -20946.1 -46236 25289.9 0.11 0.110034 0.331662 0.331714 0.08 0 0 0.476963 -0.0304201 0.0245047
507 -20986 -46236 25250 0.11 0.110006 0.331662 0.331672 0.08 0 0 0.475669 -0.0345175 0.0229919
508 -20955.8 -46236 25280.2 0.11 0.109987 0.331662 0.331642 0.08 0 0 0.473342 -0.0332408 0.0236803
509 -20974.3 -46236 25261.7 0.11 0.109972 0.331662 0.33162 0.08 0 0 0.472895 -0.0310303 0.0243324
510 -20990 -46236 25245.9 0.11 0.110001 0.331662 0.331665 0.08 0 0 0.473365 -0.0343352 0.0291561
511 -21101.7 -46236 25134.2 0.11 0.109998 0.331662 0.331659 0.08 0 0 0.475436 -0.0339962 0.0314886
512 -21156.4 -46236 25079.6 0.11 0.110008 0.331662 0.331675 0.08 0 0 0.476276 -0.0321531 0.0330445
513 -21134.5 -46236 25101.5 0.11 0.110003 0.331662 0.331668 0.08 0 0 0.477143 -0.0353939 0.0340432
514 -21015.8 -46236 25220.2 0.11 0.110008 0.331662 0.331674 0.08 0 0 0.475188 -0.0345851 0.0315939
515 -20923.7 -46236 25312.3 0.11 0.109986 0.331662 0.331642 0.08 0 0 0.472387 -0.0374956 0.0310501
516 -20936.6 -46236 25299.4 0.11 0.110015 0.331662 0.331686 0.08 0 0 0.4737 -0.0362085 0.0279582
517 -20956 -46236 25279.9 0.11 0.109988 0.331662 0.331644 0.08 0 0 0.475992 -0.032495 0.0239295
518 -20988 -46236 25248 0.11 0.109989 0.331662 0.331646 0.08 0 0 0.478931 -0.0325052 0.0266304
519 -21027.4 -46236 25208.5 0.11 0.109993 0.331662 0.331651 0.08 0 0 0.479071 -0.0307924 0.0294355
520 -21015.6 -46236 25220.4 0.11 0.11001 0.331662 0.331677 0.08 0 0 0.477326 -0.0302751 0.0300325
521 -21113.7 -46236 25122.3 0.11 0.11001 0.331662 0.331678 0.08 0 0 0.475018 -0.0343891 0.0283771
522 -21175.6 -46236 25060.4 0.11 0.11001 0.331662 0.331677 0.08 0 0 0.478426 -0.0349684 0.0288055
523 -21025.7 -46236 25210.3 0.11 0.110021 0.331662 0.331694 0.08 0 0 0.479422 -0.0348801 0.0297541
524 -21101 -46236 25134.9 0.11 0.109997 0.331662 0.331658 0.08 0 0 0.479001 -0.0346955 0.0328475
525 -20890.8 -46236 25345.2 0.11 0.110027 0.331662 0.331703 0.08 0 0 0.476247 -0.0326679 0.0316911
526 -20852.6 -46236 25383.4 0.11 0.109966 0.331662 0.331611 0.08 0 0 0.475258 -0.0300463 0.0333582
527 -20964 -46236 25271.9 0.11 0.109999 0.331662 0.331661 0.08 0 0 0.474734 -0.0311558 0.0331754
528 -21000.5 -46236 25235.5 0.11 0.10999 0.331662 0.331648 0.08 0 0 0.474997 -0.0310286 0.0336236
529 -20940.6 -46236 25295.4 0.11 0.110017 0.331662 0.331688 0.08 0 0 0.475969 -0.0282225 0.0332789
530 -20887.7 -46236 25348.3 0.11 0.109986 0.331662 0.331642 0.08 0 0 0.475371 -0.0299659 0.033646
531 -20917.6 -46236 25318.4 0.11 0.109973 0.331662 0.331622 0.08 0 0 0.475898 -0.0263459 0.0298617
532 -20896 -46236 25340 0.11 0.109995 0.331662 0.331655 0.08 0 0 0.478441 -0.0243141 0.0261231
533 -21030.4 -46236 25205.6 0.11 0.110006 0.331662 0.331671 0.08 0 0 0.478981 -0.0226964 0.0270292
534 -21094.5 -46236 25141.5 0.11 0.11002 0.331662 0.331693 0.08 0 0 0.482437 -0.0220276 0.0281413
535 -21063.4 -46236 25172.6 0.11 0.109978 0.331662 0.331629 0.08 0 0 0.480691 -0.0226972 0.0270385
536 -21099.4 -46236 25136.6 0.11 0.11 0.331662 0.331663 0.08 0 0 0.480023 -0.0209768 0.0295275
537 -21036.8 -46236 25199.2 0.11 0.11002 0.331662 0.331692 0.08 0 0 0.480684 -0.0228553 0.029317
538 -20979 -46236 25257 0.11 0.109982 0.331662 0.331636 0.08 0 0 0.47871 -0.0243601 0.0279513
539 -21083.8 -46236 25152.2 0.11 0.109975 0.331662 0.331625 0.08 0 0 0.480913 -0.0260042 0.0271132
540 -21139.4 -46236 25096.5 0.11 0.110013 0.331662 0.331683 0.08 0 0 0.483191 -0.0217491 0.0281617
541 -21041.5 -46236 25194.5 0.11 0.110013 0.331662 0.331682 0.08 0 0 0.480008 -0.0226027 0.0277284
542 -20935.9 -46236 25300.1 0.11 0.110011 0.331662 0.331679 0.08 0 0 0.479117 -0.022917 0.0303785
543 -20846.1 -46236 25389.9 0.11 0.109991 0.331662 0.331649 0.08 0 0 0.476395 -0.0212219 0.0291209
544 -20671.7 -46236 25564.3 0.11 0.11 0.331662 0.331662 0.08 0 0 0.472804 -0.0212083 0.0257783
545 -20676.4 -46236 25559.6 0.11 0.110007 0.331662 0.331673 0.08 0 0 0.477291 -0.0206655 0.0262679
546 -20577.6 -46236 25658.3 0.11 0.109965 0.331662 0.33161 0.08 0 0 0.477575 -0.0182522 0.0257669
547 -20496 -46236 25740 0.11 0.10999 0.331662 0.331648 0.08 0 0 0.475546 -0.0181583 0.0234976
548 -20380.9 -46236 25855.1 0.11 0.109985 0.331662 0.33164 0.08 0 0 0.474414 -0.0213981 0.0238342
549 -20413.9 -46236 25822.1 0.11 0.110016 0.331662 0.331687 0.08 0 0 0.472711 -0.0240202 0.0211278
550 -20290.9 -46236 25945.1 0.11 0.110022 0.331662 0.331695 0.08 0 0 0.471259 -0.0282886 0.0196756
551 -20350.8 -46236 25885.2 0.11 0.109995 0.331662 0.331654 0.08 0 0 0.470339 -0.0285162 0.0223941
552 -20270.5 -46236 25965.4 0.11 0.109987 0.331662 0.331642 0.08 0 0 0.471927 -0.0276372 0.0273941
553 -20311.5 -46236 25924.4 0.11 0.110007 0.331662 0.331673 0.08 0 0 0.472067 -0.0288136 0.0283588
554 -20452.3 -46236 25783.7 0.11 0.109979 0.331662 0.331631 0.08 0 0 0.472361 -0.0292191 0.0296256
555 -20493.8 -46236 25742.2 0.11 0.109986 0.331662 0.331642 0.08 0 0 0.473303 -0.0262241 0.0267555
556 -20383.5 -46236 25852.5 0.11 0.109989 0.331662 0.331646 0.08 0 0 0.471739 -0.0295486 0.0251237
557 -20234.6 -46236 26001.3 0.11 0.110007 0.331662 0.331673 0.08 0 0 0.467606 -0.0284189 0.0238292
558 -20465.3 -46236 25770.7 0.11 0.110006 0.331662 0.331672 0.08 0 0 0.470124 -0.0234414 0.0215902
559 -20439.6 -46236 25796.4 0.11 0.109997 0.331662 0.331658 0.08 0 0 0.474069 -0.0262978 0.0230192
560 -20158 -46236 26078 0.11 0.11002 0.331662 0.331692 0.08 0 0 0.468714 -0.0234762 0.0257111
561 -20283.7 -46236 25952.3 0.11 0.110007 0.331662 0.331673 0.08 0 0 0.471837 -0.020641 0.0251919
562 -20397.5 -46236 25838.4 0.11 0.110012 0.331662 0.33168 0.08 0 0 0.47289 -0.0229001 0.0272557
563 -20623.8 -46236 25612.2 0.11 0.110006 0.331662 0.331671 0.08 0 0 0.473872 -0.0204961 0.0280073
564 -20460.4 -46236 25775.6 0.11 0.110018 0.331662 0.33169 0.08 0 0 0.475256 -0.0194304 0.0272043
565 -20659.1 -46236 25576.9 0.11 0.109995 0.331662 0.331655 0.08 0 0 0.477653 -0.0205872 0.0284546
566 -20671.8 -46236 25564.2 0.11 0.110004 0.331662 0.331668 0.08 0 0 0.479253 -0.0196169 0.0275696
567 -20732.4 -46236 25503.6 0.11 0.109994 0.331662 0.331654 0.08 0 0 0.480436 -0.020934 0.0330932
568 -20733.5 -46236 25502.5 0.11 0.110001 0.331662 0.331663 0.08 0 0 0.480411 -0.0225685 0.0332351
569 -20788 -46236 25448 0.11 0.110009 0.331662 0.331676 0.08 0 0 0.480945 -0.0199399 0.0368139
570 -20783.3 -46236 25452.7 0.11 0.109995 0.331662 0.331654 0.08 0 0 0.478906 -0.0175743 0.035833
571 -20717.9 -46236 25518.1 0.11 0.110011 0.331662 0.331678 0.08 0 0 0.48012 -0.0208991 0.0369556
572 -20748 -46236 25488 0.11 0.109977 0.331662 0.331627 0.08 0 0 0.479997 -0.0225466 0.0387863
573 -20640.9 -46236 25595.1 0.11 0.110009 0.331662 0.331676 0.08 0 0 0.479728 -0.0253745 0.0346667
574 -20516.8 -46236 25719.1 0.11 0.11001 0.331662 0.331677 0.08 0 0 0.478707 -0.0243993 0.036335
575 -20597.5 -46236 25638.5 0.11 0.109987 0.331662 0.331643 0.08 0 0 0.480142 -0.0224028 0.0338775
576 -20632.2 -46236 25603.8 0.11 0.109995 0.331662 0.331654 0.08 0 0 0.480752 -0.0218368 0.0341189
577 -20771.4 -46236 25464.5 0.11 0.110025 0.331662 0.3317 0.08 0 0 0.481822 -0.021794 0.0348424
578 -20862 -46236 25374 0.11 0.109988 0.331662 0.331645 0.08 0 0 0.484282 -0.0222835 0.0333214
579 -20748.3 -46236 25487.7 0.11 0.11002 0.331662 0.331693 0.08 0 0 0.485025 -0.0234472 0.0299586
580 -20632.9 -46236 25603 0.11 0.109996 0.331662 0.331657 0.08 0 0 0.483738 -0.0222488 0.031318
581 -20566.5 -46236 25669.5 0.11 0.109997 0.331662 0.331657 0.08 0 0 0.483112 -0.0236356 0.0334391
582 -20449.2 -46236 25786.7 0.11 0.109999 0.331662 0.331662 0.08 0 0 0.480021 -0.0236002 0.0323209
583 -20384.5 -46236 25851.5 0.11 0.11001 0.331662 0.331678 0.08 0 0 0.479834 -0.0208844 0.0308266
584 -20475.1 -46236 25760.9 0.11 0.110008 0.331662 0.331674 0.08 0 0 0.479582 -0.0235509 0.0308812
585 -20448.6 -46236 25787.4 0.11 0.109971 0.331662 0.331619 0.08 0 0 0.479734 -0.0208078 0.035425
586 -20530 -46236 25705.9 0.11 0.10999 0.331662 0.331648 0.08 0 0 0.479895 -0.0188663 0.0328598
587 -20549.6 -46236 25686.4 0.11 0.110003 0.331662 0.331667 0.08 0 0 0.480427 -0.0212618 0.035101
588 -20534.5 -46236 25701.5 0.11 0.110015 0.331662 0.331685 0.08 0 0 0.480033 -0.0198268 0.0313677
589 -20383.4 -46236 25852.6 0.11 0.109977 0.331662 0.331628 0.08 0 0 0.478324 -0.0207943 0.0266781
590 -20349.7 -46236 25886.3 0.11 0.109988 0.331662 0.331645 0.08 0 0 0.48042 -0.016453 0.0256383
591 -20427.3 -46236 25808.6 0.11 0.109988 0.331662 0.331644 0.08 0 0 0.478655 -0.0187363 0.02649
592 -20521.2 -46236 25714.7 0.11 0.110021 0.331662 0.331694 0.08 0 0 0.480979 -0.0199545 0.0239781
593 -20615.4 -46236 25620.6 0.11 0.11001 0.331662 0.331678 0.08 0 0 0.485318 -0.0177176 0.0220944
594 -20560 -46236 25676 0.11 0.109991 0.331662 0.331649 0.08 0 0 0.4848 -0.017966 0.0226732
595 -20550.5 -46236 25685.5 0.11 0.110018 0.331662 0.33169 0.08 0 0 0.486309 -0.014196 0.0221987
596 -20494.3 -46236 25741.7 0.11 0.11002 0.331662 0.331693 0.08 0 0 0.484946 -0.0162916 0.0220007
597 -20403.5 -46236 25832.5 0.11 0.109988 0.331662 0.331644 0.08 0 0 0.48343 -0.0180552 0.024206
598 -20547.3 -46236 25688.7 0.11 0.110001 0.331662 0.331663 0.08 0 0 0.486325 -0.0153535 0.0256844
599 -20590.3 -46236 25645.7 0.11 0.11002 0.331662 0.331693 0.08 0 0 0.488756 -0.0145757 0.0278583
600 -20675.7 -46236 25560.3 0.11 0.110004 0.331662 0.331669 0.08 0 0 0.488079 -0.0134464 0.0275341
601 -20686.1 -46236 25549.9 0.11 0.110006 0.331662 0.331672 0.08 0 0 0.488831 -0.0123999 0.0261202
602 -20485.7 -46236 25750.3 0.11 0.11001 0.331662 0.331677 0.08 0 0 0.487455 -0.0126475 0.0292324
603 -20523.1 -46236 25712.8 0.11 0.109987 0.331662 0.331643 0.08 0 0 0.489907 -0.013198 0.0305924
604 -20608.7 -46236 25627.3 0.11 0.109991 0.331662 0.331649 0.08 0 0 0.490598 -0.0125801 0.0313544
605 -20669.5 -46236 25566.5 0.11 0.110008 0.331662 0.331675 0.08 0 0 0.490405 -0.0149166 0.0297163
606 -20647.1 -46236 25588.9 0.11 0.109979 0.331662 0.33163 0.08 0 0 0.490163 -0.0158752 0.0300382
607 -20678.9 -46236 25557.1 0.11 0.109974 0.331662 0.331624 0.08 0 0 0.492452 -0.0124831 0.0241026
608 -20594.1 -46236 25641.8 0.11 0.109987 0.331662 0.331644 0.08 0 0 0.489672 -0.00997876 0.0220251
609 -20426.9 -46236 25809 0.11 0.109992 0.331662 0.33165 0.08 0 0 0.485624 -0.0113943 0.0209232
610 -20484.6 -46236 25751.4 0.11 0.109996 0.331662 0.331656 0.08 0 0 0.488183 -0.0134879 0.0211055
611 -20512.2 -46236 25723.8 0.11 0.109987 0.331662 0.331643 0.08 0 0 0.488086 -0.0134377 0.0188106
612 -20582.4 -46236 25653.6 0.11 0.110002 0.331662 0.331665 0.08 0 0 0.488136 -0.0137402 0.0172514
613 -20670.3 -46236 25565.7 0.11 0.109979 0.331662 0.331631 0.08 0 0 0.489336 -0.0151397 0.0168473
614 -20675.4 -46236 25560.5 0.11 0.109998 0.331662 0.331659 0.08 0 0 0.486572 -0.0172497 0.020379
615 -20872.4 -46236 25363.6 0.11 0.110018 0.331662 0.33169 0.08 0 0 0.489701 -0.0178971 0.0204603
616 -20871.4 -46236 25364.5 0.11 0.109975 0.331662 0.331625 0.08 0 0 0.489593 -0.0193267 0.0203651
617 -20805.2 -46236 25430.8 0.11 0.110018 0.331662 0.33169 0.08 0 0 0.487588 -0.0179642 0.0218208
618 -20736.1 -46236 25499.9 0.11 0.11001 0.331662 0.331677 0.08 0 0 0.48521 -0.0184595 0.0209706
619 -20783.2 -46236 25452.8 0.11 0.109981 0.331662 0.331634 0.08 0 0 0.48818 -0.0158571 0.0219821
620 -20871.5 -46236 25364.4 0.11 0.110002 0.331662 0.331666 0.08 0 0 0.491211 -0.0158804 0.0175871
621 -20689.2 -46236 25546.8 0.11 0.110021 0.331662 0.331695 0.08 0 0 0.490566 -0.0149463 0.0171183
622 -20565.2 -46236 25670.8 0.11 0.109986 0.331662 0.331641 0.08 0 0 0.48762 -0.00984939 0.015388
623 -20642.2 -46236 25593.8 0.11 0.110003 0.331662 0.331666 0.08 0 0 0.489188 -0.0114593 0.0173176
624 -20546.8 -46236 25689.1 0.11 0.110009 0.331662 0.331676 0.08 0 0 0.490326 -0.0103746 0.0173062
625 -20575.7 -46236 25660.3 0.11 0.109983 0.331662 0.331637 0.08 0 0 0.488473 -0.0113063 0.0192227
626 -20573.5 -46236 25662.5 0.11 0.109995 0.331662 0.331654 0.08 0 0 0.488501 -0.00476357 0.0179364
627 -20502.7 -46236 25733.3 0.11 0.109986 0.331662 0.331641 0.08 0 0 0.48861 -0.00380392 0.0161911
628 -20467.9 -46236 25768.1 0.11 0.109991 0.331662 0.331648 0.08 0 0 0.48628 -0.00747033 0.0184619
629 -20453.8 -46236 25782.2 0.11 0.109979 0.331662 0.331631 0.08 0 0 0.486358 -0.00617706 0.0230166
630 -20338.2 -46236 25897.8 0.11 0.110011 0.331662 0.331678 0.08 0 0 0.483909 -0.00572054 0.0264584
631 -20337.3 -46236 25898.7 0.11 0.110001 0.331662 0.331664 0.08 0 0 0.482144 -0.00452743 0.0264597
632 -20382.7 -46236 25853.3 0.11 0.110011 0.331662 0.331679 0.08 0 0 0.483827 -0.00404649 0.0250669
633 -20496.6 -46236 25739.4 0.11 0.110005 0.331662 0.331671 0.08 0 0 0.487116 -0.00111094 0.0237898
634 -20638.5 -46236 25597.5 0.11 0.110017 0.331662 0.331688 0.08 0 0 0.487974 -0.0033883 0.0248701
635 -20666.1 -46236 25569.9 0.11 0.110011 0.331662 0.33168 0.08 0 0 0.487177 -0.00115298 0.0270596
636 -20696.3 -46236 25539.7 0.11 0.109997 0.331662 0.331658 0.08 0 0 0.489144 0.000883256 0.0243624
637 -20539.7 -46236 25696.3 0.11 0.110003 0.331662 0.331666 0.08 0 0 0.485562 0.00539139 0.0203556
638 -20681.8 -46236 25554.2 0.11 0.109993 0.331662 0.331652 0.08 0 0 0.486265 0.00546431 0.0171463
639 -20714.7 -46236 25521.3 0.11 0.110043 0.331662 0.331728 0.08 0 0 0.485184 0.0040096 0.0209156
640 -20773.7 -46236 25462.2 0.11 0.109999 0.331662 0.33166 0.08 0 0 0.486214 0.00293467 0.0222911
641 -20926.6 -46236 25309.4 0.11 0.109994 0.331662 0.331654 0.08 0 0 0.48868 0.000839907 0.020902
642 -20902.7 -46236 25333.3 0.11 0.109973 0.331662 0.331621 0.08 0 0 0.488466 0.00165433 0.0215827
643 -20942.3 -46236 25293.7 0.11 0.110016 0.331662 0.331687 0.08 0 0 0.487466 0.00137327 0.0208694
644 -21093.3 -46236 25142.7 0.11 0.110009 0.331662 0.331676 0.08 0 0 0.489154 -0.00203937 0.0221501
645 -21062.4 -46236 25173.6 0.11 0.109973 0.331662 0.331621 0.08 0 0 0.488158 -0.00177146 0.0212826
646 -20971.1 -46236 25264.8 0.11 0.10998 0.331662 0.331632 0.08 0 0 0.487249 0.000602282 0.0170057
647 -20939.5 -46236 25296.5 0.11 0.11 0.331662 0.331663 0.08 0 0 0.484054 0.00388991 0.0152876
648 -20810.1 -46236 25425.9 0.11 0.109998 0.331662 0.33166 0.08 0 0 0.48296 0.00357764 0.0140415
649 -21007.5 -46236 25228.5 0.11 0.110004 0.331662 0.331669 0.08 0 0 0.484866 0.00118215 0.0115956
650 -21019.8 -46236 25216.2 0.11 0.11 0.331662 0.331663 0.08 0 0 0.482546 0.00259367 0.0161598
651 -20883 -46236 25353 0.11 0.110004 0.331662 0.331669 0.08 0 0 0.48073 0.00477809 0.0143742
652 -20747 -46236 25488.9 0.11 0.109973 0.331662 0.331623 0.08 0 0 0.478448 0.00368025 0.0117534
653 -20746.5 -46236 25489.5 0.11 0.110015 0.331662 0.331685 0.08 0 0 0.479773 0.00550061 0.0090738
654 -20868.8 -46236 25367.2 0.11 0.109975 0.331662 0.331625 0.08 0 0 0.480606 0.00428992 0.00679508
655 -20971.4 -46236 25264.6 0.11 0.110003 0.331662 0.331667 0.08 0 0 0.478675 0.00143214 0.00192749
656 -20998.9 -46236 25237 0.11 0.109977 0.331662 0.331628 0.08 0 0 0.480299 0.0027441 0.0021118
657 -20818.8 -46236 25417.2 0.11 0.110015 0.331662 0.331685 0.08 0 0 0.477909 0.00411652 0.00509456
658 -20944.4 -46236 25291.6 0.11 0.110015 0.331662 0.331685 0.08 0 0 0.477761 0.00338746 0.00167446
659 -20732.2 -46236 25503.8 0.11 0.109986 0.331662 0.331641 0.08 0 0 0.475292 0.003238 0.00103448
660 -20571.3 -46236 25664.7 0.11 0.110011 0.331662 0.331679 0.08 0 0 0.473749 -4.43361e-05 -0.000316876
661 -20636.3 -46236 25599.6 0.11 0.109999 0.331662 0.331661 0.08 0 0 0.476983 -0.0030769 -0.00412075
662 -20676 -46236 25560 0.11 0.110001 0.331662 0.331663 0.08 0 0 0.47784 -0.00531973 -0.00512737
663 -20498.5 -46236 25737.5 0.11 0.109997 0.331662 0.331657 0.08 0 0 0.473261 -0.0046431 -0.000390529
664 -20468.8 -46236 25767.2 0.11 0.110003 0.331662 0.331668 0.08 0 0 0.475415 -0.00917123 0.000565798
665 -20387.4 -46236 25848.5 0.11 0.110004 0.331662 0.331669 0.08 0 0 0.472624 -0.0083921 0.00463982
666 -20526.5 -46236 25709.5 0.11 0.109998 0.331662 0.33166 0.08 0 0 0.471274 -0.00871504 0.00406936
667 -20498.9 -46236 25737.1 0.11 0.109994 0.331662 0.331653 0.08 0 0 0.470983 -0.00439955 0.00352287
668 -20515.7 -46236 25720.3 0.11 0.109992 0.331662 0.331651 0.08 0 0 0.471225 -0.00591612 0.0036129
669 -20386 -46236 25850 0.11 0.109993 0.331662 0.331651 0.08 0 0 0.468651 -0.00634237 0.00520552
670 -20328 -46236 25908 0.11 0.11002 0.331662 0.331692 0.08 0 0 0.469061 -0.00486959 0.00244454
671 -20502.2 -46236 25733.8 0.11 0.110007 0.331662 0.331674 0.08 0 0 0.473321 -0.00690444 0.00260464
672 -20627.6 -46236 25608.4 0.11 0.109997 0.331662 0.331657 0.08 0 0 0.475077 -0.00613567 0.000619492
673 -20740 -46236 25495.9 0.11 0.109994 0.331662 0.331653 0.08 0 0 0.474436 -0.00344536 0.0033463
674 -20879.8 -46236 25356.2 0.11 0.110019 0.331662 0.331691 0.08 0 0 0.477376 -0.00272599 0.00421026
675 -20857.8 -46236 25378.2 0.11 0.109979 0.331662 0.331631 0.08 0 0 0.475567 -0.00228696 0.00393401
676 -20891.7 -46236 25344.3 0.11 0.109997 0.331662 0.331658 0.08 0 0 0.478171 -0.00605738 -4.82922e-05
677 -20882.2 -46236 25353.8 0.11 0.109979 0.331662 0.331632 0.08 0 0 0.478802 -0.00737134 -0.00159467
678 -20920.8 -46236 25315.2 0.11 0.109998 0.331662 0.331659 0.08 0 0 0.480174 -0.0118552 0.00200849
679 -20853.2 -46236 25382.8 0.11 0.109997 0.331662 0.331658 0.08 0 0 0.479397 -0.013987 -1.49391e-06
680 -20801.8 -46236 25434.2 0.11 0.109988 0.331662 0.331644 0.08 0 0 0.478783 -0.0146784 -0.00367604
681 -20844.1 -46236 25391.9 0.11 0.110002 0.331662 0.331665 0.08 0 0 0.478564 -0.0125081 -0.00600387
682 -20712.6 -46236 25523.4 0.11 0.109994 0.331662 0.331653 0.08 0 0 0.475419 -0.0100472 -0.00574511
683 -20722.7 -46236 25513.3 0.11 0.109978 0.331662 0.33163 0.08 0 0 0.474512 -0.0105823 -0.00499204
684 -20566.6 -46236 25669.4 0.11 0.109985 0.331662 0.331639 0.08 0 0 0.474544 -0.00898743 -0.00217986
685 -20714.2 -46236 25521.8 0.11 0.110015 0.331662 0.331685 0.08 0 0 0.477045 -0.011857 0.00161054
686 -20909.5 -46236 25326.4 0.11 0.109974 0.331662 0.331624 0.08 0 0 0.47969 -0.0108392 0.00174591
687 -20966.4 -46236 25269.6 0.11 0.110004 0.331662 0.331669 0.08 0 0 0.480792 -0.0124713 0.000678243
688 -21027.3 -46236 25208.7 0.11 0.109988 0.331662 0.331645 0.08 0 0 0.481924 -0.0129124 0.001614
689 -21023 -46236 25213 0.11 0.11 0.331662 0.331663 0.08 0 0 0.483205 -0.011999 0.00137486
690 -21023 -46236 25213 0.11 0.110016 0.331662 0.331686 0.08 0 0 0.483513 -0.00920815 0.00137722
691 -20879.5 -46236 25356.5 0.11 0.110018 0.331662 0.33169 0.08 0 0 0.483901 -0.0121151 -0.00113197
692 -20821.7 -46236 25414.2 0.11 0.110006 0.331662 0.331672 0.08 0 0 0.483098 -0.0130423 0.00160981
693 -20857.3 -46236 25378.7 0.11 0.109994 0.331662 0.331654 0.08 0 0 0.483608 -0.0136823 -0.00150114
694 -20947.2 -46236 25288.8 0.11 0.109995 0.331662 0.331655 0.08 0 0 0.484683 -0.0118734 -0.00323298
695 -20945.4 -46236 25290.5 0.11 0.109996 0.331662 0.331656 0.08 0 0 0.480641 -0.0082804 -0.00145995
696 -21020.4 -46236 25215.6 0.11 0.110005 0.331662 0.331671 0.08 0 0 0.483546 -0.00965159 -0.00329393
697 -20899.2 -46236 25336.8 0.11 0.110017 0.331662 0.331688 0.08 0 0 0.486792 -0.0108128 -0.00240726
698 -20979 -46236 25256.9 0.11 0.110005 0.331662 0.331669 0.08 0 0 0.489346 -0.00902094 -0.00218564
699 -21056.6 -46236 25179.3 0.11 0.110006 0.331662 0.331672 0.08 0 0 0.490415 -0.00777402 -0.00368573
700 -20937.2 -46236 25298.8 0.11 0.110004 0.331662 0.331668 0.08 0 0 0.484008 -0.00628602 -0.00212606
701 -21041.1 -46236 25194.9 0.11 0.10999 0.331662 0.331647 0.08 0 0 0.4836 -0.00441878 -0.00222571
702 -21069.3 -46236 25166.7 0.11 0.110017 0.331662 0.331688 0.08 0 0 0.483537 -0.00549475 0.000856306
703 -20974.9 -46236 25261 0.11 0.109992 0.331662 0.331651 0.08 0 0 0.484756 -0.00123103 0.00135061
704 -21032.8 -46236 25203.2 0.11 0.110013 0.331662 0.331682 0.08 0 0 0.486241 -0.00402534 0.00377661
705 -21011.4 -46236 25224.6 0.11 0.109998 0.331662 0.331659 0.08 0 0 0.485874 -0.0016967 0.00392757
706 -21062.9 -46236 25173.1 0.11 0.11001 0.331662 0.331677 0.08 0 0 0.485302 0.000975952 0.00171907
707 -20964.3 -46236 25271.7 0.11 0.109959 0.331662 0.331601 0.08 0 0 0.482865 0.00256565 0.00321162
708 -21015.3 -46236 25220.7 0.11 0.109975 0.331662 0.331625 0.08 0 0 0.482595 0.00206838 0.00142134
709 -20791.1 -46236 25444.9 0.11 0.110017 0.331662 0.331688 0.08 0 0 0.4778 -0.00104828 0.00346236
710 -20779.1 -46236 25456.9 0.11 0.109993 0.331662 0.331652 0.08 0 0 0.477813 -0.000659915 0.0041402
711 -20823.4 -46236 25412.6 0.11 0.110015 0.331662 0.331685 0.08 0 0 0.479383 0.000354285 0.00353706
712 -20647.4 -46236 25588.6 0.11 0.110005 0.331662 0.331669 0.08 0 0 0.476763 0.00105632 0.000818565
713 -20764.1 -46236 25471.9 0.11 0.110033 0.331662 0.331713 0.08 0 0 0.479053 0.000690468 0.000291039
714 -20830.1 -46236 25405.9 0.11 0.110014 0.331662 0.331684 0.08 0 0 0.481652 -0.000282488 0.000723442
715 -20743 -46236 25492.9 0.11 0.109995 0.331662 0.331655 0.08 0 0 0.483084 0.0010909 0.000121419
716 -20844.8 -46236 25391.2 0.11 0.110005 0.331662 0.33167 0.08 0 0 0.484858 -0.00410452 0.00344651
717 -20867.2 -46236 25368.8 0.11 0.109989 0.331662 0.331645 0.08 0 0 0.485416 -0.00305601 0.00323699
718 -20819.5 -46236 25416.4 0.11 0.109993 0.331662 0.331653 0.08 0 0 0.485524 -0.00293765 0.00512422
719 -20709.3 -46236 25526.7 0.11 0.109973 0.331662 0.331622 0.08 0 0 0.48377 -0.00413432 0.00465808
720 -20886 -46236 25350 0.11 0.110015 0.331662 0.331686 0.08 0 0 0.485853 -0.0065115 0.006098
721 -20775.7 -46236 25460.3 0.11 0.109986 0.331662 0.331641 0.08 0 0 0.483602 -0.004519 0.00781675
722 -20783.6 -46236 25452.4 0.11 0.110008 0.331662 0.331674 0.08 0 0 0.482971 -0.0024277 0.00752142
723 -20917.4 -46236 25318.6 0.11 0.110024 0.331662 0.331699 0.08 0 0 0.484868 -0.00392796 0.00395011
724 -20871 -46236 25365 0.11 0.109963 0.331662 0.331607 0.08 0 0 0.483298 -0.00368492 0.00284533
725 -20737.9 -46236 25498.1 0.11 0.110026 0.331662 0.331701 0.08 0 0 0.482742 -0.00397992 0.00356124
726 -20848.7 -46236 25387.3 0.11 0.110013 0.331662 0.331682 0.08 0 0 0.483056 -0.00469931 0.00491651
727 -21001.5 -46236 25234.5 0.11 0.110013 0.331662 0.331682 0.08 0 0 0.486043 -0.00387904 0.00552961
728 -21024.9 -46236 25211 0.11 0.110025 0.331662 0.3317 0.08 0 0 0.485551 -0.00484789 0.0050651
729 -20993.6 -46236 25242.4 0.11 0.110033 0.331662 0.331713 0.08 0 0 0.483871 -0.00636074 0.00155439
730 -20917.4 -46236 25318.6 0.11 0.109999 0.331662 0.33166 0.08 0 0 0.484354 -0.00508859 -0.00124686
731 -21011.3 -46236 25224.6 0.11 0.110012 0.331662 0.331681 0.08 0 0 0.484743 -0.00886527 0.00385291
732 -20961.1 -46236 25274.8 0.11 0.110003 0.331662 0.331668 0.08 0 0 0.48921 -0.00719963 0.00415331
733 -20975 -46236 25261 0.11 0.110004 0.331662 0.331668 0.08 0 0 0.488689 -0.00567796 0.0038907
734 -20894.2 -46236 25341.8 0.11 0.110002 0.331662 0.331666 0.08 0 0 0.491316 -0.00591874 0.000709617
735 -20811.8 -46236 25424.2 0.11 0.109995 0.331662 0.331655 0.08 0 0 0.489999 -0.000557467 -8.81708e-05
736 -20912 -46236 25324 0.11 0.11003 0.331662 0.331708 0.08 0 0 0.48889 -0.00432105 -0.00260406
737 -20758.9 -46236 25477.1 0.11 0.109978 0.331662 0.331629 0.08 0 0 0.487065 -0.00367536 -0.00272498
738 -20937 -46236 25298.9 0.11 0.110014 0.331662 0.331684 0.08 0 0 0.488647 -0.00459184 -0.00193564
739 -20999 -46236 25237 0.11 0.110001 0.331662 0.331663 0.08 0 0 0.485806 -0.00335105 -0.00253667
740 -20921.9 -46236 25314.1 0.11 0.110006 0.331662 0.331671 0.08 0 0 0.484679 -0.00202287 -0.0026655
741 -20935.9 -46236 25300.1 0.11 0.109979 0.331662 0.331632 0.08 0 0 0.482459 -0.00413409 -0.00358092
742 -20879.3 -46236 25356.7 0.11 0.109986 0.331662 0.331641 0.08 0 0 0.48399 -0.00498794 -0.00242323
743 -20757.2 -46236 25478.8 0.11 0.10999 0.331662 0.331648 0.08 0 0 0.48171 -0.00248337 -0.00428767
744 -20725.3 -46236 25510.7 0.11 0.109995 0.331662 0.331655 0.08 0 0 0.484981 -0.00302453 -0.00963173
745 -20664.9 -46236 25571.1 0.11 0.109994 0.331662 0.331654 0.08 0 0 0.483619 -0.00455883 -0.00943938
746 -20521.3 -46236 25714.6 0.11 0.109984 0.331662 0.331638 0.08 0 0 0.480967 -0.0033788 -0.00859379
747 -20717.8 -46236 25518.2 0.11 0.110001 0.331662 0.331664 0.08 0 0 0.484021 -0.00694218 -0.00949943
748 -20617.2 -46236 25618.7 0.11 0.109982 0.331662 0.331636 0.08 0 0 0.486044 -0.00285348 -0.0104448
749 -20538.6 -46236 25697.4 0.11 0.110003 0.331662 0.331668 0.08 0 0 0.482615 -0.00407219 -0.011285
750 -20577.2 -46236 25658.8 0.11 0.109985 0.331662 0.331639 0.08 0 0 0.484205 -0.00588623 -0.00752096
751 -20417.1 -46236 25818.9 0.11 0.110008 0.331662 0.331674 0.08 0 0 0.481042 -0.0078487 -0.00665319
752 -20354.1 -46236 25881.9 0.11 0.109994 0.331662 0.331654 0.08 0 0 0.479685 -0.00723533 -0.00572006
753 -20327.4 -46236 25908.6 0.11 0.110024 0.331662 0.331699 0.08 0 0 0.47976 -0.00593562 -0.00664806
754 -20231.8 -46236 26004.2 0.11 0.109993 0.331662 0.331653 0.08 0 0 0.477774 -0.00405337 -0.00511428
755 -20291.5 -46236 25944.5 0.11 0.109998 0.331662 0.331659 0.08 0 0 0.4822 -0.00304734 -0.00416583
756 -20308.6 -46236 25927.4 0.11 0.110009 0.331662 0.331675 0.08 0 0 0.481963 -0.0025497 -0.00477131
757 -20272.5 -46236 25963.5 0.11 0.110039 0.331662 0.331721 0.08 0 0 0.480081 -0.00265001 -0.00245227
758 -20338 -46236 25898 0.11 0.109999 0.331662 0.331661 0.08 0 0 0.48367 -0.00190643 -0.00331004
759 -20275.4 -46236 25960.5 0.11 0.109999 0.331662 0.331661 0.08 0 0 0.483341 0.000430247 -0.00541148
760 -20164.4 -46236 26071.6 0.11 0.10999 0.331662 0.331647 0.08 0 0 0.480601 -0.00215753 -0.0072058
761 -20281.9 -46236 25954.1 0.11 0.110021 0.331662 0.331694 0.08 0 0 0.48348 -0.0027938 -0.0081981
762 -20288.9 -46236 25947.1 0.11 0.110021 0.331662 0.331694 0.08 0 0 0.483789 -0.0041239 -0.00380574
763 -20306.3 -46236 25929.7 0.11 0.110007 0.331662 0.331672 0.08 0 0 0.483671 -0.0021715 -0.00459966
764 -20243.4 -46236 25992.6 0.11 0.109995 0.331662 0.331654 0.08 0 0 0.484875 -0.00219519 -0.00394195
765 -20276.1 -46236 25959.8 0.11 0.11 0.331662 0.331663 0.08 0 0 0.485962 -0.00292389 -0.00617104
766 -20405.7 -46236 25830.3 0.11 0.110008 0.331662 0.331675 0.08 0 0 0.486783 -0.0066387 -0.00774221
767 -20448.8 -46236 25787.1 0.11 0.110002 0.331662 0.331666 0.08 0 0 0.488699 -0.0037363 -0.00978922
768 -20391.2 -46236 25844.7 0.11 0.109997 0.331662 0.331658 0.08 0 0 0.48595 -0.00185462 -0.00914842
769 -20403.5 -46236 25832.5 0.11 0.109981 0.331662 0.331634 0.08 0 0 0.485415 -0.00186548 -0.0101768
770 -20254.2 -46236 25981.8 0.11 0.109978 0.331662 0.33163 0.08 0 0 0.483934 -0.00295389 -0.0107568
771 -20348.9 -46236 25887.1 0.11 0.110012 0.331662 0.33168 0.08 0 0 0.484675 -0.00592347 -0.00883416
772 -20419.9 -46236 25816.1 0.11 0.109995 0.331662 0.331654 0.08 0 0 0.486443 -0.00633802 -0.0114962
773 -20562.3 -46236 25673.6 0.11 0.11 0.331662 0.331663 0.08 0 0 0.488409 -0.00909324 -0.0123156
774 -20417.2 -46236 25818.8 0.11 0.110015 0.331662 0.331686 0.08 0 0 0.486148 -0.011192 -0.00995743
775 -20195.3 -46236 26040.7 0.11 0.109977 0.331662 0.331628 0.08 0 0 0.482217 -0.0102795 -0.00997057
776 -20237.3 -46236 25998.7 0.11 0.110019 0.331662 0.331691 0.08 0 0 0.481972 -0.0107733 -0.009957
777 -20254.9 -46236 25981.1 0.11 0.11001 0.331662 0.331678 0.08 0 0 0.483389 -0.00902432 -0.0121776
778 -20343.1 -46236 25892.8 0.11 0.11002 0.331662 0.331692 0.08 0 0 0.484534 -0.00846946 -0.0142684
779 -20387.7 -46236 25848.3 0.11 0.109983 0.331662 0.331638 0.08 0 0 0.484942 -0.00573235 -0.0143948
780 -20397.4 -46236 25838.6 0.11 0.109994 0.331662 0.331653 0.08 0 0 0.486133 -0.00587614 -0.0167122
781 -20342.7 -46236 25893.3 0.11 0.109997 0.331662 0.331658 0.08 0 0 0.485862 -0.00329076 -0.0159475
782 -20518.8 -46236 25717.2 0.11 0.110019 0.331662 0.331691 0.08 0 0 0.486448 -0.00273804 -0.0195294
783 -20282.2 -46236 25953.8 0.11 0.110026 0.331662 0.331702 0.08 0 0 0.483895 -0.00602888 -0.0164323
784 -20337.8 -46236 25898.1 0.11 0.109998 0.331662 0.33166 0.08 0 0 0.482809 -0.00741166 -0.0175905
785 -20386.6 -46236 25849.3 0.11 0.109985 0.331662 0.331641 0.08 0 0 0.483345 -0.0112104 -0.0166188
786 -20366.4 -46236 25869.5 0.11 0.110007 0.331662 0.331673 0.08 0 0 0.48624 -0.0101746 -0.012752
787 -20409.3 -46236 25826.6 0.11 0.109989 0.331662 0.331647 0.08 0 0 0.486096 -0.0110689 -0.0126378
788 -20493.5 -46236 25742.5 0.11 0.109995 0.331662 0.331655 0.08 0 0 0.487254 -0.0136054 -0.0140996
789 -20362.2 -46236 25873.8 0.11 0.10999 0.331662 0.331647 0.08 0 0 0.48453 -0.0127758 -0.0143659
790 -20549.9 -46236 25686.1 0.11 0.110011 0.331662 0.331679 0.08 0 0 0.484319 -0.0155182 -0.0178672
791 -20700.6 -46236 25535.4 0.11 0.110019 0.331662 0.331692 0.08 0 0 0.487519 -0.0149757 -0.0171173
792 -20673.7 -46236 25562.3 0.11 0.109989 0.331662 0.331647 0.08 0 0 0.487718 -0.0148325 -0.0208536
793 -20605.4 -46236 25630.6 0.11 0.110001 0.331662 0.331664 0.08 0 0 0.488164 -0.0146781 -0.019117
794 -20616 -46236 25620 0.11 0.11001 0.331662 0.331678 0.08 0 0 0.48964 -0.0131267 -0.0159647
795 -20657.4 -46236 25578.6 0.11 0.109988 0.331662 0.331645 0.08 0 0 0.488113 -0.0119228 -0.0169958
796 -20586.2 -46236 25649.7 0.11 0.110009 0.331662 0.331677 0.08 0 0 0.487941 -0.0142047 -0.0171311
797 -20671.1 -46236 25564.9 0.11 0.110005 0.331662 0.331669 0.08 0 0 0.488797 -0.0138337 -0.0195003
798 -20713.2 -46236 25522.8 0.11 0.109995 0.331662 0.331655 0.08 0 0 0.487939 -0.0143674 -0.0163063
799 -20690.9 -46236 25545.1 0.11 0.11 0.331662 0.331662 0.08 0 0 0.488723 -0.014437 -0.0162992
800 -20694.3 -46236 25541.7 0.11 0.110021 0.331662 0.331694 0.08 0 0 0.48986 -0.0153548 -0.0169164
801 -20712.9 -46236 25523.1 0.11 0.110002 0.331662 0.331665 0.08 0 0 0.490406 -0.0186976 -0.0150042
802 -20573.7 -46236 25662.3 0.11 0.110001 0.331662 0.331663 0.08 0 0 0.490476 -0.0186282 -0.015402
803 -20703.2 -46236 25532.8 0.11 0.109993 0.331662 0.331652 0.08 0 0 0.491414 -0.0192844 -0.017968
804 -20742.6 -46236 25493.3 0.11 0.109997 0.331662 0.331659 0.08 0 0 0.490971 -0.0169726 -0.0232709
805 -20622 -46236 25614 0.11 0.109987 0.331662 0.331643 0.08 0 0 0.489082 -0.0152623 -0.0212117
806 -20830.4 -46236 25405.6 0.11 0.109996 0.331662 0.331656 0.08 0 0 0.493765 -0.0148593 -0.0251769
807 -20865.1 -46236 25370.9 0.11 0.11 0.331662 0.331662 0.08 0 0 0.494592 -0.0183016 -0.0232352
808 -20654.8 -46236 25581.1 0.11 0.109998 0.331662 0.331659 0.08 0 0 0.492602 -0.0219094 -0.0205924
809 -20520.1 -46236 25715.8 0.11 0.109983 0.331662 0.331637 0.08 0 0 0.488338 -0.0220143 -0.0198905
810 -20481.6 -46236 25754.4 0.11 0.109971 0.331662 0.331618 0.08 0 0 0.489751 -0.0220803 -0.0226171
811 -20551.1 -46236 25684.9 0.11 0.109982 0.331662 0.331636 0.08 0 0 0.48762 -0.022398 -0.0257216
812 -20497.8 -46236 25738.2 0.11 0.11 0.331662 0.331662 0.08 0 0 0.487962 -0.0199929 -0.024213
813 -20496.8 -46236 25739.1 0.11 0.109992 0.331662 0.331651 0.08 0 0 0.487607 -0.0189968 -0.0228866
814 -20559.9 -46236 25676.1 0.11 0.109993 0.331662 0.331652 0.08 0 0 0.486212 -0.0204239 -0.0235981
815 -20583.8 -46236 25652.2 0.11 0.109983 0.331662 0.331637 0.08 0 0 0.485531 -0.0203771 -0.0218812
816 -20547.1 -46236 25688.9 0.11 0.110021 0.331662 0.331694 0.08 0 0 0.486616 -0.0192471 -0.0217967
817 -20733.9 -46236 25502.1 0.11 0.10998 0.331662 0.331633 0.08 0 0 0.486409 -0.0185517 -0.0244792
818 -20722.6 -46236 25513.3 0.11 0.110004 0.331662 0.331669 0.08 0 0 0.485662 -0.0189521 -0.027336
819 -20838.9 -46236 25397.1 0.11 0.109978 0.331662 0.331629 0.08 0 0 0.487233 -0.0223462 -0.0261163
820 -20788.8 -46236 25447.1 0.11 0.109965 0.331662 0.331609 0.08 0 0 0.486986 -0.0201557 -0.0259614
821 -20733.4 -46236 25502.5 0.11 0.110017 0.331662 0.331688 0.08 0 0 0.488756 -0.0217655 -0.0300958
822 -20643.7 -46236 25592.3 0.11 0.110012 0.331662 0.33168 0.08 0 0 0.488568 -0.0201948 -0.029496
823 -20601 -46236 25634.9 0.11 0.109985 0.331662 0.33164 0.08 0 0 0.487332 -0.0185099 -0.0311801
824 -20710.7 -46236 25525.3 0.11 0.109986 0.331662 0.331642 0.08 0 0 0.489465 -0.0173174 -0.0305112
825 -20775.8 -46236 25460.2 0.11 0.109995 0.331662 0.331655 0.08 0 0 0.490519 -0.0170114 -0.0317871
826 -20867.8 -46236 25368.1 0.11 0.109984 0.331662 0.331639 0.08 0 0 0.492257 -0.015315 -0.0270914
827 -20838.1 -46236 25397.9 0.11 0.109993 0.331662 0.331652 0.08 0 0 0.493621 -0.0167024 -0.0277683
828 -20824.6 -46236 25411.4 0.11 0.109985 0.331662 0.331641 0.08 0 0 0.493139 -0.022301 -0.0287363
829 -20903.5 -46236 25332.5 0.11 0.110011 0.331662 0.331679 0.08 0 0 0.49286 -0.0252211 -0.0282183
830 -20969.2 -46236 25266.8 0.11 0.110016 0.331662 0.331686 0.08 0 0 0.494659 -0.0210041 -0.028125
831 -21119.1 -46236 25116.9 0.11 0.110003 0.331662 0.331667 0.08 0 0 0.499018 -0.022222 -0.0247212
832 -21142.9 -46236 25093 0.11 0.110001 0.331662 0.331665 0.08 0 0 0.498521 -0.019453 -0.024159
833 -21086.6 -46236 25149.4 0.11 0.110025 0.331662 0.3317 0.08 0 0 0.498577 -0.0159585 -0.0235222
834 -21017.9 -46236 25218 0.11 0.109997 0.331662 0.331657 0.08 0 0 0.500345 -0.015071 -0.0233162
835 -20989.5 -46236 25246.5 0.11 0.110004 0.331662 0.331668 0.08 0 0 0.502031 -0.0125207 -0.0257103
836 -20996.4 -46236 25239.5 0.11 0.11001 0.331662 0.331677 0.08 0 0 0.499872 -0.0107898 -0.0280954
837 -21033.2 -46236 25202.8 0.11 0.110005 0.331662 0.331671 0.08 0 0 0.499715 -0.0146778 -0.0245505
838 -21176.9 -46236 25059.1 0.11 0.110003 0.331662 0.331668 0.08 0 0 0.500837 -0.00759574 -0.0235513
839 -21255.8 -46236 24980.1 0.11 0.109995 0.331662 0.331655 0.08 0 0 0.49962 -0.00910135 -0.0248952
840 -21240.2 -46236 24995.8 0.11 0.110001 0.331662 0.331664 0.08 0 0 0.496662 -0.00967748 -0.0246704
841 -21267.4 -46236 24968.6 0.11 0.110004 0.331662 0.331669 0.08 0 0 0.500908 -0.0125534 -0.0271724
842 -21184.4 -46236 25051.6 0.11 0.11 0.331662 0.331662 0.08 0 0 0.498867 -0.0110802 -0.0286144
843 -21093.6 -46236 25142.4 0.11 0.109987 0.331662 0.331643 0.08 0 0 0.500085 -0.0108604 -0.0306915
844 -21008.5 -46236 25227.5 0.11 0.109981 0.331662 0.331634 0.08 0 0 0.499051 -0.0104151 -0.0308084
845 -21054.8 -46236 25181.2 0.11 0.109986 0.331662 0.331641 0.08 0 0 0.49757 -0.00833988 -0.0291124
846 -21189.4 -46236 25046.6 0.11 0.109998 0.331662 0.33166 0.08 0 0 0.498665 -0.00704638 -0.0261687
847 -21067.4 -46236 25168.6 0.11 0.109981 0.331662 0.331634 0.08 0 0 0.497285 -0.00668694 -0.024763
848 -21049.9 -46236 25186.1 0.11 0.110023 0.331662 0.331698 0.08 0 0 0.49765 -0.00418574 -0.0227235
849 -20808.3 -46236 25427.7 0.11 0.110026 0.331662 0.331702 0.08 0 0 0.493829 -0.00667821 -0.0238431
850 -20908.6 -46236 25327.4 0.11 0.109994 0.331662 0.331654 0.08 0 0 0.494529 -0.0036266 -0.0173358
851 -20816.4 -46236 25419.6 0.11 0.11001 0.331662 0.331678 0.08 0 0 0.494046 -0.0042971 -0.0196935
852 -20942.2 -46236 25293.7 0.11 0.109999 0.331662 0.331661 0.08 0 0 0.496051 -0.00363868 -0.0200023
853 -20981 -46236 25255 0.11 0.110005 0.331662 0.33167 0.08 0 0 0.497339 -0.00356477 -0.0218374
854 -21187.2 -46236 25048.8 0.11 0.110013 0.331662 0.331683 0.08 0 0 0.50108 -0.00379946 -0.0209104
855 -21033.6 -46236 25202.4 0.11 0.110001 0.331662 0.331665 0.08 0 0 0.499623 -0.00206367 -0.0201611
856 -20986.7 -46236 25249.2 0.11 0.110004 0.331662 0.331669 0.08 0 0 0.497074 -0.000431204 -0.02403
857 -20916.8 -46236 25319.2 0.11 0.109994 0.331662 0.331654 0.08 0 0 0.497007 0.00140978 -0.0216588
858 -20925.6 -46236 25310.3 0.11 0.110009 0.331662 0.331676 0.08 0 0 0.496675 0.000202284 -0.017827
859 -20939 -46236 25297 0.11 0.109999 0.331662 0.331661 0.08 0 0 0.494587 0.000550001 -0.0163619
860 -20961.4 -46236 25274.6 0.11 0.109999 0.331662 0.33166 0.08 0 0 0.495618 -0.000132607 -0.0174097
861 -20909.4 -46236 25326.6 0.11 0.110014 0.331662 0.331684 0.08 0 0 0.494083 -0.00346839 -0.0191358
862 -20746.6 -46236 25489.4 0.11 0.110015 0.331662 0.331685 0.08 0 0 0.49305 0.000481525 -0.0189443
863 -20891.1 -46236 25344.9 0.11 0.110009 0.331662 0.331675 0.08 0 0 0.497603 0.000898043 -0.0240396
864 -21030.8 -46236 25205.2 0.11 0.109995 0.331662 0.331656 0.08 0 0 0.499422 0.00024716 -0.0200053
865 -20999.5 -46236 25236.4 0.11 0.109995 0.331662 0.331655 0.08 0 0 0.498042 0.00416936 -0.0223751
866 -21025.5 -46236 25210.5 0.11 0.109981 0.331662 0.331634 0.08 0 0 0.496905 0.00605939 -0.0197614
867 -21039.1 -46236 25196.8 0.11 0.109994 0.331662 0.331654 0.08 0 0 0.496925 0.00309738 -0.0193376
868 -21061.9 -46236 25174.1 0.11 0.110026 0.331662 0.331701 0.08 0 0 0.496327 -0.00200035 -0.0181505
869 -21049 -46236 25186.9 0.11 0.11 0.331662 0.331662 0.08 0 0 0.496252 -0.000587564 -0.019433
870 -21056.6 -46236 25179.4 0.11 0.11001 0.331662 0.331678 0.08 0 0 0.496892 -0.000930998 -0.0215653
871 -21018 -46236 25218 0.11 0.110001 0.331662 0.331664 0.08 0 0 0.494833 -0.000551357 -0.0245052
872 -21138.8 -46236 25097.2 0.11 0.110004 0.331662 0.331669 0.08 0 0 0.496194 -0.00718343 -0.0314801
873 -20933.7 -46236 25302.3 0.11 0.109987 0.331662 0.331643 0.08 0 0 0.495681 -0.0103599 -0.030572
874 -20984.1 -46236 25251.8 0.11 0.109989 0.331662 0.331646 0.08 0 0 0.497532 -0.00720912 -0.0302802
875 -20944 -46236 25292 0.11 0.110014 0.331662 0.331683 0.08 0 0 0.497287 -0.0081383 -0.0337363
876 -20887.1 -46236 25348.9 0.11 0.10999 0.331662 0.331648 0.08 0 0 0.494549 -0.00926638 -0.039062
877 -20774.1 -46236 25461.9 0.11 0.110019 0.331662 0.331691 0.08 0 0 0.492747 -0.0123613 -0.0366503
878 -20835.3 -46236 25400.7 0.11 0.109996 0.331662 0.331656 0.08 0 0 0.496218 -0.0126305 -0.0352333
879 -20780.4 -46236 25455.6 0.11 0.109983 0.331662 0.331637 0.08 0 0 0.493691 -0.00776878 -0.0333237
880 -20796.3 -46236 25439.7 0.11 0.109997 0.331662 0.331659 0.08 0 0 0.492296 -0.00730893 -0.0328976
881 -20849.5 -46236 25386.5 0.11 0.110013 0.331662 0.331682 0.08 0 0 0.490513 -0.00524361 -0.0334769
882 -20966.2 -46236 25269.8 0.11 0.11001 0.331662 0.331677 0.08 0 0 0.492526 -0.00931178 -0.0293212
883 -20857.4 -46236 25378.6 0.11 0.110011 0.331662 0.331679 0.08 0 0 0.491876 -0.00710418 -0.0278583
884 -21025.5 -46236 25210.5 0.11 0.110025 0.331662 0.3317 0.08 0 0 0.492857 -0.00798065 -0.0291711
885 -21005.1 -46236 25230.9 0.11 0.110032 0.331662 0.33171 0.08 0 0 0.493324 -0.0123743 -0.0296298
886 -20926.4 -46236 25309.5 0.11 0.109982 0.331662 0.331636 0.08 0 0 0.494877 -0.0123649 -0.0338191
887 -20979.1 -46236 25256.9 0.11 0.109995 0.331662 0.331655 0.08 0 0 0.494496 -0.0114207 -0.0331376
888 -20904.5 -46236 25331.5 0.11 0.110019 0.331662 0.331691 0.08 0 0 0.492171 -0.0129043 -0.0354592
889 -20912.6 -46236 25323.4 0.11 0.109974 0.331662 0.331624 0.08 0 0 0.492044 -0.0145694 -0.0373549
890 -20897.7 -46236 25338.3 0.11 0.110009 0.331662 0.331675 0.08 0 0 0.492611 -0.014435 -0.0358716
891 -20847.5 -46236 25388.5 0.11 0.109994 0.331662 0.331653 0.08 0 0 0.491103 -0.0153189 -0.0328056
892 -20866.7 -46236 25369.3 0.11 0.109968 0.331662 0.331614 0.08 0 0 0.491451 -0.0170649 -0.0331367
893 -20856.4 -46236 25379.5 0.11 0.109983 0.331662 0.331637 0.08 0 0 0.491168 -0.0174221 -0.0300308
894 -20938.2 -46236 25297.7 0.11 0.109998 0.331662 0.331659 0.08 0 0 0.49361 -0.0171683 -0.0327411
895 -20892.1 -46236 25343.9 0.11 0.109992 0.331662 0.33165 0.08 0 0 0.491183 -0.0195644 -0.0350909
896 -20850.2 -46236 25385.8 0.11 0.109998 0.331662 0.331659 0.08 0 0 0.48966 -0.0207253 -0.0313938
897 -21052.2 -46236 25183.8 0.11 0.110008 0.331662 0.331674 0.08 0 0 0.491273 -0.0242626 -0.0321015
898 -21095.5 -46236 25140.5 0.11 0.109997 0.331662 0.331659 0.08 0 0 0.492088 -0.0215664 -0.0322152
899 -21151.6 -46236 25084.4 0.11 0.110019 0.331662 0.33169 0.08 0 0 0.49476 -0.019468 -0.0345463
900 -21183.6 -46236 25052.4 0.11 0.110009 0.331662 0.331676 0.08 0 0 0.492984 -0.0211131 -0.032626
901 -21066.7 -46236 25169.3 0.11 0.109975 0.331662 0.331624 0.08 0 0 0.488369 -0.0215641 -0.0356022
902 -20980.8 -46236 25255.2 0.11 0.109993 0.331662 0.331652 0.08 0 0 0.488822 -0.0250439 -0.0340605
903 -20880.9 -46236 25355.1 0.11 0.109999 0.331662 0.33166 0.08 0 0 0.489052 -0.0249933 -0.033843
904 -20755.7 -46236 25480.3 0.11 0.110017 0.331662 0.331688 0.08 0 0 0.487798 -0.0229332 -0.035303
905 -20873.5 -46236 25362.5 0.11 0.109993 0.331662 0.331653 0.08 0 0 0.488318 -0.0242788 -0.0329602
906 -20858.2 -46236 25377.8 0.11 0.109995 0.331662 0.331655 0.08 0 0 0.485622 -0.0236416 -0.033801
907 -20853.6 -46236 25382.4 0.11 0.109999 0.331662 0.331661 0.08 0 0 0.484602 -0.0256329 -0.0329193
908 -20717.9 -46236 25518.1 0.11 0.110027 0.331662 0.331703 0.08 0 0 0.480929 -0.0242861 -0.0337972
909 -20655.3 -46236 25580.6 0.11 0.109999 0.331662 0.331661 0.08 0 0 0.480001 -0.0243255 -0.0312461
910 -20746 -46236 25490 0.11 0.109995 0.331662 0.331655 0.08 0 0 0.482549 -0.0234038 -0.0310465
911 -20764.1 -46236 25471.9 0.11 0.109991 0.331662 0.331648 0.08 0 0 0.48514 -0.024445 -0.0273343
912 -20851.1 -46236 25384.9 0.11 0.109984 0.331662 0.331639 0.08 0 0 0.48375 -0.0218596 -0.0271183
913 -20834 -46236 25402 0.11 0.110007 0.331662 0.331673 0.08 0 0 0.483678 -0.0234552 -0.0302174
914 -20883 -46236 25353 0.11 0.110012 0.331662 0.331681 0.08 0 0 0.483923 -0.0228182 -0.0318506
915 -20901.9 -46236 25334.1 0.11 0.110009 0.331662 0.331677 0.08 0 0 0.485423 -0.0194024 -0.0356274
916 -20872.5 -46236 25363.5 0.11 0.110009 0.331662 0.331676 0.08 0 0 0.486164 -0.020939 -0.0354074
917 -20902.9 -46236 25333 0.11 0.110019 0.331662 0.331691 0.08 0 0 0.488358 -0.023298 -0.035237
918 -20719.5 -46236 25516.5 0.11 0.10999 0.331662 0.331647 0.08 0 0 0.483157 -0.0276512 -0.0343642
919 -20656.9 -46236 25579.1 0.11 0.110005 0.331662 0.331671 0.08 0 0 0.481982 -0.0303909 -0.0348776
920 -20663.1 -46236 25572.8 0.11 0.110009 0.331662 0.331676 0.08 0 0 0.484305 -0.0258595 -0.0302199
921 -20742.2 -46236 25493.7 0.11 0.110004 0.331662 0.331669 0.08 0 0 0.487166 -0.0229416 -0.0304045
922 -20761.6 -46236 25474.4 0.11 0.109988 0.331662 0.331644 0.08 0 0 0.48678 -0.0237276 -0.0312342
923 -20813.3 -46236 25422.6 0.11 0.110001 0.331662 0.331665 0.08 0 0 0.487512 -0.0210344 -0.030261
924 -20882.7 -46236 25353.2 0.11 0.10997 0.331662 0.331617 0.08 0 0 0.492108 -0.0222314 -0.0316758
925 -20850.4 -46236 25385.6 0.11 0.109997 0.331662 0.331658 0.08 0 0 0.488928 -0.019063 -0.0297006
926 -20963.2 -46236 25272.8 0.11 0.110001 0.331662 0.331664 0.08 0 0 0.491399 -0.0179301 -0.0299621
927 -21007 -46236 25229 0.11 0.110027 0.331662 0.331704 0.08 0 0 0.493777 -0.0150783 -0.0295215
928 -21000.2 -46236 25235.8 0.11 0.109999 0.331662 0.331661 0.08 0 0 0.49515 -0.0159084 -0.0291309
929 -20958.4 -46236 25277.6 0.11 0.110006 0.331662 0.331672 0.08 0 0 0.493654 -0.016864 -0.0294339
930 -20910.9 -46236 25325.1 0.11 0.109981 0.331662 0.331634 0.08 0 0 0.492291 -0.0126888 -0.0360673
931 -20914 -46236 25322 0.11 0.110004 0.331662 0.331668 0.08 0 0 0.49249 -0.0112606 -0.0357166
932 -20876.2 -46236 25359.8 0.11 0.110005 0.331662 0.331669 0.08 0 0 0.489164 -0.0126944 -0.0374136
933 -21002.4 -46236 25233.6 0.11 0.109997 0.331662 0.331658 0.08 0 0 0.491765 -0.0162188 -0.0332847
934 -20993.8 -46236 25242.1 0.11 0.109975 0.331662 0.331624 0.08 0 0 0.491242 -0.012225 -0.0335109
935 -21028.3 -46236 25207.7 0.11 0.109999 0.331662 0.331661 0.08 0 0 0.492854 -0.010753 -0.0330232
936 -21032.8 -46236 25203.2 0.11 0.109966 0.331662 0.331611 0.08 0 0 0.491943 -0.00903355 -0.0317265
937 -21060.2 -46236 25175.8 0.11 0.109997 0.331662 0.331658 0.08 0 0 0.494738 -0.0117474 -0.0323098
938 -21000.3 -46236 25235.7 0.11 0.110008 0.331662 0.331675 0.08 0 0 0.492051 -0.0115516 -0.0325089
939 -20988.6 -46236 25247.4 0.11 0.109991 0.331662 0.331649 0.08 0 0 0.491956 -0.0111793 -0.0357593
940 -21087.2 -46236 25148.8 0.11 0.110023 0.331662 0.331697 0.08 0 0 0.49334 -0.0102007 -0.0395147
941 -21089.3 -46236 25146.7 0.11 0.110002 0.331662 0.331666 0.08 0 0 0.493773 -0.00932852 -0.0382253
942 -20958.2 -46236 25277.8 0.11 0.109988 0.331662 0.331645 0.08 0 0 0.491168 -0.00826789 -0.0337987
943 -20889.1 -46236 25346.9 0.11 0.110005 0.331662 0.33167 0.08 0 0 0.49093 -0.00526043 -0.0345518
944 -20733.3 -46236 25502.7 0.11 0.110014 0.331662 0.331684 0.08 0 0 0.48922 -0.00513923 -0.0366802
945 -20815.1 -46236 25420.9 0.11 0.110009 0.331662 0.331676 0.08 0 0 0.48848 -0.0048819 -0.0412005
946 -20851.1 -46236 25384.9 0.11 0.109992 0.331662 0.33165 0.08 0 0 0.488737 -0.00705743 -0.0429464
947 -20841.6 -46236 25394.4 0.11 0.110001 0.331662 0.331664 0.08 0 0 0.485666 -0.00777974 -0.0439137
948 -20773.3 -46236 25462.7 0.11 0.11001 0.331662 0.331678 0.08 0 0 0.486374 -0.0132191 -0.0460013
949 -20830.7 -46236 25405.3 0.11 0.109978 0.331662 0.33163 0.08 0 0 0.489318 -0.00886718 -0.0440428
950 -20778.5 -46236 25457.5 0.11 0.109988 0.331662 0.331645 0.08 0 0 0.489215 -0.00716999 -0.0427548
951 -20810.9 -46236 25425.1 0.11 0.110004 0.331662 0.331669 0.08 0 0 0.488948 -0.0117508 -0.0439193
952 -20942.2 -46236 25293.7 0.11 0.109998 0.331662 0.33166 0.08 0 0 0.49189 -0.0141321 -0.0475048
953 -21008.9 -46236 25227.1 0.11 0.110001 0.331662 0.331664 0.08 0 0 0.491586 -0.0137261 -0.0505046
954 -21053.5 -46236 25182.5 0.11 0.110012 0.331662 0.331681 0.08 0 0 0.493144 -0.0156597 -0.0530902
955 -21085 -46236 25151 0.11 0.109984 0.331662 0.331639 0.08 0 0 0.493193 -0.0141503 -0.0555456
956 -21051.7 -46236 25184.3 0.11 0.110003 0.331662 0.331667 0.08 0 0 0.494856 -0.00826182 -0.0548879
957 -20944.3 -46236 25291.7 0.11 0.109997 0.331662 0.331658 0.08 0 0 0.491935 -0.00486861 -0.0571504
958 -20952.6 -46236 25283.3 0.11 0.110004 0.331662 0.331669 0.08 0 0 0.490502 -0.00548037 -0.0584244
959 -20996.1 -46236 25239.9 0.11 0.109992 0.331662 0.33165 0.08 0 0 0.490318 -0.00546535 -0.0606986
960 -21005.6 -46236 25230.4 0.11 0.109997 0.331662 0.331658 0.08 0 0 0.489651 -0.00323376 -0.0613079
961 -20929.4 -46236 25306.6 0.11 0.109996 0.331662 0.331656 0.08 0 0 0.487212 -0.0022933 -0.0597564
962 -21114.6 -46236 25121.4 0.11 0.110022 0.331662 0.331695 0.08 0 0 0.489 -0.000363534 -0.0628046
963 -21263.9 -46236 24972.1 0.11 0.109999 0.331662 0.33166 0.08 0 0 0.491138 0.00122916 -0.0630156
964 -21182.5 -46236 25053.5 0.11 0.109977 0.331662 0.331628 0.08 0 0 0.490031 -0.00183647 -0.0597766
965 -21201.9 -46236 25034 0.11 0.110001 0.331662 0.331664 0.08 0 0 0.487624 -0.00246079 -0.058486
966 -21045.2 -46236 25190.8 0.11 0.11 0.331662 0.331663 0.08 0 0 0.488661 -0.00311491 -0.0588741
967 -21011.8 -46236 25224.2 0.11 0.110001 0.331662 0.331665 0.08 0 0 0.489298 -0.00167383 -0.0564335
968 -20928.5 -46236 25307.5 0.11 0.109997 0.331662 0.331658 0.08 0 0 0.487893 -0.000827966 -0.055786
969 -20862.3 -46236 25373.7 0.11 0.110001 0.331662 0.331664 0.08 0 0 0.486933 -0.000242925 -0.0529392
970 -20834.7 -46236 25401.3 0.11 0.109996 0.331662 0.331657 0.08 0 0 0.487118 -0.0011529 -0.0528452
971 -20909.2 -46236 25326.8 0.11 0.110025 0.331662 0.331699 0.08 0 0 0.488363 -0.000602374 -0.0511402
972 -20950.7 -46236 25285.2 0.11 0.109989 0.331662 0.331646 0.08 0 0 0.490185 -0.0018041 -0.0532034
973 -20907 -46236 25329 0.11 0.110024 0.331662 0.331699 0.08 0 0 0.490447 0.00252061 -0.0525733
974 -20937 -46236 25299 0.11 0.109994 0.331662 0.331654 0.08 0 0 0.490818 0.00450741 -0.0524888
975 -20871.9 -46236 25364.1 0.11 0.10998 0.331662 0.331632 0.08 0 0 0.488973 0.00372038 -0.0528239
976 -20890.5 -46236 25345.4 0.11 0.110012 0.331662 0.331681 0.08 0 0 0.489224 0.00801917 -0.0511355
977 -20867.2 -46236 25368.8 0.11 0.109993 0.331662 0.331652 0.08 0 0 0.490298 0.00839284 -0.0529198
978 -20841 -46236 25395 0.11 0.109987 0.331662 0.331643 0.08 0 0 0.489576 0.00595224 -0.053662
979 -20882.5 -46236 25353.5 0.11 0.109989 0.331662 0.331646 0.08 0 0 0.493055 0.00603897 -0.0520123
980 -20876.5 -46236 25359.5 0.11 0.109989 0.331662 0.331646 0.08 0 0 0.491008 0.00565555 -0.0521295
981 -20870.7 -46236 25365.2 0.11 0.109979 0.331662 0.331631 0.08 0 0 0.494033 0.00458005 -0.0547764
982 -20688.7 -46236 25547.3 0.11 0.109993 0.331662 0.331652 0.08 0 0 0.490695 0.00293536 -0.0561804
983 -20631.2 -46236 25604.8 0.11 0.110004 0.331662 0.331668 0.08 0 0 0.488049 0.00329557 -0.056494
984 -20594 -46236 25642 0.11 0.110007 0.331662 0.331674 0.08 0 0 0.487468 0.00304542 -0.056975
985 -20688.5 -46236 25547.5 0.11 0.109982 0.331662 0.331635 0.08 0 0 0.488025 -0.000615844 -0.0596309
986 -20625 -46236 25611 0.11 0.109976 0.331662 0.331626 0.08 0 0 0.485475 -0.00111227 -0.0584387
987 -20531.5 -46236 25704.5 0.11 0.110002 0.331662 0.331666 0.08 0 0 0.485065 1.75721e-05 -0.0581636
988 -20316.5 -46236 25919.4 0.11 0.110002 0.331662 0.331665 0.08 0 0 0.480458 -0.00233926 -0.0576628
989 -20506.9 -46236 25729.1 0.11 0.110001 0.331662 0.331664 0.08 0 0 0.48372 -0.00423605 -0.0565906
990 -20407 -46236 25829 0.11 0.110002 0.331662 0.331666 0.08 0 0 0.481292 -0.00480985 -0.0585139
991 -20544.3 -46236 25691.7 0.11 0.110016 0.331662 0.331686 0.08 0 0 0.481593 -0.00596452 -0.0619653
992 -20527.3 -46236 25708.7 0.11 0.109986 0.331662 0.331641 0.08 0 0 0.482034 -0.00543424 -0.0639311
993 -20408.6 -46236 25827.4 0.11 0.109998 0.331662 0.33166 0.08 0 0 0.482068 -0.00561401 -0.0628366
994 -20561.4 -46236 25674.6 0.11 0.110006 0.331662 0.331672 0.08 0 0 0.484041 -0.00999159 -0.0625676
995 -20493 -46236 25743 0.11 0.110001 0.331662 0.331665 0.08 0 0 0.482184 -0.0120958 -0.0585068
996 -20626 -46236 25610 0.11 0.110003 0.331662 0.331667 0.08 0 0 0.481735 -0.0138007 -0.0589121
997 -20718.6 -46236 25517.4 0.11 0.11002 0.331662 0.331693 0.08 0 0 0.483512 -0.0121853 -0.0604747
998 -20850.9 -46236 25385.1 0.11 0.109997 0.331662 0.331657 0.08 0 0 0.483915 -0.0134288 -0.0607587
999 -20772.6 -46236 25463.3 0.11 0.110006 0.331662 0.331671 0.08 0 0 0.484273 -0.0087997 -0.0618116
1000 -20785.3 -46236 25450.7 0.11 0.11004 0.331662 0.331722 0.08 0 0 0.48524 -0.00889586 -0.0658347
