1 -1525.83 -45757 44231.1 0.0100001 0.1 0.02 0 0 0.00333253 -0.0114429 0.000121852
2 -2757.45 -45757 42999.5 0.00999974 0.0999987 0.02 0 0 0.00313799 -0.0127252 9.78094e-05
3 -3872.53 -45757 41884.4 0.00999979 0.099999 0.02 0 0 0.00302462 -0.0141375 0.000961508
4 -4920.37 -45757 40836.6 0.0100004 0.100002 0.02 0 0 0.00360091 -0.0141716 0.00147353
5 -5931.01 -45757 39826 0.00999941 0.0999971 0.02 0 0 0.00353529 -0.0147103 0.0017891
6 -6935.61 -45757 38821.4 0.00999953 0.0999977 0.02 0 0 0.00476725 -0.0158682 0.00176806
7 -7900.54 -45757 37856.4 0.00999911 0.0999956 0.02 0 0 0.00516284 -0.0170138 0.00158688
8 -8831.02 -45757 36926 0.00999953 0.0999976 0.02 0 0 0.00533019 -0.018661 0.00129337
9 -9729.71 -45757 36027.3 0.0100002 0.100001 0.02 0 0 0.00567764 -0.019366 0.00217726
10 -10659.4 -45757 35097.6 0.01 0.1 0.02 0 0 0.00635454 -0.0216737 0.00157032
11 -11603.4 -45757 34153.6 0.0099997 0.0999985 0.02 0 0 0.00579951 -0.0226194 0.00187021
12 -12529.2 -45757 33227.8 0.00999983 0.0999991 0.02 0 0 0.00680843 -0.0237607 0.00171645
13 -13457.8 -45757 32299.1 0.00999988 0.0999994 0.02 0 0 0.00841149 -0.0256035 0.00260151
14 -14381.5 -45757 31375.4 0.00999981 0.099999 0.02 0 0 0.00914011 -0.027778 0.00246673
15 -15292.5 -45757 30464.4 0.00999936 0.0999968 0.02 0 0 0.0106144 -0.029566 0.00310235
16 -16208.5 -45757 29548.5 0.0100001 0.1 0.02 0 0 0.0111377 -0.0310348 0.00371537
17 -17091.6 -45757 28665.4 0.00999937 0.0999968 0.02 0 0 0.0119797 -0.0326904 0.00444194
18 -17969.6 -45757 27787.3 0.00999992 0.0999996 0.02 0 0 0.0126981 -0.0343273 0.0044066
19 -18840.7 -45757 26916.2 0.0100003 0.100002 0.02 0 0 0.0115309 -0.0363393 0.00539928
20 -19732.5 -45757 26024.5 0.0100003 0.100001 0.02 0 0 0.012237 -0.0382938 0.00446398
21 -20592.2 -45757 25164.8 0.0100004 0.100002 0.02 0 0 0.0138869 -0.0413364 0.0046031
22 -21340.1 -45757 24416.9 0.00999978 0.0999989 0.02 0 0 0.0140304 -0.0425238 0.00444336
23 -22114.1 -45757 23642.8 0.0100001 0.100001 0.02 0 0 0.0147137 -0.044289 0.00544201
24 -22880.6 -45757 22876.4 0.0100001 0.100001 0.02 0 0 0.0159584 -0.0455336 0.0063154
25 -23596.1 -45757 22160.8 0.00999919 0.0999959 0.02 0 0 0.0165216 -0.0471552 0.00629348
26 -24316.7 -45757 21440.3 0.0099995 0.0999975 0.02 0 0 0.0177548 -0.0488827 0.0063272
27 -24969.5 -45757 20787.4 0.0100012 0.100006 0.02 0 0 0.018598 -0.0503746 0.00627323
28 -25627.4 -45757 20129.6 0.00999877 0.0999938 0.02 0 0 0.019028 -0.0540273 0.00633444
29 -26232.9 -45757 19524.1 0.0100004 0.100002 0.02 0 0 0.0184471 -0.0555614 0.0072095
30 -26807.6 -45757 18949.3 0.00999951 0.0999975 0.02 0 0 0.0186183 -0.0564853 0.00723949
31 -27380.6 -45757 18376.4 0.00999955 0.0999978 0.02 0 0 0.0195896 -0.0579725 0.0073009
32 -27920.8 -45757 17836.2 0.0100001 0.100001 0.02 0 0 0.0204495 -0.0608182 0.00692087
33 -28421.5 -45757 17335.4 0.00999969 0.0999985 0.02 0 0 0.0210774 -0.0629 0.00687086
34 -28893.6 -45757 16863.4 0.0099999 0.0999995 0.02 0 0 0.0231981 -0.0640766 0.00695817
35 -29332.2 -45757 16424.7 0.00999978 0.0999989 0.02 0 0 0.0232832 -0.0650597 0.00677158
36 -29753.2 -45757 16003.7 0.0100002 0.100001 0.02 0 0 0.0237293 -0.0678482 0.00609642
37 -30147.2 -45757 15609.8 0.0100001 0.100001 0.02 0 0 0.0246186 -0.0690009 0.00699217
38 -30519.2 -45757 15237.8 0.00999957 0.0999978 0.02 0 0 0.025631 -0.0697828 0.00760931
39 -30880.3 -45757 14876.6 0.0100003 0.100001 0.02 0 0 0.0272948 -0.0722269 0.00715884
40 -31227.9 -45757 14529 0.00999949 0.0999975 0.02 0 0 0.0276218 -0.0730165 0.00641486
41 -31552.2 -45757 14204.8 0.0100001 0.1 0.02 0 0 0.0268397 -0.0757093 0.00680892
42 -31857.9 -45757 13899.1 0.0100005 0.100003 0.02 0 0 0.0272311 -0.0773188 0.0060231
43 -32136.8 -45757 13620.2 0.00999948 0.0999974 0.02 0 0 0.0277729 -0.0800346 0.00489142
44 -32398.5 -45757 13358.5 0.0100002 0.100001 0.02 0 0 0.0286341 -0.0822435 0.00446887
45 -32641.5 -45757 13115.5 0.0100004 0.100002 0.02 0 0 0.0297746 -0.0847695 0.00432481
46 -32909.1 -45757 12847.9 0.00999979 0.0999989 0.02 0 0 0.0303191 -0.0861005 0.00554162
47 -33137.1 -45757 12619.9 0.00999989 0.0999995 0.02 0 0 0.0305737 -0.0874057 0.00411355
48 -33345.9 -45757 12411 0.0100002 0.100001 0.02 0 0 0.0317432 -0.0883967 0.00359629
49 -33567.5 -45757 12189.5 0.00999987 0.0999994 0.02 0 0 0.0335959 -0.0902627 0.00311465
50 -33792.7 -45757 11964.3 0.00999969 0.0999985 0.02 0 0 0.0352481 -0.0921537 0.00346389
51 -33998.2 -45757 11758.8 0.0100008 0.100004 0.02 0 0 0.0353142 -0.0940634 0.00301314
52 -34184.9 -45757 11572.1 0.0100012 0.100006 0.02 0 0 0.0351975 -0.0953286 0.0032059
53 -34391 -45757 11366 0.00999969 0.0999985 0.02 0 0 0.0355036 -0.0960962 0.00245116
54 -34515.8 -45757 11241.2 0.0100006 0.100003 0.02 0 0 0.0350759 -0.0972094 0.00274979
55 -34690.9 -45757 11066 0.01 0.1 0.02 0 0 0.0347742 -0.0987046 0.00213526
56 -34848.1 -45757 10908.9 0.00999968 0.0999984 0.02 0 0 0.0364409 -0.0990995 0.00173783
57 -35010.1 -45757 10746.9 0.00999979 0.099999 0.02 0 0 0.0370954 -0.100363 0.00165241
58 -35168.4 -45757 10588.6 0.00999987 0.0999993 0.02 0 0 0.0359099 -0.10115 0.00302152
59 -35328.6 -45757 10428.4 0.0100003 0.100001 0.02 0 0 0.0366653 -0.102658 0.00300607
60 -35462.7 -45757 10294.3 0.0100009 0.100004 0.02 0 0 0.0372083 -0.10376 0.0027672
61 -35572.3 -45757 10184.7 0.00999934 0.0999967 0.02 0 0 0.0368116 -0.104825 0.00291987
62 -35691.7 -45757 10065.2 0.0100001 0.1 0.02 0 0 0.0373588 -0.106172 0.00320462
63 -35791.7 -45757 9965.26 0.00999984 0.0999992 0.02 0 0 0.0377511 -0.107074 0.00314426
64 -35908.4 -45757 9848.52 0.0100006 0.100003 0.02 0 0 0.0374831 -0.108398 0.00384495
65 -36021.9 -45757 9735.06 0.00999951 0.0999975 0.02 0 0 0.0377377 -0.109811 0.00459896
66 -36153.8 -45757 9603.22 0.00999967 0.0999983 0.02 0 0 0.039607 -0.109992 0.00492372
67 -36258.5 -45757 9498.47 0.00999972 0.0999986 0.02 0 0 0.0404378 -0.110213 0.00554404
68 -36358.3 -45757 9398.66 0.00999967 0.0999983 0.02 0 0 0.0424497 -0.111076 0.00601518
69 -36442.1 -45757 9314.86 0.0100007 0.100004 0.02 0 0 0.0436989 -0.11267 0.00643008
70 -36543.4 -45757 9213.59 0.00999973 0.0999987 0.02 0 0 0.04471 -0.112708 0.00547554
71 -36643.5 -45757 9113.48 0.00999987 0.0999993 0.02 0 0 0.0453888 -0.113682 0.00545057
72 -36751.4 -45757 9005.58 0.0100003 0.100002 0.02 0 0 0.0469136 -0.11377 0.00440827
73 -36843.2 -45757 8913.73 0.0100004 0.100002 0.02 0 0 0.0468185 -0.114269 0.00451253
74 -36922.2 -45757 8834.73 0.00999972 0.0999986 0.02 0 0 0.0484259 -0.115854 0.00522613
75 -37007.7 -45757 8749.28 0.00999928 0.0999964 0.02 0 0 0.0497574 -0.11671 0.00598959
76 -37085 -45757 8671.93 0.0100001 0.100001 0.02 0 0 0.0512952 -0.118694 0.00656886
77 -37156.8 -45757 8600.21 0.0100003 0.100001 0.02 0 0 0.0508103 -0.118822 0.00550804
78 -37232.2 -45757 8524.78 0.010001 0.100005 0.02 0 0 0.0495971 -0.120077 0.00564688
79 -37320.4 -45757 8436.54 0.00999981 0.0999991 0.02 0 0 0.0495562 -0.121441 0.00611777
80 -37386.9 -45757 8370.05 0.00999977 0.0999989 0.02 0 0 0.0497979 -0.122824 0.00549351
81 -37459.2 -45757 8297.78 0.0100005 0.100002 0.02 0 0 0.050929 -0.123353 0.00480512
82 -37535.8 -45757 8221.2 0.0100002 0.100001 0.02 0 0 0.0515067 -0.125202 0.00503695
83 -37596.4 -45757 8160.57 0.00999948 0.0999974 0.02 0 0 0.0514624 -0.125874 0.00402691
84 -37658.9 -45757 8098.11 0.0100006 0.100003 0.02 0 0 0.0514132 -0.126252 0.00348149
85 -37714.2 -45757 8042.72 0.0100002 0.100001 0.02 0 0 0.0513133 -0.127246 0.00249805
86 -37761.4 -45757 7995.54 0.00999967 0.0999983 0.02 0 0 0.0516795 -0.128711 0.00129547
87 -37847.6 -45757 7909.38 0.0100009 0.100005 0.02 0 0 0.0519357 -0.130605 0.00140016
88 -37900.3 -45757 7856.63 0.0100009 0.100005 0.02 0 0 0.0521534 -0.130853 0.00206215
89 -37947.7 -45757 7809.25 0.00999936 0.0999968 0.02 0 0 0.0527021 -0.131984 0.0019092
90 -38007.7 -45757 7749.25 0.0100005 0.100003 0.02 0 0 0.0544101 -0.132421 0.00138373
91 -38058.4 -45757 7698.59 0.0100002 0.100001 0.02 0 0 0.05499 -0.133773 0.0013494
92 -38111.5 -45757 7645.44 0.00999952 0.0999976 0.02 0 0 0.0546906 -0.134103 0.00062294
93 -38185.8 -45757 7571.13 0.0100007 0.100004 0.02 0 0 0.0548136 -0.134667 -0.000991215
94 -38246.6 -45757 7510.41 0.01 0.1 0.02 0 0 0.0561763 -0.13422 2.44458e-05
95 -38296.4 -45757 7460.56 0.0100006 0.100003 0.02 0 0 0.0570938 -0.135198 2.29967e-05
96 -38377.7 -45757 7379.27 0.0100003 0.100001 0.02 0 0 0.057629 -0.136281 0.000361667
97 -38445.8 -45757 7311.17 0.0099995 0.0999975 0.02 0 0 0.0586864 -0.137556 0.000415237
98 -38476.5 -45757 7280.43 0.00999994 0.0999997 0.02 0 0 0.0590133 -0.138698 -0.000140986
99 -38543.3 -45757 7213.66 0.00999996 0.0999998 0.02 0 0 0.059253 -0.138974 0.000426629
100 -38606 -45757 7151.02 0.00999956 0.0999978 0.02 0 0 0.0598419 -0.140494 -0.000499021
101 -38636.3 -45757 7120.66 0.0100008 0.100004 0.02 0 0 0.0600725 -0.14202 2.94272e-05
102 -38664 -45757 7093.01 0.0100006 0.100003 0.02 0 0 0.0607553 -0.144386 -3.11318e-05
103 -38735.4 -45757 7021.57 0.00999951 0.0999976 0.02 0 0 0.0611786 -0.146218 0.000418006
104 -38781.7 -45757 6975.29 0.00999987 0.0999993 0.02 0 0 0.0616485 -0.148476 0.000810798
105 -38827.4 -45757 6929.59 0.01 0.1 0.02 0 0 0.0611625 -0.149501 0.000166845
106 -38888.7 -45757 6868.23 0.0100003 0.100001 0.02 0 0 0.0632158 -0.150544 0.000791366
107 -38932.1 -45757 6824.83 0.0100003 0.100002 0.02 0 0 0.0647371 -0.1533 0.000226218
108 -38962.2 -45757 6794.75 0.00999974 0.0999987 0.02 0 0 0.0657098 -0.154586 -0.00110236
109 -39027.1 -45757 6729.82 0.00999993 0.0999996 0.02 0 0 0.0670003 -0.155434 -0.000750101
110 -39065.2 -45757 6691.74 0.00999991 0.0999995 0.02 0 0 0.0672527 -0.156811 -9.08093e-05
111 -39109.6 -45757 6647.34 0.01 0.1 0.02 0 0 0.0684778 -0.157893 0.000252313
112 -39147.8 -45757 6609.12 0.0100001 0.100001 0.02 0 0 0.0691841 -0.158574 -0.00111436
113 -39199.8 -45757 6557.21 0.00999975 0.0999987 0.02 0 0 0.0694576 -0.160106 -0.000526735
114 -39238.2 -45757 6518.73 0.0100006 0.100003 0.02 0 0 0.069738 -0.161244 -0.00157496
115 -39294.7 -45757 6462.27 0.00999978 0.0999989 0.02 0 0 0.0700071 -0.16162 -0.00206839
116 -39331 -45757 6426 0.01 0.1 0.02 0 0 0.070669 -0.162687 -0.00196343
117 -39368 -45757 6388.95 0.0100003 0.100002 0.02 0 0 0.0704402 -0.164271 -0.00301674
118 -39405.5 -45757 6351.43 0.0100005 0.100002 0.02 0 0 0.070954 -0.165818 -0.00116791
119 -39449.5 -45757 6307.46 0.0099994 0.099997 0.02 0 0 0.0714585 -0.16628 -0.00070945
120 -39490.2 -45757 6266.79 0.0100002 0.100001 0.02 0 0 0.0719977 -0.167722 -0.000726124
121 -39515.3 -45757 6241.65 0.0100003 0.100002 0.02 0 0 0.0735804 -0.168111 -0.00131459
122 -39529.8 -45757 6227.16 0.00999949 0.0999975 0.02 0 0 0.0742167 -0.16982 -0.00199189
123 -39555.4 -45757 6201.52 0.00999948 0.0999974 0.02 0 0 0.0755196 -0.171809 -0.00212116
124 -39607.4 -45757 6149.56 0.00999937 0.0999969 0.02 0 0 0.076784 -0.172482 -0.00250757
125 -39653.4 -45757 6103.58 0.00999966 0.0999983 0.02 0 0 0.0773259 -0.173506 -0.00328655
126 -39689.6 -45757 6067.39 0.00999962 0.0999981 0.02 0 0 0.0777272 -0.173686 -0.00334912
127 -39706 -45757 6050.95 0.0100005 0.100002 0.02 0 0 0.0784645 -0.174328 -0.00365141
128 -39739.4 -45757 6017.58 0.0100004 0.100002 0.02 0 0 0.0793754 -0.175636 -0.00325821
129 -39783.1 -45757 5973.89 0.0099997 0.0999985 0.02 0 0 0.0809732 -0.176805 -0.00343611
130 -39823.1 -45757 5933.87 0.0100001 0.1 0.02 0 0 0.0805323 -0.177302 -0.00302218
131 -39859.2 -45757 5897.72 0.00999944 0.0999972 0.02 0 0 0.0820391 -0.178308 -0.00315243
132 -39879.4 -45757 5877.54 0.00999986 0.0999993 0.02 0 0 0.0814942 -0.178952 -0.00238658
133 -39897 -45757 5859.93 0.00999932 0.0999966 0.02 0 0 0.0816157 -0.180837 -0.00235562
134 -39932.9 -45757 5824.02 0.00999958 0.0999979 0.02 0 0 0.082049 -0.182123 -0.00182567
135 -39980.8 -45757 5776.18 0.0100003 0.100001 0.02 0 0 0.0839235 -0.183119 -0.00231733
136 -40020.5 -45757 5736.51 0.0100003 0.100001 0.02 0 0 0.0853845 -0.183848 -0.00297788
137 -40039 -45757 5717.98 0.0100001 0.100001 0.02 0 0 0.0860207 -0.184242 -0.00364778
138 -40070.1 -45757 5686.87 0.0099995 0.0999975 0.02 0 0 0.0871332 -0.185735 -0.00361018
139 -40094 -45757 5662.98 0.0100006 0.100003 0.02 0 0 0.0880681 -0.187032 -0.00568091
140 -40115 -45757 5642 0.0100001 0.1 0.02 0 0 0.089306 -0.188321 -0.00599884
141 -40137.2 -45757 5619.77 0.00999954 0.0999977 0.02 0 0 0.0897404 -0.18941 -0.00696273
142 -40146.5 -45757 5610.52 0.0100005 0.100003 0.02 0 0 0.0904322 -0.19055 -0.00696735
143 -40179.8 -45757 5577.21 0.0100007 0.100004 0.02 0 0 0.0912375 -0.190341 -0.00622849
144 -40203.1 -45757 5553.91 0.00999975 0.0999988 0.02 0 0 0.0917338 -0.191061 -0.00747203
145 -40239.5 -45757 5517.5 0.0100001 0.1 0.02 0 0 0.092328 -0.193008 -0.00766874
146 -40261.8 -45757 5495.18 0.0100013 0.100006 0.02 0 0 0.0926545 -0.19395 -0.0080935
147 -40304 -45757 5453 0.00999968 0.0999984 0.02 0 0 0.0919812 -0.195336 -0.00929202
148 -40336 -45757 5420.98 0.0100001 0.1 0.02 0 0 0.0925157 -0.195443 -0.00992622
149 -40368.7 -45757 5388.27 0.0100012 0.100006 0.02 0 0 0.0931099 -0.196451 -0.0100695
150 -40378 -45757 5378.95 0.0100001 0.100001 0.02 0 0 0.0937536 -0.197148 -0.0105576
151 -40402.9 -45757 5354.09 0.00999957 0.0999979 0.02 0 0 0.0946178 -0.198526 -0.0107129
152 -40438.1 -45757 5318.86 0.00999978 0.0999989 0.02 0 0 0.095253 -0.198786 -0.0114026
153 -40477.5 -45757 5279.43 0.00999932 0.0999966 0.02 0 0 0.0958452 -0.200025 -0.0123214
154 -40506.9 -45757 5250.1 0.0100001 0.100001 0.02 0 0 0.0968117 -0.201811 -0.01312
155 -40525.2 -45757 5231.73 0.00999972 0.0999986 0.02 0 0 0.097049 -0.202986 -0.012666
156 -40550.7 -45757 5206.3 0.00999951 0.0999975 0.02 0 0 0.0971329 -0.204524 -0.0132891
157 -40578.2 -45757 5178.8 0.0100001 0.1 0.02 0 0 0.0971821 -0.205312 -0.0128395
158 -40598.2 -45757 5158.79 0.00999963 0.0999981 0.02 0 0 0.096763 -0.206373 -0.0127693
159 -40621.1 -45757 5135.84 0.00999981 0.099999 0.02 0 0 0.0975206 -0.206143 -0.0128971
160 -40647.3 -45757 5109.66 0.0100004 0.100002 0.02 0 0 0.0991884 -0.206248 -0.0126581
161 -40677.1 -45757 5079.84 0.01 0.1 0.02 0 0 0.0990431 -0.207826 -0.0132801
162 -40685.2 -45757 5071.79 0.010001 0.100005 0.02 0 0 0.0997322 -0.209353 -0.0131327
163 -40699.1 -45757 5057.84 0.00999917 0.0999958 0.02 0 0 0.0991885 -0.210553 -0.013189
164 -40720.9 -45757 5036.1 0.00999995 0.0999998 0.02 0 0 0.0997434 -0.211546 -0.0127028
165 -40744.8 -45757 5012.21 0.0100003 0.100002 0.02 0 0 0.100183 -0.211536 -0.0127269
166 -40756.1 -45757 5000.84 0.0100009 0.100005 0.02 0 0 0.100708 -0.212161 -0.0129004
167 -40768.3 -45757 4988.66 0.0100001 0.100001 0.02 0 0 0.100353 -0.214385 -0.0132127
168 -40806 -45757 4951.01 0.0100001 0.100001 0.02 0 0 0.10123 -0.215286 -0.013162
169 -40824.5 -45757 4932.49 0.0100001 0.1 0.02 0 0 0.102443 -0.217132 -0.0140557
170 -40843.5 -45757 4913.44 0.0100002 0.100001 0.02 0 0 0.103115 -0.217881 -0.0135991
171 -40858.7 -45757 4898.25 0.0100001 0.1 0.02 0 0 0.103592 -0.218998 -0.0147922
172 -40887.7 -45757 4869.28 0.00999993 0.0999997 0.02 0 0 0.104421 -0.220532 -0.0149179
173 -40894.8 -45757 4862.13 0.0100008 0.100004 0.02 0 0 0.104733 -0.221256 -0.014665
174 -40911.6 -45757 4845.37 0.0100001 0.100001 0.02 0 0 0.106002 -0.223294 -0.0146953
175 -40925.3 -45757 4831.68 0.00999924 0.0999962 0.02 0 0 0.105741 -0.224133 -0.0147608
176 -40948.7 -45757 4808.22 0.0100002 0.100001 0.02 0 0 0.105796 -0.224548 -0.0140967
177 -40971.2 -45757 4785.75 0.0100009 0.100004 0.02 0 0 0.107788 -0.225951 -0.0143779
178 -40995.9 -45757 4761.11 0.00999969 0.0999985 0.02 0 0 0.108669 -0.22564 -0.0150963
179 -40996.4 -45757 4760.57 0.0100001 0.1 0.02 0 0 0.109789 -0.224967 -0.0151761
180 -41011 -45757 4746 0.00999949 0.0999974 0.02 0 0 0.111 -0.226278 -0.0152334
181 -41032.4 -45757 4724.61 0.00999923 0.0999961 0.02 0 0 0.111646 -0.226798 -0.0150308
182 -41067.7 -45757 4689.25 0.0100002 0.100001 0.02 0 0 0.111859 -0.22797 -0.0153592
183 -41080.2 -45757 4676.79 0.00999958 0.0999979 0.02 0 0 0.112538 -0.229416 -0.016297
184 -41088 -45757 4668.97 0.0100004 0.100002 0.02 0 0 0.11317 -0.230604 -0.0168598
185 -41117.3 -45757 4639.62 0.0100002 0.100001 0.02 0 0 0.114714 -0.231738 -0.0162775
186 -41128.5 -45757 4628.48 0.00999995 0.0999997 0.02 0 0 0.114011 -0.234145 -0.0160926
187 -41130.1 -45757 4626.82 0.00999939 0.0999969 0.02 0 0 0.113435 -0.234573 -0.0151853
188 -41159.8 -45757 4597.12 0.00999945 0.0999972 0.02 0 0 0.114517 -0.235768 -0.0159787
189 -41177.5 -45757 4579.46 0.00999991 0.0999996 0.02 0 0 0.115663 -0.237493 -0.0168155
190 -41185.5 -45757 4571.43 0.01 0.1 0.02 0 0 0.116387 -0.238547 -0.0173973
191 -41195.2 -45757 4561.8 0.0100001 0.1 0.02 0 0 0.117058 -0.240083 -0.0174716
192 -41203 -45757 4554.02 0.0100009 0.100004 0.02 0 0 0.117663 -0.240578 -0.0177735
193 -41220.6 -45757 4536.34 0.00999957 0.0999979 0.02 0 0 0.117175 -0.24154 -0.0187433
194 -41239.3 -45757 4517.68 0.00999943 0.0999971 0.02 0 0 0.117924 -0.243005 -0.0181863
195 -41253.8 -45757 4503.14 0.00999975 0.0999987 0.02 0 0 0.116909 -0.24368 -0.0172963
196 -41276.1 -45757 4480.82 0.0100007 0.100004 0.02 0 0 0.118191 -0.244448 -0.0179752
197 -41313.3 -45757 4443.69 0.00999925 0.0999963 0.02 0 0 0.118914 -0.246322 -0.0181101
198 -41330.8 -45757 4426.18 0.00999969 0.0999984 0.02 0 0 0.119121 -0.246823 -0.0186596
199 -41369.9 -45757 4387.04 0.01 0.1 0.02 0 0 0.118236 -0.247202 -0.0195586
200 -41364.7 -45757 4392.3 0.00999956 0.0999978 0.02 0 0 0.117871 -0.248888 -0.0190865
201 -41385.7 -45757 4371.29 0.0100004 0.100002 0.02 0 0 0.119017 -0.250264 -0.019509
202 -41389.5 -45757 4367.43 0.0100008 0.100004 0.02 0 0 0.11978 -0.250931 -0.0208803
203 -41398.2 -45757 4358.73 0.0100005 0.100003 0.02 0 0 0.120495 -0.250725 -0.0211287
204 -41419.5 -45757 4337.44 0.0100004 0.100002 0.02 0 0 0.120424 -0.251624 -0.0220924
205 -41420.3 -45757 4336.62 0.0099992 0.099996 0.02 0 0 0.120262 -0.253351 -0.0235656
206 -41430.3 -45757 4326.7 0.00999983 0.0999992 0.02 0 0 0.120946 -0.253863 -0.0242023
207 -41439.4 -45757 4317.59 0.0100005 0.100002 0.02 0 0 0.121615 -0.254512 -0.0243733
208 -41448.3 -45757 4308.67 0.00999948 0.0999974 0.02 0 0 0.121587 -0.255687 -0.0242272
209 -41481.9 -45757 4275.1 0.00999997 0.0999998 0.02 0 0 0.121453 -0.255417 -0.02389
210 -41503.6 -45757 4253.36 0.00999951 0.0999976 0.02 0 0 0.122011 -0.256922 -0.0230119
211 -41530 -45757 4226.93 0.0100002 0.100001 0.02 0 0 0.122492 -0.258876 -0.0224969
212 -41519.4 -45757 4237.52 0.0100002 0.100001 0.02 0 0 0.122014 -0.259761 -0.023527
213 -41528.2 -45757 4228.73 0.00999973 0.0999986 0.02 0 0 0.12314 -0.260719 -0.0233793
214 -41544.1 -45757 4212.89 0.00999949 0.0999975 0.02 0 0 0.12424 -0.262437 -0.0236057
215 -41575.5 -45757 4181.46 0.00999995 0.0999997 0.02 0 0 0.12504 -0.26313 -0.0233891
216 -41582.2 -45757 4174.75 0.00999954 0.0999977 0.02 0 0 0.125485 -0.264048 -0.0237581
217 -41595.4 -45757 4161.52 0.00999897 0.0999949 0.02 0 0 0.126567 -0.264254 -0.0254807
218 -41615.5 -45757 4141.42 0.0100014 0.100007 0.02 0 0 0.12608 -0.265884 -0.0253495
219 -41653 -45757 4104.02 0.0100007 0.100003 0.02 0 0 0.126846 -0.266323 -0.0254455
220 -41665.6 -45757 4091.33 0.0100005 0.100002 0.02 0 0 0.126666 -0.26649 -0.026409
221 -41658.2 -45757 4098.77 0.0100001 0.1 0.02 0 0 0.126049 -0.266882 -0.026122
222 -41684.9 -45757 4072.04 0.0099993 0.0999965 0.02 0 0 0.125553 -0.26791 -0.0265726
223 -41701.9 -45757 4055.05 0.0100007 0.100003 0.02 0 0 0.12728 -0.267831 -0.0275276
224 -41717.5 -45757 4039.44 0.00999981 0.0999991 0.02 0 0 0.127716 -0.269951 -0.0281373
225 -41750 -45757 4006.98 0.00999925 0.0999963 0.02 0 0 0.128046 -0.270879 -0.0290458
226 -41758.2 -45757 3998.75 0.00999974 0.0999987 0.02 0 0 0.127686 -0.271248 -0.0296825
227 -41767.3 -45757 3989.67 0.0100001 0.1 0.02 0 0 0.128008 -0.271971 -0.0300393
228 -41802.7 -45757 3954.31 0.0100005 0.100003 0.02 0 0 0.128179 -0.272566 -0.029997
229 -41801.3 -45757 3955.67 0.00999964 0.0999982 0.02 0 0 0.129183 -0.273353 -0.0318968
230 -41819.7 -45757 3937.24 0.00999967 0.0999983 0.02 0 0 0.130118 -0.274713 -0.0321127
231 -41836.1 -45757 3920.85 0.00999952 0.0999976 0.02 0 0 0.130394 -0.276331 -0.0318497
232 -41847.8 -45757 3909.18 0.00999981 0.0999991 0.02 0 0 0.130076 -0.277171 -0.0325865
233 -41856.6 -45757 3900.39 0.00999967 0.0999983 0.02 0 0 0.129626 -0.277201 -0.033582
234 -41872.4 -45757 3884.61 0.00999931 0.0999966 0.02 0 0 0.131114 -0.277871 -0.0336101
235 -41871.7 -45757 3885.28 0.00999926 0.0999963 0.02 0 0 0.13188 -0.277613 -0.0347913
236 -41892.1 -45757 3864.86 0.0100003 0.100001 0.02 0 0 0.132411 -0.279011 -0.0351986
237 -41904.7 -45757 3852.23 0.00999936 0.0999968 0.02 0 0 0.132945 -0.279077 -0.0352311
238 -41913.6 -45757 3843.36 0.00999969 0.0999984 0.02 0 0 0.132465 -0.280414 -0.0349513
239 -41928.9 -45757 3828.05 0.0100003 0.100002 0.02 0 0 0.132433 -0.281091 -0.0352776
240 -41934.4 -45757 3822.62 0.0100006 0.100003 0.02 0 0 0.133457 -0.281333 -0.0361054
241 -41948.6 -45757 3808.34 0.00999985 0.0999992 0.02 0 0 0.134228 -0.281399 -0.0363883
242 -41973.5 -45757 3783.46 0.0100002 0.100001 0.02 0 0 0.134917 -0.28218 -0.0360227
243 -41971.7 -45757 3785.24 0.0100001 0.1 0.02 0 0 0.135534 -0.282957 -0.0383358
244 -41983.1 -45757 3773.89 0.00999956 0.0999978 0.02 0 0 0.136218 -0.284333 -0.0390662
245 -42001.3 -45757 3755.66 0.00999994 0.0999997 0.02 0 0 0.137068 -0.284944 -0.0395449
246 -42005.4 -45757 3751.55 0.00999993 0.0999996 0.02 0 0 0.137248 -0.286135 -0.0400696
247 -42023.7 -45757 3733.31 0.0100003 0.100002 0.02 0 0 0.138384 -0.287366 -0.0407687
248 -42025.2 -45757 3731.73 0.0100005 0.100003 0.02 0 0 0.139144 -0.287125 -0.042287
249 -42024.1 -45757 3732.82 0.00999976 0.0999988 0.02 0 0 0.140326 -0.288978 -0.0421039
250 -42039.2 -45757 3717.79 0.0100003 0.100001 0.02 0 0 0.141367 -0.289872 -0.0429136
251 -42034.5 -45757 3722.48 0.0100005 0.100003 0.02 0 0 0.141917 -0.29018 -0.041689
252 -42037.2 -45757 3719.74 0.0100006 0.100003 0.02 0 0 0.141965 -0.291917 -0.0430232
253 -42061.7 -45757 3695.23 0.0100006 0.100003 0.02 0 0 0.141935 -0.292942 -0.0440137
254 -42080.7 -45757 3676.23 0.0100002 0.100001 0.02 0 0 0.142202 -0.294552 -0.0441252
255 -42090.8 -45757 3666.2 0.00999954 0.0999977 0.02 0 0 0.14192 -0.295421 -0.0445707
256 -42089.7 -45757 3667.31 0.00999953 0.0999977 0.02 0 0 0.141921 -0.295518 -0.0456048
257 -42109.5 -45757 3647.45 0.0100001 0.1 0.02 0 0 0.143078 -0.295696 -0.0453848
258 -42136 -45757 3620.97 0.0100003 0.100001 0.02 0 0 0.143916 -0.29637 -0.0454633
259 -42130.3 -45757 3626.64 0.00999964 0.0999982 0.02 0 0 0.143665 -0.296083 -0.0468383
260 -42140.6 -45757 3616.39 0.0099999 0.0999995 0.02 0 0 0.142219 -0.297075 -0.046893
261 -42153.4 -45757 3603.59 0.00999998 0.0999999 0.02 0 0 0.142029 -0.298345 -0.0463946
262 -42147.9 -45757 3609.08 0.00999943 0.0999972 0.02 0 0 0.143208 -0.298378 -0.0471747
263 -42167.4 -45757 3589.58 0.0100004 0.100002 0.02 0 0 0.144461 -0.299011 -0.0472869
264 -42184.1 -45757 3572.89 0.0100006 0.100003 0.02 0 0 0.145648 -0.29951 -0.0484417
265 -42187 -45757 3569.95 0.0099994 0.099997 0.02 0 0 0.146289 -0.300581 -0.0488652
266 -42205 -45757 3551.95 0.00999932 0.0999966 0.02 0 0 0.14667 -0.301574 -0.0502233
267 -42214.8 -45757 3542.2 0.0100004 0.100002 0.02 0 0 0.147602 -0.302433 -0.0505208
268 -42225.1 -45757 3531.84 0.0100006 0.100003 0.02 0 0 0.147334 -0.303472 -0.0502821
269 -42237.4 -45757 3519.58 0.00999989 0.0999994 0.02 0 0 0.148146 -0.305663 -0.050502
270 -42250.9 -45757 3506.09 0.00999952 0.0999976 0.02 0 0 0.149432 -0.306579 -0.0507818
271 -42265.4 -45757 3491.53 0.0100001 0.1 0.02 0 0 0.150772 -0.308204 -0.0499877
272 -42283.8 -45757 3473.19 0.0099994 0.099997 0.02 0 0 0.151093 -0.3098 -0.0501318
273 -42283.2 -45757 3473.8 0.0100001 0.100001 0.02 0 0 0.151091 -0.310479 -0.0516893
274 -42298.1 -45757 3458.84 0.00999993 0.0999996 0.02 0 0 0.152102 -0.312017 -0.0522606
275 -42285.4 -45757 3471.59 0.00999939 0.099997 0.02 0 0 0.152185 -0.313564 -0.0527258
276 -42276 -45757 3480.97 0.00999992 0.0999996 0.02 0 0 0.152749 -0.315353 -0.0539316
277 -42308.3 -45757 3448.64 0.0100002 0.100001 0.02 0 0 0.152179 -0.316508 -0.0536147
278 -42298.3 -45757 3458.63 0.0100001 0.100001 0.02 0 0 0.153094 -0.317421 -0.0546127
279 -42318.1 -45757 3438.9 0.0100005 0.100002 0.02 0 0 0.153288 -0.318049 -0.0547421
280 -42317.1 -45757 3439.86 0.00999985 0.0999992 0.02 0 0 0.154073 -0.31875 -0.0548201
281 -42338.9 -45757 3418.04 0.0100005 0.100003 0.02 0 0 0.155062 -0.31961 -0.0544877
282 -42353 -45757 3403.98 0.00999984 0.0999992 0.02 0 0 0.156379 -0.31884 -0.0549626
283 -42366.4 -45757 3390.53 0.0100001 0.100001 0.02 0 0 0.156787 -0.319281 -0.0565965
284 -42355.7 -45757 3401.25 0.00999957 0.0999979 0.02 0 0 0.157195 -0.319665 -0.0575724
285 -42363.8 -45757 3393.12 0.00999999 0.0999999 0.02 0 0 0.157901 -0.320545 -0.0569962
286 -42366.2 -45757 3390.75 0.00999999 0.0999999 0.02 0 0 0.157456 -0.321357 -0.0570372
287 -42380.7 -45757 3376.29 0.0100007 0.100003 0.02 0 0 0.15787 -0.321788 -0.0558955
288 -42392.4 -45757 3364.55 0.00999922 0.0999961 0.02 0 0 0.158419 -0.322303 -0.0565963
289 -42398.2 -45757 3358.72 0.00999911 0.0999956 0.02 0 0 0.159297 -0.324074 -0.056108
290 -42405.3 -45757 3351.62 0.00999967 0.0999983 0.02 0 0 0.159014 -0.323515 -0.0561172
291 -42423.1 -45757 3333.92 0.0100014 0.100007 0.02 0 0 0.160838 -0.325026 -0.0567358
292 -42415 -45757 3341.93 0.00999976 0.0999988 0.02 0 0 0.161302 -0.325836 -0.0570958
293 -42424.2 -45757 3332.78 0.00999972 0.0999986 0.02 0 0 0.161994 -0.325552 -0.0563148
294 -42431.6 -45757 3325.35 0.00999956 0.0999978 0.02 0 0 0.163386 -0.324934 -0.0566018
295 -42440.1 -45757 3316.87 0.0100004 0.100002 0.02 0 0 0.163253 -0.325903 -0.0562084
296 -42460.3 -45757 3296.69 0.0100001 0.1 0.02 0 0 0.16543 -0.326605 -0.0561696
297 -42475.9 -45757 3281.05 0.00999998 0.0999999 0.02 0 0 0.166027 -0.327669 -0.0567398
298 -42459.9 -45757 3297.09 0.010001 0.100005 0.02 0 0 0.165423 -0.327853 -0.0570877
299 -42468.9 -45757 3288.06 0.0100002 0.100001 0.02 0 0 0.165475 -0.329726 -0.0574018
300 -42480.1 -45757 3276.91 0.00999999 0.0999999 0.02 0 0 0.1662 -0.331072 -0.0575588
301 -42502.1 -45757 3254.83 0.0100002 0.100001 0.02 0 0 0.16689 -0.33245 -0.0583732
302 -42501.1 -45757 3255.87 0.0100005 0.100003 0.02 0 0 0.167695 -0.333403 -0.0579105
303 -42521.9 -45757 3235.05 0.0100004 0.100002 0.02 0 0 0.167541 -0.334238 -0.0574444
304 -42514.9 -45757 3242.03 0.00999906 0.0999953 0.02 0 0 0.168298 -0.335103 -0.0578103
305 -42520.7 -45757 3236.23 0.00999987 0.0999994 0.02 0 0 0.169853 -0.335008 -0.0582159
306 -42538 -45757 3219.01 0.00999987 0.0999994 0.02 0 0 0.170582 -0.336303 -0.0587483
307 -42556.9 -45757 3200.04 0.01 0.1 0.02 0 0 0.170913 -0.336625 -0.0586937
308 -42543.3 -45757 3213.65 0.00999942 0.0999971 0.02 0 0 0.171373 -0.336413 -0.0594103
309 -42565 -45757 3191.98 0.0100003 0.100002 0.02 0 0 0.172941 -0.337388 -0.0591611
310 -42584.2 -45757 3172.8 0.0100001 0.1 0.02 0 0 0.172839 -0.338708 -0.0590193
311 -42564.1 -45757 3192.87 0.00999959 0.0999979 0.02 0 0 0.173161 -0.339401 -0.0586848
312 -42568.3 -45757 3188.7 0.00999988 0.0999994 0.02 0 0 0.173508 -0.34019 -0.0582601
313 -42546.4 -45757 3210.56 0.00999967 0.0999984 0.02 0 0 0.174245 -0.341116 -0.0573194
314 -42576.2 -45757 3180.8 0.0100003 0.100001 0.02 0 0 0.174719 -0.341576 -0.0580607
315 -42585.6 -45757 3171.37 0.00999968 0.0999984 0.02 0 0 0.176164 -0.342247 -0.0579226
316 -42591.7 -45757 3165.27 0.0100003 0.100002 0.02 0 0 0.177158 -0.343735 -0.0576831
317 -42593.1 -45757 3163.89 0.0100005 0.100003 0.02 0 0 0.177925 -0.343369 -0.058807
318 -42580.6 -45757 3176.41 0.00999961 0.099998 0.02 0 0 0.178966 -0.344586 -0.0578403
319 -42572.2 -45757 3184.74 0.0100005 0.100002 0.02 0 0 0.180175 -0.344797 -0.0574435
320 -42582.3 -45757 3174.69 0.00999916 0.0999958 0.02 0 0 0.180222 -0.345136 -0.0574613
321 -42589.7 -45757 3167.29 0.00999926 0.0999963 0.02 0 0 0.179751 -0.346454 -0.0580033
322 -42589.1 -45757 3167.89 0.0099998 0.099999 0.02 0 0 0.180417 -0.346321 -0.0575474
323 -42599.6 -45757 3157.4 0.0100005 0.100003 0.02 0 0 0.180156 -0.346695 -0.0572377
324 -42617 -45757 3139.93 0.0100002 0.100001 0.02 0 0 0.180553 -0.347915 -0.0576222
325 -42627.2 -45757 3129.76 0.00999935 0.0999968 0.02 0 0 0.181709 -0.347298 -0.0571253
326 -42642.3 -45757 3114.64 0.00999945 0.0999972 0.02 0 0 0.182613 -0.348463 -0.0570142
327 -42646.6 -45757 3110.34 0.00999959 0.099998 0.02 0 0 0.183487 -0.348242 -0.0567801
328 -42647 -45757 3110 0.00999985 0.0999992 0.02 0 0 0.182832 -0.348401 -0.0560944
329 -42653.7 -45757 3103.23 0.0100003 0.100002 0.02 0 0 0.182694 -0.349049 -0.0557347
330 -42659.7 -45757 3097.22 0.0100003 0.100002 0.02 0 0 0.182961 -0.349786 -0.05444
331 -42653.1 -45757 3103.84 0.0100008 0.100004 0.02 0 0 0.183544 -0.349741 -0.0522195
332 -42649.3 -45757 3107.7 0.0100002 0.100001 0.02 0 0 0.183452 -0.349738 -0.0536883
333 -42659.9 -45757 3097.09 0.01 0.1 0.02 0 0 0.184681 -0.350741 -0.0547365
334 -42668.3 -45757 3088.63 0.00999953 0.0999976 0.02 0 0 0.186441 -0.350876 -0.0552277
335 -42674.3 -45757 3082.66 0.0100006 0.100003 0.02 0 0 0.188046 -0.351555 -0.055354
336 -42679.6 -45757 3077.37 0.00999964 0.0999982 0.02 0 0 0.188488 -0.351317 -0.0568276
337 -42685.5 -45757 3071.49 0.0100004 0.100002 0.02 0 0 0.189061 -0.352955 -0.0560379
338 -42702.8 -45757 3054.19 0.00999923 0.0999962 0.02 0 0 0.189721 -0.353222 -0.0563934
339 -42700.1 -45757 3056.86 0.00999993 0.0999996 0.02 0 0 0.190456 -0.353716 -0.0567634
340 -42699.6 -45757 3057.38 0.00999974 0.0999987 0.02 0 0 0.191895 -0.354747 -0.0571501
341 -42709.5 -45757 3047.44 0.00999998 0.0999999 0.02 0 0 0.192658 -0.355148 -0.0567286
342 -42712.4 -45757 3044.52 0.0099987 0.0999935 0.02 0 0 0.193176 -0.355255 -0.0560858
343 -42728.9 -45757 3028.04 0.00999962 0.0999981 0.02 0 0 0.195292 -0.355573 -0.0564372
344 -42710.2 -45757 3046.72 0.0100008 0.100004 0.02 0 0 0.195315 -0.356385 -0.054506
345 -42711.9 -45757 3045.03 0.01 0.1 0.02 0 0 0.195453 -0.358226 -0.0554217
346 -42712.1 -45757 3044.87 0.0100004 0.100002 0.02 0 0 0.195258 -0.359699 -0.0544373
347 -42707.6 -45757 3049.33 0.00999981 0.099999 0.02 0 0 0.196323 -0.36034 -0.0538388
348 -42706.3 -45757 3050.71 0.0100002 0.100001 0.02 0 0 0.197417 -0.360655 -0.0532816
349 -42719.3 -45757 3037.71 0.00999976 0.0999988 0.02 0 0 0.197802 -0.361207 -0.0537229
350 -42723.4 -45757 3033.62 0.0100013 0.100007 0.02 0 0 0.198036 -0.361996 -0.0529163
351 -42722.2 -45757 3034.76 0.00999981 0.099999 0.02 0 0 0.19851 -0.362221 -0.0530875
352 -42707.7 -45757 3049.23 0.0100002 0.100001 0.02 0 0 0.199059 -0.363411 -0.0525375
353 -42730.8 -45757 3026.16 0.0100003 0.100001 0.02 0 0 0.199854 -0.365146 -0.0526848
354 -42759.9 -45757 2997.1 0.00999937 0.0999968 0.02 0 0 0.200419 -0.366141 -0.0530244
355 -42776.3 -45757 2980.64 0.00999956 0.0999978 0.02 0 0 0.200582 -0.368104 -0.0527787
356 -42772 -45757 2985.01 0.00999986 0.0999993 0.02 0 0 0.202117 -0.368656 -0.0529104
357 -42764.3 -45757 2992.67 0.0100002 0.100001 0.02 0 0 0.203239 -0.369126 -0.0542918
358 -42754.1 -45757 3002.9 0.0100002 0.100001 0.02 0 0 0.204841 -0.369345 -0.0560096
359 -42761.9 -45757 2995.03 0.00999977 0.0999988 0.02 0 0 0.205839 -0.370541 -0.0555748
360 -42749.5 -45757 3007.5 0.0100006 0.100003 0.02 0 0 0.207355 -0.371419 -0.055479
361 -42749.4 -45757 3007.57 0.00999986 0.0999993 0.02 0 0 0.20742 -0.372737 -0.0569198
362 -42766.4 -45757 2990.54 0.00999946 0.0999973 0.02 0 0 0.208615 -0.373506 -0.0577771
363 -42785 -45757 2971.93 0.0100003 0.100002 0.02 0 0 0.208202 -0.374188 -0.0564664
364 -42777.4 -45757 2979.56 0.00999931 0.0999965 0.02 0 0 0.209201 -0.374674 -0.0552444
365 -42777.9 -45757 2979.04 0.00999927 0.0999964 0.02 0 0 0.209491 -0.374869 -0.0561726
366 -42779.5 -45757 2977.51 0.0100016 0.100008 0.02 0 0 0.210199 -0.375459 -0.0557751
367 -42790.4 -45757 2966.58 0.00999968 0.0999984 0.02 0 0 0.210901 -0.375429 -0.0561388
368 -42794.1 -45757 2962.88 0.0099997 0.0999985 0.02 0 0 0.211786 -0.375641 -0.0552037
369 -42794.6 -45757 2962.38 0.0099999 0.0999995 0.02 0 0 0.210882 -0.375596 -0.0551434
370 -42803.8 -45757 2953.15 0.0100001 0.100001 0.02 0 0 0.210905 -0.376531 -0.0545819
371 -42821 -45757 2936 0.00999941 0.099997 0.02 0 0 0.211676 -0.377417 -0.0549731
372 -42810 -45757 2946.97 0.00999914 0.0999957 0.02 0 0 0.211988 -0.377156 -0.055161
373 -42809.6 -45757 2947.34 0.0100002 0.100001 0.02 0 0 0.21178 -0.377951 -0.0555086
374 -42799.1 -45757 2957.91 0.0100004 0.100002 0.02 0 0 0.21225 -0.378693 -0.0550122
375 -42797.2 -45757 2959.81 0.00999984 0.0999992 0.02 0 0 0.21258 -0.378258 -0.0564553
376 -42810 -45757 2946.97 0.0100005 0.100002 0.02 0 0 0.212029 -0.378028 -0.0555566
377 -42825 -45757 2931.98 0.00999985 0.0999993 0.02 0 0 0.212445 -0.377892 -0.0549336
378 -42863.9 -45757 2893.06 0.00999993 0.0999996 0.02 0 0 0.213554 -0.378768 -0.0543644
379 -42860.2 -45757 2896.72 0.00999993 0.0999997 0.02 0 0 0.214238 -0.377447 -0.0548182
380 -42864.3 -45757 2892.68 0.00999981 0.0999991 0.02 0 0 0.213857 -0.377926 -0.0559002
381 -42853.5 -45757 2903.47 0.00999967 0.0999984 0.02 0 0 0.214434 -0.378597 -0.0553015
382 -42842.7 -45757 2914.28 0.00999951 0.0999976 0.02 0 0 0.214908 -0.37859 -0.0549234
383 -42849.4 -45757 2907.61 0.0100004 0.100002 0.02 0 0 0.215614 -0.378774 -0.0540735
384 -42859 -45757 2897.94 0.00999981 0.0999991 0.02 0 0 0.213853 -0.379461 -0.0550842
385 -42850.6 -45757 2906.33 0.0100005 0.100002 0.02 0 0 0.214134 -0.380058 -0.055048
386 -42881.1 -45757 2875.85 0.0100011 0.100006 0.02 0 0 0.215119 -0.381644 -0.0552019
387 -42878.6 -45757 2878.35 0.0100001 0.100001 0.02 0 0 0.215709 -0.382514 -0.0550021
388 -42889.7 -45757 2867.23 0.00999907 0.0999954 0.02 0 0 0.216785 -0.383726 -0.0552528
389 -42891.3 -45757 2865.66 0.0100005 0.100002 0.02 0 0 0.216884 -0.384188 -0.0567957
390 -42878.6 -45757 2878.33 0.00999973 0.0999986 0.02 0 0 0.216982 -0.383645 -0.0583405
391 -42871.1 -45757 2885.84 0.0100002 0.100001 0.02 0 0 0.217914 -0.384609 -0.0575457
392 -42879.3 -45757 2877.63 0.01 0.1 0.02 0 0 0.219424 -0.384959 -0.057249
393 -42865.6 -45757 2891.38 0.00999947 0.0999974 0.02 0 0 0.220503 -0.38619 -0.0562808
394 -42885.9 -45757 2871.07 0.0100003 0.100001 0.02 0 0 0.220816 -0.387033 -0.056633
395 -42899.7 -45757 2857.24 0.0100003 0.100002 0.02 0 0 0.221441 -0.388678 -0.0562525
396 -42918.8 -45757 2838.21 0.00999977 0.0999989 0.02 0 0 0.2224 -0.390042 -0.0562027
397 -42912.8 -45757 2844.19 0.0100006 0.100003 0.02 0 0 0.222524 -0.390076 -0.0567644
398 -42902 -45757 2855 0.0100003 0.100002 0.02 0 0 0.221876 -0.390004 -0.0567546
399 -42902.3 -45757 2854.64 0.00999977 0.0999988 0.02 0 0 0.22273 -0.390599 -0.0580783
400 -42917.9 -45757 2839.08 0.00999936 0.0999968 0.02 0 0 0.223814 -0.39095 -0.0574244
401 -42933.2 -45757 2823.77 0.00999944 0.0999972 0.02 0 0 0.224695 -0.392206 -0.0586619
402 -42938.9 -45757 2818.05 0.0100002 0.100001 0.02 0 0 0.225887 -0.392208 -0.0589651
403 -42912.1 -45757 2844.88 0.00999991 0.0999995 0.02 0 0 0.226057 -0.392739 -0.0587745
404 -42910.8 -45757 2846.17 0.01 0.1 0.02 0 0 0.226657 -0.393885 -0.0575918
405 -42922.6 -45757 2834.39 0.0100002 0.100001 0.02 0 0 0.227596 -0.394925 -0.057414
406 -42931.2 -45757 2825.73 0.00999922 0.0999961 0.02 0 0 0.228406 -0.395365 -0.0575545
407 -42932.7 -45757 2824.32 0.00999945 0.0999973 0.02 0 0 0.227997 -0.39608 -0.0583275
408 -42930.1 -45757 2826.9 0.00999965 0.0999982 0.02 0 0 0.228236 -0.395731 -0.0592888
409 -42942 -45757 2814.96 0.00999986 0.0999993 0.02 0 0 0.227765 -0.397397 -0.0592015
410 -42964.4 -45757 2792.55 0.00999946 0.0999973 0.02 0 0 0.229339 -0.398343 -0.0587767
411 -42954.9 -45757 2802.03 0.0100001 0.100001 0.02 0 0 0.229563 -0.398114 -0.0593744
412 -42939.8 -45757 2817.17 0.00999886 0.0999943 0.02 0 0 0.230583 -0.398315 -0.059395
413 -42933.6 -45757 2823.38 0.00999974 0.0999987 0.02 0 0 0.232003 -0.399456 -0.0600549
414 -42938.2 -45757 2818.73 0.0100004 0.100002 0.02 0 0 0.232531 -0.400597 -0.0597941
415 -42960.2 -45757 2796.77 0.0100002 0.100001 0.02 0 0 0.232632 -0.400474 -0.0591903
416 -42965.9 -45757 2791.05 0.0100001 0.1 0.02 0 0 0.233486 -0.400717 -0.0593993
417 -42981 -45757 2776 0.00999991 0.0999995 0.02 0 0 0.234671 -0.401047 -0.0590505
418 -42965.4 -45757 2791.6 0.0100007 0.100004 0.02 0 0 0.236339 -0.40129 -0.0592319
419 -42962.9 -45757 2794.02 0.00999982 0.0999991 0.02 0 0 0.23712 -0.401655 -0.0586411
420 -42973.1 -45757 2783.87 0.0100008 0.100004 0.02 0 0 0.238596 -0.401669 -0.0578511
421 -42957.8 -45757 2799.19 0.00999986 0.0999993 0.02 0 0 0.239126 -0.402625 -0.0571915
422 -42974.5 -45757 2782.48 0.00999952 0.0999976 0.02 0 0 0.240658 -0.403573 -0.0573333
423 -42985.3 -45757 2771.71 0.01 0.1 0.02 0 0 0.241508 -0.404513 -0.0573465
424 -42972.5 -45757 2784.5 0.0100003 0.100002 0.02 0 0 0.242546 -0.404236 -0.0567777
425 -42975.3 -45757 2781.71 0.00999997 0.0999998 0.02 0 0 0.242405 -0.405157 -0.0566001
426 -42956.4 -45757 2800.6 0.010001 0.100005 0.02 0 0 0.24252 -0.405508 -0.0559206
427 -42962.3 -45757 2794.64 0.0100004 0.100002 0.02 0 0 0.242431 -0.406017 -0.0561263
428 -42982.7 -45757 2774.26 0.00999954 0.0999977 0.02 0 0 0.242585 -0.406248 -0.0557812
429 -43007.7 -45757 2749.22 0.0099999 0.0999995 0.02 0 0 0.243004 -0.407325 -0.0567449
430 -43009.2 -45757 2747.74 0.00999991 0.0999996 0.02 0 0 0.242451 -0.407249 -0.0574646
431 -42997.2 -45757 2759.73 0.010001 0.100005 0.02 0 0 0.243348 -0.407802 -0.0576714
432 -42999.3 -45757 2757.64 0.00999987 0.0999994 0.02 0 0 0.243344 -0.409116 -0.0586825
433 -42985.1 -45757 2771.91 0.0100004 0.100002 0.02 0 0 0.244145 -0.409254 -0.0587023
434 -42999.9 -45757 2757.09 0.0099995 0.0999975 0.02 0 0 0.243387 -0.410208 -0.0594701
435 -42991.7 -45757 2765.31 0.0100002 0.100001 0.02 0 0 0.244482 -0.410009 -0.0585352
436 -42997.1 -45757 2759.84 0.00999994 0.0999997 0.02 0 0 0.245711 -0.409667 -0.058245
437 -43010 -45757 2746.96 0.0100004 0.100002 0.02 0 0 0.245553 -0.410547 -0.0584056
438 -43003.5 -45757 2753.44 0.0100003 0.100001 0.02 0 0 0.245697 -0.411483 -0.0586535
439 -43017.5 -45757 2739.45 0.00999983 0.0999992 0.02 0 0 0.246903 -0.412183 -0.0586711
440 -43009.4 -45757 2747.58 0.00999927 0.0999964 0.02 0 0 0.247112 -0.412317 -0.0581503
441 -43006.6 -45757 2750.37 0.0100007 0.100003 0.02 0 0 0.247498 -0.411886 -0.0582633
442 -42997 -45757 2760.01 0.00999885 0.0999943 0.02 0 0 0.247302 -0.41213 -0.0579337
443 -43011.5 -45757 2745.47 0.0100006 0.100003 0.02 0 0 0.24828 -0.412577 -0.0589126
444 -43020.7 -45757 2736.22 0.0100002 0.100001 0.02 0 0 0.249269 -0.413326 -0.0597192
445 -43006.8 -45757 2750.22 0.00999951 0.0999975 0.02 0 0 0.251116 -0.413347 -0.058818
446 -43014 -45757 2742.96 0.0100001 0.100001 0.02 0 0 0.251857 -0.413882 -0.0585605
447 -43041.3 -45757 2715.64 0.00999977 0.0999988 0.02 0 0 0.25287 -0.413196 -0.0594699
448 -43030.3 -45757 2726.68 0.01 0.1 0.02 0 0 0.252822 -0.412753 -0.0590439
449 -43036.2 -45757 2720.72 0.00999977 0.0999989 0.02 0 0 0.253092 -0.413675 -0.0580058
450 -43029.1 -45757 2727.91 0.0100001 0.100001 0.02 0 0 0.253314 -0.41407 -0.0580295
451 -43047.4 -45757 2709.57 0.0100002 0.100001 0.02 0 0 0.253929 -0.415004 -0.0577743
452 -43052.4 -45757 2704.56 0.0100008 0.100004 0.02 0 0 0.253552 -0.416207 -0.0572373
453 -43048.1 -45757 2708.86 0.00999953 0.0999977 0.02 0 0 0.253542 -0.417106 -0.0581119
454 -43054.8 -45757 2702.14 0.00999991 0.0999996 0.02 0 0 0.253956 -0.417355 -0.0590111
455 -43057.7 -45757 2699.31 0.0100003 0.100001 0.02 0 0 0.255544 -0.418725 -0.0584317
456 -43067.8 -45757 2689.2 0.00999946 0.0999973 0.02 0 0 0.255946 -0.418978 -0.0590552
457 -43074.4 -45757 2682.57 0.00999989 0.0999995 0.02 0 0 0.256424 -0.42006 -0.0588627
458 -43065.5 -45757 2691.44 0.00999967 0.0999984 0.02 0 0 0.256097 -0.420569 -0.0590826
459 -43077.3 -45757 2679.64 0.0099997 0.0999985 0.02 0 0 0.25672 -0.420548 -0.0588416
460 -43079.4 -45757 2677.52 0.00999974 0.0999987 0.02 0 0 0.256999 -0.420453 -0.0590017
461 -43097.9 -45757 2659.1 0.0100001 0.100001 0.02 0 0 0.257161 -0.419852 -0.0596197
462 -43101.8 -45757 2655.13 0.01 0.1 0.02 0 0 0.257731 -0.421162 -0.0594828
463 -43111.5 -45757 2645.44 0.0100001 0.1 0.02 0 0 0.258701 -0.421348 -0.0599635
464 -43100.3 -45757 2656.71 0.0100004 0.100002 0.02 0 0 0.258606 -0.422416 -0.0602421
465 -43121.2 -45757 2635.79 0.00999966 0.0999983 0.02 0 0 0.259331 -0.423471 -0.0600267
466 -43119.9 -45757 2637.05 0.0100001 0.1 0.02 0 0 0.258675 -0.423807 -0.0601856
467 -43114.8 -45757 2642.21 0.010001 0.100005 0.02 0 0 0.259149 -0.425237 -0.0603522
468 -43115.2 -45757 2641.74 0.00999965 0.0999982 0.02 0 0 0.260027 -0.42598 -0.0607177
469 -43104 -45757 2652.93 0.00999994 0.0999997 0.02 0 0 0.26015 -0.426378 -0.0606327
470 -43099.4 -45757 2657.58 0.01 0.1 0.02 0 0 0.260575 -0.426514 -0.0600783
471 -43102.9 -45757 2654.11 0.0099998 0.099999 0.02 0 0 0.260521 -0.427706 -0.0597843
472 -43108.1 -45757 2648.9 0.00999996 0.0999998 0.02 0 0 0.260698 -0.428344 -0.0597165
473 -43106.4 -45757 2650.57 0.00999995 0.0999998 0.02 0 0 0.262439 -0.428854 -0.0586095
474 -43126.6 -45757 2630.38 0.0100005 0.100003 0.02 0 0 0.262678 -0.429914 -0.0573515
475 -43127.8 -45757 2629.12 0.00999907 0.0999954 0.02 0 0 0.263594 -0.430968 -0.0571373
476 -43139 -45757 2617.97 0.00999983 0.0999991 0.02 0 0 0.264111 -0.431305 -0.0569399
477 -43121.6 -45757 2635.36 0.0100008 0.100004 0.02 0 0 0.264953 -0.431197 -0.0566416
478 -43129 -45757 2628.01 0.00999967 0.0999984 0.02 0 0 0.265686 -0.431778 -0.0569148
479 -43142 -45757 2614.95 0.0100002 0.100001 0.02 0 0 0.266384 -0.431771 -0.0560551
480 -43133.2 -45757 2623.79 0.00999978 0.0999989 0.02 0 0 0.266222 -0.432424 -0.0574111
481 -43130.2 -45757 2626.77 0.0100004 0.100002 0.02 0 0 0.266514 -0.432226 -0.0571481
482 -43108.5 -45757 2648.45 0.0100001 0.100001 0.02 0 0 0.267022 -0.432081 -0.0572141
483 -43098 -45757 2658.95 0.00999968 0.0999984 0.02 0 0 0.267314 -0.432726 -0.0562935
484 -43101.4 -45757 2655.52 0.00999892 0.0999946 0.02 0 0 0.267859 -0.434409 -0.0560962
485 -43123.6 -45757 2633.32 0.0100001 0.100001 0.02 0 0 0.26887 -0.434052 -0.0563086
486 -43117.5 -45757 2639.5 0.0099997 0.0999985 0.02 0 0 0.268683 -0.433796 -0.0565082
487 -43119.8 -45757 2637.19 0.00999956 0.0999978 0.02 0 0 0.268101 -0.433368 -0.0563871
488 -43134.9 -45757 2622.06 0.00999966 0.0999983 0.02 0 0 0.269461 -0.433217 -0.0565927
489 -43140.4 -45757 2616.54 0.00999951 0.0999976 0.02 0 0 0.27013 -0.434013 -0.0563607
490 -43153.5 -45757 2603.49 0.0100003 0.100002 0.02 0 0 0.271038 -0.435259 -0.0562855
491 -43151 -45757 2605.92 0.0100006 0.100003 0.02 0 0 0.272225 -0.435579 -0.0552287
492 -43156.9 -45757 2600.04 0.00999991 0.0999995 0.02 0 0 0.273862 -0.436058 -0.0543604
493 -43159.2 -45757 2597.78 0.0100005 0.100002 0.02 0 0 0.274721 -0.436524 -0.0541485
494 -43167.5 -45757 2589.48 0.00999962 0.0999981 0.02 0 0 0.275338 -0.436286 -0.0536131
495 -43172.3 -45757 2584.62 0.0100006 0.100003 0.02 0 0 0.276088 -0.436513 -0.054431
496 -43188 -45757 2568.97 0.0100004 0.100002 0.02 0 0 0.276723 -0.436311 -0.0548386
497 -43191.1 -45757 2565.84 0.0100002 0.100001 0.02 0 0 0.276533 -0.436268 -0.0541706
498 -43184.4 -45757 2572.6 0.00999964 0.0999982 0.02 0 0 0.277942 -0.435959 -0.0536608
499 -43189.3 -45757 2567.69 0.00999975 0.0999988 0.02 0 0 0.27855 -0.437001 -0.0546383
500 -43202.8 -45757 2554.2 0.00999997 0.0999999 0.02 0 0 0.27875 -0.437395 -0.0551054
501 -43198.7 -45757 2558.24 0.00999983 0.0999992 0.02 0 0 0.278219 -0.436845 -0.0537628
502 -43176.2 -45757 2580.77 0.0100003 0.100002 0.02 0 0 0.278039 -0.436927 -0.0545166
503 -43172.6 -45757 2584.34 0.00999994 0.0999997 0.02 0 0 0.278719 -0.438432 -0.054839
504 -43165.7 -45757 2591.26 0.00999986 0.0999993 0.02 0 0 0.279015 -0.43864 -0.0550794
505 -43166.7 -45757 2590.32 0.010001 0.100005 0.02 0 0 0.279036 -0.439452 -0.0541682
506 -43163.9 -45757 2593.04 0.0100013 0.100006 0.02 0 0 0.279762 -0.439688 -0.0541568
507 -43154.5 -45757 2602.5 0.00999878 0.0999939 0.02 0 0 0.27918 -0.440881 -0.0531683
508 -43159.2 -45757 2597.77 0.0099997 0.0999985 0.02 0 0 0.27908 -0.441854 -0.0523151
509 -43152.3 -45757 2604.67 0.0100006 0.100003 0.02 0 0 0.279401 -0.442629 -0.0520614
510 -43169.5 -45757 2587.52 0.00999965 0.0999983 0.02 0 0 0.280672 -0.4428 -0.05214
511 -43145.2 -45757 2611.76 0.00999972 0.0999986 0.02 0 0 0.280939 -0.443748 -0.0538938
512 -43155.5 -45757 2601.45 0.0100002 0.100001 0.02 0 0 0.281703 -0.443884 -0.0538667
513 -43157.7 -45757 2599.32 0.0100002 0.100001 0.02 0 0 0.282892 -0.444259 -0.0530659
514 -43161 -45757 2595.95 0.0100007 0.100004 0.02 0 0 0.283955 -0.444476 -0.0537669
515 -43166.5 -45757 2590.46 0.00999948 0.0999974 0.02 0 0 0.284488 -0.444819 -0.0524148
516 -43189.3 -45757 2567.64 0.0100003 0.100001 0.02 0 0 0.285567 -0.445418 -0.0530488
517 -43188.7 -45757 2568.24 0.0100003 0.100002 0.02 0 0 0.285913 -0.445128 -0.0530754
518 -43185.4 -45757 2571.54 0.0100006 0.100003 0.02 0 0 0.287657 -0.445366 -0.053031
519 -43175.7 -45757 2581.25 0.00999873 0.0999937 0.02 0 0 0.288197 -0.445938 -0.052297
520 -43165.6 -45757 2591.41 0.00999968 0.0999984 0.02 0 0 0.289166 -0.446395 -0.0528447
521 -43176.7 -45757 2580.27 0.0100001 0.100001 0.02 0 0 0.289802 -0.446918 -0.0534908
522 -43192.8 -45757 2564.12 0.0099993 0.0999965 0.02 0 0 0.290401 -0.447903 -0.0531976
523 -43175.1 -45757 2581.84 0.00999986 0.0999993 0.02 0 0 0.290708 -0.447505 -0.0538166
524 -43185.9 -45757 2571.04 0.00999999 0.1 0.02 0 0 0.290314 -0.447763 -0.0552298
525 -43185 -45757 2571.94 0.0099989 0.0999945 0.02 0 0 0.290543 -0.448588 -0.0549272
526 -43195.4 -45757 2561.61 0.00999991 0.0999995 0.02 0 0 0.291113 -0.449074 -0.0567747
527 -43206.4 -45757 2550.57 0.00999994 0.0999997 0.02 0 0 0.292433 -0.449288 -0.0576035
528 -43208.5 -45757 2548.47 0.0100002 0.100001 0.02 0 0 0.292469 -0.449399 -0.0575383
529 -43203.2 -45757 2553.77 0.00999898 0.0999949 0.02 0 0 0.292917 -0.449631 -0.058051
530 -43211.2 -45757 2545.75 0.00999993 0.0999996 0.02 0 0 0.293604 -0.449469 -0.0584136
531 -43210.6 -45757 2546.34 0.00999992 0.0999996 0.02 0 0 0.293731 -0.448697 -0.0584694
532 -43211.5 -45757 2545.43 0.0100007 0.100004 0.02 0 0 0.295288 -0.448655 -0.05963
533 -43216.4 -45757 2540.53 0.00999958 0.0999979 0.02 0 0 0.295013 -0.448887 -0.0597434
534 -43208.3 -45757 2548.68 0.0100003 0.100002 0.02 0 0 0.29452 -0.448602 -0.0605468
535 -43218.8 -45757 2538.13 0.00999985 0.0999993 0.02 0 0 0.294972 -0.44956 -0.0610144
536 -43230.6 -45757 2526.42 0.0100006 0.100003 0.02 0 0 0.295211 -0.45066 -0.0595104
537 -43232.9 -45757 2524.07 0.0100004 0.100002 0.02 0 0 0.294698 -0.451675 -0.0600213
538 -43213.9 -45757 2543.07 0.0100008 0.100004 0.02 0 0 0.295657 -0.451507 -0.059493
539 -43211.4 -45757 2545.61 0.00999957 0.0999979 0.02 0 0 0.295509 -0.451974 -0.059579
540 -43209.8 -45757 2547.17 0.00999934 0.0999967 0.02 0 0 0.296287 -0.451852 -0.0603737
541 -43220 -45757 2536.92 0.00999997 0.0999998 0.02 0 0 0.296471 -0.451806 -0.0616822
542 -43226 -45757 2531 0.00999961 0.0999981 0.02 0 0 0.29786 -0.451766 -0.0631378
543 -43229.6 -45757 2527.42 0.0100008 0.100004 0.02 0 0 0.299374 -0.451525 -0.0628692
544 -43217.1 -45757 2539.88 0.00999907 0.0999954 0.02 0 0 0.29973 -0.452085 -0.0623228
545 -43226.5 -45757 2530.48 0.0100002 0.100001 0.02 0 0 0.298924 -0.452281 -0.0627554
546 -43232.3 -45757 2524.63 0.0100003 0.100002 0.02 0 0 0.299716 -0.453478 -0.0628787
547 -43222.4 -45757 2534.55 0.00999983 0.0999992 0.02 0 0 0.300739 -0.453898 -0.0624716
548 -43199.4 -45757 2557.55 0.0100002 0.100001 0.02 0 0 0.301815 -0.453433 -0.0619625
549 -43204.5 -45757 2552.48 0.0099992 0.099996 0.02 0 0 0.302653 -0.452893 -0.0620801
550 -43227.1 -45757 2529.88 0.0100003 0.100002 0.02 0 0 0.303123 -0.452421 -0.0612206
551 -43224 -45757 2532.99 0.00999986 0.0999993 0.02 0 0 0.304223 -0.453544 -0.0602674
552 -43250.4 -45757 2506.54 0.00999973 0.0999987 0.02 0 0 0.305199 -0.455143 -0.0593396
553 -43246 -45757 2510.98 0.00999981 0.099999 0.02 0 0 0.304744 -0.454932 -0.0589358
554 -43269.4 -45757 2487.55 0.010001 0.100005 0.02 0 0 0.305292 -0.454517 -0.0594483
555 -43268.9 -45757 2488.04 0.00999973 0.0999986 0.02 0 0 0.305988 -0.452913 -0.0602844
556 -43280 -45757 2476.95 0.0100009 0.100004 0.02 0 0 0.306293 -0.451822 -0.0594142
557 -43269 -45757 2488.01 0.00999963 0.0999981 0.02 0 0 0.306591 -0.451603 -0.0603384
558 -43268.2 -45757 2488.74 0.00999968 0.0999984 0.02 0 0 0.306571 -0.45121 -0.0587627
559 -43238 -45757 2519.02 0.00999998 0.0999999 0.02 0 0 0.306672 -0.450525 -0.0597484
560 -43237.1 -45757 2519.86 0.010001 0.100005 0.02 0 0 0.306561 -0.450614 -0.0596215
561 -43234.9 -45757 2522.09 0.0100003 0.100002 0.02 0 0 0.306114 -0.450053 -0.0601129
562 -43244.5 -45757 2512.45 0.0100008 0.100004 0.02 0 0 0.306295 -0.449792 -0.0598699
563 -43236.3 -45757 2520.68 0.0100004 0.100002 0.02 0 0 0.307244 -0.449052 -0.0599647
564 -43260.9 -45757 2496.06 0.00999958 0.0999979 0.02 0 0 0.306847 -0.450444 -0.0608317
565 -43259.1 -45757 2497.87 0.00999923 0.0999961 0.02 0 0 0.30714 -0.451269 -0.0613582
566 -43260 -45757 2496.98 0.00999988 0.0999994 0.02 0 0 0.308318 -0.452039 -0.060355
567 -43250.4 -45757 2506.57 0.00999968 0.0999984 0.02 0 0 0.309082 -0.451658 -0.0602249
568 -43241.9 -45757 2515.12 0.00999955 0.0999977 0.02 0 0 0.309057 -0.452036 -0.0613295
569 -43243.2 -45757 2513.79 0.00999973 0.0999986 0.02 0 0 0.30879 -0.4522 -0.061087
570 -43258.5 -45757 2498.46 0.0100003 0.100001 0.02 0 0 0.310915 -0.45244 -0.0612246
571 -43267.9 -45757 2489.06 0.0100005 0.100003 0.02 0 0 0.311509 -0.453343 -0.0618931
572 -43246.2 -45757 2510.81 0.010001 0.100005 0.02 0 0 0.311495 -0.453937 -0.0613699
573 -43233.7 -45757 2523.26 0.00999845 0.0999922 0.02 0 0 0.312195 -0.454408 -0.0624457
574 -43253.3 -45757 2503.66 0.0100003 0.100001 0.02 0 0 0.313117 -0.454896 -0.0623187
575 -43244.8 -45757 2512.14 0.00999972 0.0999986 0.02 0 0 0.314644 -0.45464 -0.0624964
576 -43228.6 -45757 2528.35 0.00999983 0.0999992 0.02 0 0 0.315907 -0.455049 -0.0631662
577 -43250.3 -45757 2506.65 0.00999877 0.0999939 0.02 0 0 0.315588 -0.455121 -0.0630535
578 -43234.9 -45757 2522.04 0.0099995 0.0999975 0.02 0 0 0.315644 -0.45569 -0.0632368
579 -43247.7 -45757 2509.25 0.00999992 0.0999996 0.02 0 0 0.317134 -0.455924 -0.0641066
580 -43252.4 -45757 2504.61 0.0100001 0.1 0.02 0 0 0.317242 -0.455549 -0.0637966
581 -43267.8 -45757 2489.17 0.00999983 0.0999992 0.02 0 0 0.317749 -0.456757 -0.0631045
582 -43274.8 -45757 2482.14 0.00999905 0.0999953 0.02 0 0 0.318697 -0.455605 -0.0625492
583 -43275.5 -45757 2481.44 0.0099996 0.099998 0.02 0 0 0.318448 -0.455963 -0.0624964
584 -43274.2 -45757 2482.73 0.0100002 0.100001 0.02 0 0 0.319887 -0.45616 -0.0636747
585 -43296.7 -45757 2460.23 0.00999999 0.0999999 0.02 0 0 0.320596 -0.456479 -0.0643912
586 -43287 -45757 2470.01 0.00999956 0.0999978 0.02 0 0 0.321431 -0.457155 -0.0634855
587 -43281 -45757 2475.98 0.00999987 0.0999993 0.02 0 0 0.321321 -0.45738 -0.0632187
588 -43263 -45757 2493.99 0.0100003 0.100001 0.02 0 0 0.321986 -0.457113 -0.062672
589 -43256.8 -45757 2500.18 0.0100003 0.100001 0.02 0 0 0.322769 -0.45781 -0.0625998
590 -43257.5 -45757 2499.44 0.00999981 0.0999991 0.02 0 0 0.323443 -0.457561 -0.0625594
591 -43245.5 -45757 2511.43 0.01 0.1 0.02 0 0 0.322674 -0.458513 -0.0637668
592 -43250.4 -45757 2506.54 0.0100001 0.100001 0.02 0 0 0.323576 -0.458783 -0.0636449
593 -43265 -45757 2491.96 0.00999989 0.0999995 0.02 0 0 0.32402 -0.460006 -0.0643936
594 -43261.9 -45757 2495.02 0.00999927 0.0999963 0.02 0 0 0.324398 -0.460585 -0.0649209
595 -43268.8 -45757 2488.12 0.0100003 0.100001 0.02 0 0 0.324691 -0.460064 -0.0643188
596 -43261.8 -45757 2495.12 0.00999987 0.0999994 0.02 0 0 0.325063 -0.459656 -0.0644763
597 -43258.6 -45757 2498.37 0.0100001 0.100001 0.02 0 0 0.32694 -0.458877 -0.0651916
598 -43251.3 -45757 2505.65 0.00999992 0.0999996 0.02 0 0 0.327104 -0.459171 -0.0665183
599 -43258.6 -45757 2498.36 0.009999 0.099995 0.02 0 0 0.32844 -0.459261 -0.0674364
600 -43262.2 -45757 2494.81 0.00999978 0.0999989 0.02 0 0 0.329112 -0.459145 -0.0677162
601 -43253.8 -45757 2503.18 0.00999995 0.0999997 0.02 0 0 0.329379 -0.459859 -0.0661327
602 -43260.2 -45757 2496.8 0.00999977 0.0999988 0.02 0 0 0.329878 -0.459851 -0.0679681
603 -43283.1 -45757 2473.91 0.0100007 0.100004 0.02 0 0 0.330678 -0.461144 -0.067809
604 -43287.3 -45757 2469.64 0.01 0.1 0.02 0 0 0.330926 -0.460323 -0.0680938
605 -43302.9 -45757 2454.03 0.0100001 0.100001 0.02 0 0 0.331578 -0.460478 -0.0683999
606 -43304.6 -45757 2452.38 0.0100001 0.1 0.02 0 0 0.331667 -0.460375 -0.0669743
607 -43281 -45757 2475.99 0.00999986 0.0999993 0.02 0 0 0.332584 -0.459978 -0.0677057
608 -43292.9 -45757 2464.07 0.00999983 0.0999992 0.02 0 0 0.332235 -0.460664 -0.0669083
609 -43303.7 -45757 2453.25 0.00999936 0.0999968 0.02 0 0 0.332615 -0.461322 -0.0669984
610 -43303.7 -45757 2453.22 0.00999948 0.0999974 0.02 0 0 0.333331 -0.46154 -0.0666972
611 -43323.8 -45757 2433.18 0.00999978 0.0999989 0.02 0 0 0.334057 -0.460945 -0.0672178
612 -43316.7 -45757 2440.26 0.00999917 0.0999959 0.02 0 0 0.334343 -0.461403 -0.0674973
613 -43279.4 -45757 2477.55 0.0100005 0.100003 0.02 0 0 0.334398 -0.461799 -0.0675894
614 -43281.2 -45757 2475.79 0.0100003 0.100002 0.02 0 0 0.335628 -0.463381 -0.0669255
615 -43287 -45757 2469.94 0.0100003 0.100002 0.02 0 0 0.33593 -0.464014 -0.0657755
616 -43281 -45757 2475.98 0.0099998 0.099999 0.02 0 0 0.336536 -0.464884 -0.0661774
617 -43286.6 -45757 2470.39 0.0100006 0.100003 0.02 0 0 0.337362 -0.465439 -0.0668299
618 -43296.2 -45757 2460.78 0.00999933 0.0999967 0.02 0 0 0.338836 -0.465378 -0.065805
619 -43282.6 -45757 2474.34 0.00999972 0.0999986 0.02 0 0 0.339748 -0.466143 -0.0652289
620 -43284.8 -45757 2472.19 0.0100003 0.100002 0.02 0 0 0.340532 -0.466491 -0.0659675
621 -43284 -45757 2473 0.0100002 0.100001 0.02 0 0 0.341048 -0.46676 -0.0667704
622 -43287.5 -45757 2469.43 0.00999947 0.0999974 0.02 0 0 0.342373 -0.467277 -0.067411
623 -43266.6 -45757 2490.34 0.0100001 0.1 0.02 0 0 0.341942 -0.467087 -0.0677377
624 -43277.1 -45757 2479.84 0.0100005 0.100002 0.02 0 0 0.34204 -0.467209 -0.0687332
625 -43291.8 -45757 2465.16 0.0100001 0.100001 0.02 0 0 0.342455 -0.467862 -0.0683067
626 -43307.9 -45757 2449.09 0.00999922 0.0999961 0.02 0 0 0.343291 -0.467753 -0.068823
627 -43314.7 -45757 2442.23 0.0100004 0.100002 0.02 0 0 0.343721 -0.468161 -0.0684256
628 -43312.7 -45757 2444.24 0.0100002 0.100001 0.02 0 0 0.342637 -0.468923 -0.0666608
629 -43309.7 -45757 2447.27 0.00999956 0.0999978 0.02 0 0 0.342997 -0.46887 -0.0673329
630 -43296.2 -45757 2460.72 0.00999989 0.0999994 0.02 0 0 0.345071 -0.468531 -0.066662
631 -43299.1 -45757 2457.86 0.0100002 0.100001 0.02 0 0 0.345198 -0.46891 -0.0668659
632 -43302.1 -45757 2454.87 0.01 0.1 0.02 0 0 0.345409 -0.46868 -0.0665679
633 -43298.5 -45757 2458.45 0.0100002 0.100001 0.02 0 0 0.346519 -0.468228 -0.0668209
634 -43287.3 -45757 2469.67 0.0100008 0.100004 0.02 0 0 0.346988 -0.469505 -0.0662185
635 -43295 -45757 2462.01 0.00999964 0.0999982 0.02 0 0 0.348016 -0.469121 -0.065354
636 -43299.9 -45757 2457.07 0.00999901 0.0999951 0.02 0 0 0.348044 -0.469265 -0.065752
637 -43293 -45757 2463.92 0.0100008 0.100004 0.02 0 0 0.348113 -0.470401 -0.0657336
638 -43305.1 -45757 2451.84 0.0100005 0.100003 0.02 0 0 0.348498 -0.471388 -0.0649903
639 -43315.2 -45757 2441.79 0.00999953 0.0999977 0.02 0 0 0.349122 -0.47141 -0.0649951
640 -43306.6 -45757 2450.33 0.00999985 0.0999993 0.02 0 0 0.349841 -0.471545 -0.0643295
641 -43317.4 -45757 2439.55 0.0100001 0.1 0.02 0 0 0.349957 -0.472863 -0.064133
642 -43323.7 -45757 2433.22 0.0100001 0.100001 0.02 0 0 0.350787 -0.472955 -0.0632434
643 -43317.1 -45757 2439.83 0.0099998 0.099999 0.02 0 0 0.349722 -0.473266 -0.0636032
644 -43310.1 -45757 2446.91 0.0100008 0.100004 0.02 0 0 0.349714 -0.473242 -0.0633268
645 -43301.4 -45757 2455.53 0.00999965 0.0999983 0.02 0 0 0.349792 -0.473919 -0.0631321
646 -43293.7 -45757 2463.23 0.01 0.1 0.02 0 0 0.351077 -0.474115 -0.0626947
647 -43299.1 -45757 2457.88 0.0100006 0.100003 0.02 0 0 0.351513 -0.473931 -0.0631886
648 -43306.1 -45757 2450.83 0.00999934 0.0999967 0.02 0 0 0.352461 -0.472812 -0.0623396
649 -43303.3 -45757 2453.62 0.0100002 0.100001 0.02 0 0 0.354194 -0.472095 -0.0629003
650 -43317.8 -45757 2439.16 0.00999933 0.0999967 0.02 0 0 0.355289 -0.473329 -0.0623102
651 -43318.5 -45757 2438.45 0.0100003 0.100002 0.02 0 0 0.355412 -0.473342 -0.0624799
652 -43308.9 -45757 2448.07 0.00999986 0.0999993 0.02 0 0 0.356361 -0.473036 -0.0634491
653 -43324.7 -45757 2432.27 0.00999822 0.0999911 0.02 0 0 0.356822 -0.473783 -0.0645458
654 -43318.1 -45757 2438.89 0.0100008 0.100004 0.02 0 0 0.357555 -0.474704 -0.0650681
655 -43312.1 -45757 2444.82 0.00999955 0.0999978 0.02 0 0 0.359558 -0.474288 -0.0651021
656 -43301.4 -45757 2455.55 0.0100001 0.100001 0.02 0 0 0.358403 -0.474359 -0.0660791
657 -43299.4 -45757 2457.52 0.00999933 0.0999967 0.02 0 0 0.359316 -0.475485 -0.0648832
658 -43296.9 -45757 2460.06 0.00999995 0.0999998 0.02 0 0 0.359963 -0.47675 -0.063791
659 -43310.4 -45757 2446.59 0.0100003 0.100001 0.02 0 0 0.360635 -0.477675 -0.0634599
660 -43319.6 -45757 2437.38 0.00999964 0.0999982 0.02 0 0 0.361193 -0.47777 -0.064394
661 -43298.1 -45757 2458.87 0.0100006 0.100003 0.02 0 0 0.361224 -0.478082 -0.0634774
662 -43301.8 -45757 2455.19 0.0100008 0.100004 0.02 0 0 0.362331 -0.478364 -0.0625272
663 -43303.2 -45757 2453.74 0.00999987 0.0999994 0.02 0 0 0.363046 -0.478968 -0.0625395
664 -43319.2 -45757 2437.75 0.01 0.1 0.02 0 0 0.362528 -0.479884 -0.0638691
665 -43348.8 -45757 2408.13 0.0100004 0.100002 0.02 0 0 0.363416 -0.479392 -0.0638706
666 -43348 -45757 2408.94 0.0100006 0.100003 0.02 0 0 0.363463 -0.479642 -0.0641162
667 -43335.8 -45757 2421.21 0.0100006 0.100003 0.02 0 0 0.363852 -0.480547 -0.0639141
668 -43327.5 -45757 2429.52 0.00999913 0.0999956 0.02 0 0 0.36446 -0.481409 -0.0641123
669 -43318 -45757 2438.99 0.0100002 0.100001 0.02 0 0 0.365438 -0.481517 -0.064069
670 -43321.5 -45757 2435.51 0.01 0.1 0.02 0 0 0.365879 -0.480875 -0.0637324
671 -43311.1 -45757 2445.84 0.0100003 0.100002 0.02 0 0 0.366369 -0.482031 -0.0638281
672 -43324 -45757 2432.98 0.0100004 0.100002 0.02 0 0 0.365745 -0.481956 -0.0621616
673 -43317 -45757 2439.98 0.0100011 0.100006 0.02 0 0 0.364834 -0.481744 -0.0624112
674 -43330 -45757 2426.96 0.00999926 0.0999963 0.02 0 0 0.364942 -0.480664 -0.06368
675 -43322.9 -45757 2434.05 0.0100008 0.100004 0.02 0 0 0.365292 -0.481556 -0.0636569
676 -43320.2 -45757 2436.8 0.01 0.1 0.02 0 0 0.365449 -0.481762 -0.064487
677 -43342.5 -45757 2414.49 0.01 0.1 0.02 0 0 0.367252 -0.481392 -0.06508
678 -43356 -45757 2400.94 0.00999962 0.0999981 0.02 0 0 0.368454 -0.481422 -0.0646375
679 -43338.9 -45757 2418.04 0.0100003 0.100002 0.02 0 0 0.368246 -0.481771 -0.0635542
680 -43336.8 -45757 2420.21 0.00999972 0.0999986 0.02 0 0 0.368006 -0.483041 -0.0633546
681 -43351.8 -45757 2405.18 0.0100001 0.100001 0.02 0 0 0.368456 -0.48394 -0.0631013
682 -43357.3 -45757 2399.68 0.00999946 0.0999973 0.02 0 0 0.369024 -0.484556 -0.0635923
683 -43365.8 -45757 2391.2 0.0100002 0.100001 0.02 0 0 0.36994 -0.485059 -0.0641077
684 -43365.1 -45757 2391.91 0.00999931 0.0999965 0.02 0 0 0.369646 -0.484776 -0.0639748
685 -43349.1 -45757 2407.82 0.0100004 0.100002 0.02 0 0 0.369931 -0.48518 -0.0644313
686 -43364 -45757 2392.97 0.0100002 0.100001 0.02 0 0 0.370549 -0.485404 -0.0652166
687 -43356.3 -45757 2400.69 0.0100004 0.100002 0.02 0 0 0.370176 -0.485227 -0.0643381
688 -43330.3 -45757 2426.64 0.01 0.1 0.02 0 0 0.371144 -0.485018 -0.0650232
689 -43361.8 -45757 2395.21 0.00999994 0.0999997 0.02 0 0 0.372556 -0.485172 -0.0648797
690 -43341.1 -45757 2415.9 0.0100004 0.100002 0.02 0 0 0.372423 -0.485596 -0.0656364
691 -43331.3 -45757 2425.63 0.0100003 0.100001 0.02 0 0 0.372153 -0.484883 -0.0658508
692 -43323.3 -45757 2433.62 0.01 0.1 0.02 0 0 0.372019 -0.483978 -0.0658634
693 -43312.2 -45757 2444.77 0.00999881 0.0999941 0.02 0 0 0.371636 -0.483773 -0.0656657
694 -43329.6 -45757 2427.34 0.0100003 0.100001 0.02 0 0 0.371117 -0.485433 -0.0642597
695 -43336.5 -45757 2420.43 0.00999911 0.0999955 0.02 0 0 0.371685 -0.485662 -0.064031
696 -43335.1 -45757 2421.86 0.00999927 0.0999963 0.02 0 0 0.3716 -0.487066 -0.0648788
697 -43351.5 -45757 2405.42 0.0100002 0.100001 0.02 0 0 0.371164 -0.487796 -0.0654331
698 -43358.6 -45757 2398.32 0.0100007 0.100003 0.02 0 0 0.372462 -0.488477 -0.0655855
699 -43350.3 -45757 2406.67 0.00999928 0.0999964 0.02 0 0 0.371574 -0.489781 -0.0650969
700 -43341.6 -45757 2415.37 0.0099999 0.0999995 0.02 0 0 0.372406 -0.489373 -0.0648995
701 -43348.8 -45757 2408.15 0.0100005 0.100003 0.02 0 0 0.372498 -0.48855 -0.0647271
702 -43342.1 -45757 2414.85 0.0100002 0.100001 0.02 0 0 0.372978 -0.488258 -0.0649773
703 -43351 -45757 2405.93 0.0100007 0.100004 0.02 0 0 0.374151 -0.489728 -0.065361
704 -43367.7 -45757 2389.28 0.0100003 0.100002 0.02 0 0 0.374782 -0.491264 -0.0647882
705 -43363.5 -45757 2393.45 0.00999933 0.0999967 0.02 0 0 0.375417 -0.49052 -0.0642511
706 -43354.4 -45757 2402.54 0.00999952 0.0999976 0.02 0 0 0.375846 -0.49038 -0.063896
707 -43349.7 -45757 2407.26 0.0100003 0.100002 0.02 0 0 0.375915 -0.490918 -0.0638104
708 -43368.7 -45757 2388.26 0.00999978 0.0999989 0.02 0 0 0.377331 -0.490919 -0.0632089
709 -43381.4 -45757 2375.59 0.00999968 0.0999984 0.02 0 0 0.378023 -0.491264 -0.0633716
710 -43362.6 -45757 2394.36 0.0100003 0.100002 0.02 0 0 0.377913 -0.491512 -0.0640701
711 -43364.6 -45757 2392.38 0.0100002 0.100001 0.02 0 0 0.378099 -0.49218 -0.0630189
712 -43355.6 -45757 2401.37 0.0100001 0.1 0.02 0 0 0.378764 -0.491412 -0.0618497
713 -43382.2 -45757 2374.77 0.00999914 0.0999957 0.02 0 0 0.379757 -0.491456 -0.062694
714 -43378.1 -45757 2378.9 0.00999955 0.0999977 0.02 0 0 0.380745 -0.491868 -0.0627024
715 -43386.4 -45757 2370.54 0.00999936 0.0999968 0.02 0 0 0.382166 -0.491686 -0.0626774
716 -43384.5 -45757 2372.5 0.00999974 0.0999987 0.02 0 0 0.383849 -0.491599 -0.0631885
717 -43391.9 -45757 2365.11 0.0100008 0.100004 0.02 0 0 0.385263 -0.49164 -0.06244
718 -43400.8 -45757 2356.2 0.00999983 0.0999992 0.02 0 0 0.384854 -0.492163 -0.0624811
719 -43393.9 -45757 2363.04 0.00999909 0.0999954 0.02 0 0 0.38487 -0.491186 -0.0624087
720 -43427.6 -45757 2329.34 0.0100001 0.100001 0.02 0 0 0.385684 -0.491272 -0.0638691
721 -43420 -45757 2336.94 0.00999995 0.0999997 0.02 0 0 0.385779 -0.491015 -0.0633056
722 -43400.2 -45757 2356.75 0.0100004 0.100002 0.02 0 0 0.385883 -0.491505 -0.0632404
723 -43388.3 -45757 2368.66 0.00999982 0.0999991 0.02 0 0 0.386493 -0.491655 -0.0633306
724 -43382.9 -45757 2374.04 0.00999897 0.0999948 0.02 0 0 0.385076 -0.493232 -0.0629762
725 -43392.8 -45757 2364.14 0.0100005 0.100003 0.02 0 0 0.385656 -0.493591 -0.063089
726 -43401.8 -45757 2355.14 0.00999976 0.0999988 0.02 0 0 0.385576 -0.493769 -0.0635158
727 -43402.7 -45757 2354.32 0.0100005 0.100002 0.02 0 0 0.385421 -0.493479 -0.0643836
728 -43413.6 -45757 2343.34 0.00999968 0.0999984 0.02 0 0 0.386563 -0.493011 -0.0634549
729 -43417.1 -45757 2339.87 0.00999913 0.0999957 0.02 0 0 0.385905 -0.49288 -0.0640795
730 -43413.3 -45757 2343.68 0.00999901 0.0999951 0.02 0 0 0.38526 -0.494168 -0.0638186
731 -43409.1 -45757 2347.83 0.0100003 0.100001 0.02 0 0 0.386368 -0.49372 -0.0638718
732 -43407.6 -45757 2349.38 0.0100005 0.100003 0.02 0 0 0.388456 -0.492689 -0.064633
733 -43384.8 -45757 2372.2 0.0100004 0.100002 0.02 0 0 0.389229 -0.492474 -0.0650412
734 -43390.8 -45757 2366.18 0.0100005 0.100002 0.02 0 0 0.390285 -0.493118 -0.0637372
735 -43400.6 -45757 2356.42 0.0100007 0.100003 0.02 0 0 0.390191 -0.492746 -0.0638741
736 -43413.4 -45757 2343.6 0.0100006 0.100003 0.02 0 0 0.390918 -0.491861 -0.0633868
737 -43415.8 -45757 2341.17 0.00999955 0.0999978 0.02 0 0 0.391901 -0.491767 -0.0636358
738 -43412.1 -45757 2344.88 0.0100006 0.100003 0.02 0 0 0.391879 -0.491843 -0.0638909
739 -43416.5 -45757 2340.46 0.0100002 0.100001 0.02 0 0 0.392257 -0.492147 -0.0627852
740 -43417.1 -45757 2339.83 0.00999991 0.0999996 0.02 0 0 0.391713 -0.492659 -0.0624877
741 -43410.7 -45757 2346.28 0.00999898 0.0999949 0.02 0 0 0.393817 -0.49268 -0.0632824
742 -43380.8 -45757 2376.14 0.00999927 0.0999963 0.02 0 0 0.393608 -0.492723 -0.0632042
743 -43381.8 -45757 2375.2 0.0100008 0.100004 0.02 0 0 0.393337 -0.493235 -0.0639549
744 -43410.5 -45757 2346.52 0.0100002 0.100001 0.02 0 0 0.393083 -0.493648 -0.0639814
745 -43413.2 -45757 2343.72 0.00999987 0.0999993 0.02 0 0 0.392945 -0.494375 -0.0643037
746 -43394.7 -45757 2362.22 0.0100002 0.100001 0.02 0 0 0.393595 -0.493438 -0.0648052
747 -43412.9 -45757 2344.11 0.00999978 0.0999989 0.02 0 0 0.394091 -0.494115 -0.0656241
748 -43422.3 -45757 2334.69 0.0100003 0.100001 0.02 0 0 0.394454 -0.49439 -0.0661517
749 -43427.3 -45757 2329.68 0.0100001 0.1 0.02 0 0 0.394307 -0.495955 -0.0657487
750 -43421.8 -45757 2335.2 0.00999929 0.0999965 0.02 0 0 0.394985 -0.495988 -0.0673473
751 -43409.7 -45757 2347.27 0.0099996 0.099998 0.02 0 0 0.395617 -0.495696 -0.0676374
752 -43409 -45757 2348.02 0.0100003 0.100002 0.02 0 0 0.395362 -0.496486 -0.0671262
753 -43423.9 -45757 2333.05 0.00999947 0.0999974 0.02 0 0 0.395594 -0.497442 -0.0679195
754 -43412.5 -45757 2344.46 0.00999996 0.0999998 0.02 0 0 0.395433 -0.497833 -0.0688342
755 -43416.6 -45757 2340.35 0.0100003 0.100001 0.02 0 0 0.396144 -0.497735 -0.0692646
756 -43426.7 -45757 2330.23 0.00999996 0.0999998 0.02 0 0 0.396875 -0.498611 -0.0680208
757 -43428.7 -45757 2328.28 0.00999952 0.0999976 0.02 0 0 0.397125 -0.498477 -0.0678344
758 -43434.3 -45757 2322.68 0.0099992 0.099996 0.02 0 0 0.397485 -0.499067 -0.0669484
759 -43441.7 -45757 2315.27 0.01 0.1 0.02 0 0 0.398829 -0.499355 -0.0675683
760 -43461.2 -45757 2295.81 0.0100002 0.100001 0.02 0 0 0.399011 -0.499888 -0.0671119
761 -43438.8 -45757 2318.12 0.0100009 0.100004 0.02 0 0 0.400074 -0.498709 -0.0664895
762 -43436.1 -45757 2320.88 0.00999997 0.0999999 0.02 0 0 0.40042 -0.498881 -0.0665209
763 -43433.3 -45757 2323.71 0.00999919 0.099996 0.02 0 0 0.401262 -0.498856 -0.066112
764 -43438.5 -45757 2318.5 0.00999962 0.0999981 0.02 0 0 0.40281 -0.498607 -0.0660653
765 -43435.9 -45757 2321.09 0.00999952 0.0999976 0.02 0 0 0.402682 -0.498878 -0.0660405
766 -43421.9 -45757 2335.1 0.00999976 0.0999988 0.02 0 0 0.403193 -0.497711 -0.0661315
767 -43444.8 -45757 2312.17 0.0100008 0.100004 0.02 0 0 0.403247 -0.498285 -0.0668339
768 -43426.6 -45757 2330.37 0.00999945 0.0999972 0.02 0 0 0.403576 -0.49749 -0.0668441
769 -43432.8 -45757 2324.22 0.01 0.1 0.02 0 0 0.404546 -0.497288 -0.0651771
770 -43424.6 -45757 2332.38 0.01 0.1 0.02 0 0 0.404477 -0.497515 -0.0647868
771 -43413.7 -45757 2343.26 0.0100003 0.100001 0.02 0 0 0.405072 -0.497103 -0.0640764
772 -43424 -45757 2332.94 0.00999984 0.0999992 0.02 0 0 0.404935 -0.496834 -0.0643575
773 -43428.4 -45757 2328.54 0.0100003 0.100002 0.02 0 0 0.404974 -0.497127 -0.0643937
774 -43416.5 -45757 2340.5 0.00999994 0.0999997 0.02 0 0 0.405711 -0.497461 -0.0650056
775 -43415.6 -45757 2341.39 0.00999983 0.0999992 0.02 0 0 0.405436 -0.498565 -0.0652709
776 -43427.7 -45757 2329.25 0.0100003 0.100001 0.02 0 0 0.405982 -0.498594 -0.0647262
777 -43421.9 -45757 2335.07 0.0100004 0.100002 0.02 0 0 0.406157 -0.498546 -0.0645848
778 -43423.3 -45757 2333.7 0.0100008 0.100004 0.02 0 0 0.406963 -0.497865 -0.063372
779 -43418.5 -45757 2338.43 0.00999995 0.0999998 0.02 0 0 0.407422 -0.497247 -0.0642868
780 -43424.8 -45757 2332.14 0.00999982 0.0999991 0.02 0 0 0.407743 -0.497167 -0.0645738
781 -43418.8 -45757 2338.17 0.0100009 0.100004 0.02 0 0 0.40764 -0.497509 -0.0654944
782 -43415.1 -45757 2341.89 0.0100001 0.100001 0.02 0 0 0.408502 -0.497506 -0.065888
783 -43411.5 -45757 2345.5 0.0100004 0.100002 0.02 0 0 0.409524 -0.497411 -0.0654738
784 -43400.8 -45757 2356.18 0.01 0.1 0.02 0 0 0.409682 -0.497778 -0.0659546
785 -43390.3 -45757 2366.67 0.0099998 0.099999 0.02 0 0 0.409584 -0.49809 -0.0663923
786 -43391.6 -45757 2365.4 0.00999992 0.0999996 0.02 0 0 0.409469 -0.498085 -0.0656491
787 -43387.8 -45757 2369.14 0.0100001 0.1 0.02 0 0 0.409605 -0.498936 -0.0651474
788 -43386.1 -45757 2370.83 0.0100002 0.100001 0.02 0 0 0.409191 -0.498889 -0.0650489
789 -43375.8 -45757 2381.21 0.0100009 0.100005 0.02 0 0 0.409928 -0.499406 -0.0656678
790 -43387.3 -45757 2369.62 0.0100001 0.1 0.02 0 0 0.4107 -0.499616 -0.0671521
791 -43407.7 -45757 2349.27 0.00999949 0.0999975 0.02 0 0 0.410767 -0.499416 -0.0666582
792 -43414.6 -45757 2342.36 0.00999946 0.0999973 0.02 0 0 0.410506 -0.500499 -0.0673023
793 -43425.2 -45757 2331.79 0.00999919 0.0999959 0.02 0 0 0.412386 -0.500077 -0.0685082
794 -43420.6 -45757 2336.38 0.00999958 0.0999979 0.02 0 0 0.413109 -0.500889 -0.0675472
795 -43414.5 -45757 2342.45 0.0100004 0.100002 0.02 0 0 0.413562 -0.501015 -0.0672225
796 -43420.1 -45757 2336.83 0.0099996 0.099998 0.02 0 0 0.41433 -0.501673 -0.0681117
797 -43442.3 -45757 2314.62 0.00999991 0.0999995 0.02 0 0 0.415905 -0.5015 -0.0666854
798 -43465.8 -45757 2291.16 0.0100002 0.100001 0.02 0 0 0.416702 -0.501625 -0.0676561
799 -43454.9 -45757 2302.07 0.0099994 0.099997 0.02 0 0 0.416798 -0.501523 -0.0666135
800 -43453.4 -45757 2303.52 0.00999964 0.0999982 0.02 0 0 0.416967 -0.50199 -0.0676911
801 -43430.8 -45757 2326.21 0.0100002 0.100001 0.02 0 0 0.416792 -0.501763 -0.0679814
802 -43433.5 -45757 2323.42 0.00999995 0.0999997 0.02 0 0 0.416587 -0.502309 -0.0674854
803 -43407.3 -45757 2349.62 0.00999994 0.0999997 0.02 0 0 0.417318 -0.502558 -0.0682946
804 -43409 -45757 2347.98 0.00999953 0.0999976 0.02 0 0 0.417528 -0.502687 -0.0689803
805 -43394.5 -45757 2362.44 0.01 0.1 0.02 0 0 0.416848 -0.502999 -0.0682287
806 -43400.5 -45757 2356.45 0.0100004 0.100002 0.02 0 0 0.417336 -0.50318 -0.0677577
807 -43411.6 -45757 2345.41 0.0100001 0.1 0.02 0 0 0.418077 -0.503395 -0.0694533
808 -43411 -45757 2346.01 0.00999955 0.0999977 0.02 0 0 0.418862 -0.502877 -0.0696867
809 -43395 -45757 2362 0.0100003 0.100002 0.02 0 0 0.418834 -0.503822 -0.0703789
810 -43414.2 -45757 2342.8 0.0100011 0.100005 0.02 0 0 0.419121 -0.504603 -0.0705846
811 -43406.9 -45757 2350.11 0.01 0.1 0.02 0 0 0.418937 -0.504915 -0.0694841
812 -43406.1 -45757 2350.86 0.00999968 0.0999984 0.02 0 0 0.419605 -0.504702 -0.0700694
813 -43406.9 -45757 2350.11 0.0100002 0.100001 0.02 0 0 0.419583 -0.504639 -0.069595
814 -43407.8 -45757 2349.17 0.0099998 0.099999 0.02 0 0 0.420193 -0.505109 -0.0700447
815 -43410.6 -45757 2346.4 0.0100003 0.100002 0.02 0 0 0.420642 -0.505026 -0.0689787
816 -43416.8 -45757 2340.16 0.0100005 0.100002 0.02 0 0 0.420748 -0.504122 -0.0696312
817 -43421 -45757 2335.93 0.00999982 0.0999991 0.02 0 0 0.421913 -0.504503 -0.0690993
818 -43411.8 -45757 2345.17 0.0100004 0.100002 0.02 0 0 0.422376 -0.503901 -0.0689172
819 -43412.3 -45757 2344.64 0.00999893 0.0999946 0.02 0 0 0.4225 -0.504834 -0.0690357
820 -43428.8 -45757 2328.18 0.0100002 0.100001 0.02 0 0 0.423819 -0.50513 -0.0684755
821 -43429.9 -45757 2327.1 0.0100007 0.100003 0.02 0 0 0.424258 -0.504366 -0.0675008
822 -43421.2 -45757 2335.77 0.00999986 0.0999993 0.02 0 0 0.424817 -0.504992 -0.0684992
823 -43433.7 -45757 2323.25 0.0100001 0.100001 0.02 0 0 0.426175 -0.505366 -0.0683252
824 -43430.6 -45757 2326.34 0.0100007 0.100004 0.02 0 0 0.426599 -0.506 -0.0679463
825 -43438.7 -45757 2318.27 0.0100002 0.100001 0.02 0 0 0.42707 -0.506355 -0.0694662
826 -43438.5 -45757 2318.49 0.0100005 0.100003 0.02 0 0 0.426869 -0.506154 -0.069691
827 -43451.6 -45757 2305.38 0.00999966 0.0999983 0.02 0 0 0.426811 -0.50632 -0.0696901
828 -43461.7 -45757 2295.31 0.00999976 0.0999988 0.02 0 0 0.426401 -0.506822 -0.0695495
829 -43470.6 -45757 2286.35 0.00999944 0.0999972 0.02 0 0 0.426873 -0.506945 -0.0711502
830 -43466.3 -45757 2290.69 0.0100003 0.100001 0.02 0 0 0.427824 -0.506907 -0.0722078
831 -43458.1 -45757 2298.88 0.00999948 0.0999974 0.02 0 0 0.428417 -0.508002 -0.0732661
832 -43446.4 -45757 2310.53 0.01 0.1 0.02 0 0 0.428729 -0.508304 -0.0737218
833 -43456.1 -45757 2300.9 0.0100002 0.100001 0.02 0 0 0.429209 -0.508553 -0.0738207
834 -43442.5 -45757 2314.52 0.00999971 0.0999985 0.02 0 0 0.429081 -0.509373 -0.0742782
835 -43460.1 -45757 2296.89 0.00999931 0.0999966 0.02 0 0 0.430555 -0.510023 -0.0739997
836 -43478.3 -45757 2278.71 0.00999978 0.0999989 0.02 0 0 0.430768 -0.51082 -0.0745004
837 -43484.7 -45757 2272.29 0.01 0.1 0.02 0 0 0.430917 -0.511903 -0.0749114
838 -43484 -45757 2272.94 0.0100008 0.100004 0.02 0 0 0.430311 -0.513263 -0.0750744
839 -43461.7 -45757 2295.23 0.00999917 0.0999958 0.02 0 0 0.430641 -0.513586 -0.0747801
840 -43457.3 -45757 2299.66 0.0100004 0.100002 0.02 0 0 0.431646 -0.514138 -0.0754928
841 -43458.9 -45757 2298.12 0.00999976 0.0999988 0.02 0 0 0.433079 -0.513994 -0.075706
842 -43443 -45757 2313.96 0.0100004 0.100002 0.02 0 0 0.434416 -0.514031 -0.0751991
843 -43453.6 -45757 2303.32 0.0099997 0.0999985 0.02 0 0 0.434864 -0.514382 -0.0749791
844 -43449.2 -45757 2307.74 0.0099999 0.0999995 0.02 0 0 0.434785 -0.514603 -0.075393
845 -43462.1 -45757 2294.91 0.00999986 0.0999993 0.02 0 0 0.435937 -0.514738 -0.0753236
846 -43463.4 -45757 2293.58 0.0100005 0.100003 0.02 0 0 0.436536 -0.515198 -0.0758336
847 -43469.4 -45757 2287.57 0.0100007 0.100004 0.02 0 0 0.437592 -0.513967 -0.0756108
848 -43463.2 -45757 2293.75 0.0100008 0.100004 0.02 0 0 0.438649 -0.513661 -0.0761296
849 -43458.3 -45757 2298.65 0.0100005 0.100003 0.02 0 0 0.44016 -0.513272 -0.0768637
850 -43461.2 -45757 2295.79 0.00999955 0.0999977 0.02 0 0 0.441066 -0.513724 -0.0766122
851 -43447.8 -45757 2309.18 0.0100006 0.100003 0.02 0 0 0.441873 -0.513711 -0.0762167
852 -43453.8 -45757 2303.21 0.0100006 0.100003 0.02 0 0 0.44261 -0.513977 -0.0767159
853 -43445.3 -45757 2311.7 0.0100005 0.100002 0.02 0 0 0.442738 -0.513749 -0.0769613
854 -43454.1 -45757 2302.83 0.00999993 0.0999997 0.02 0 0 0.442817 -0.513443 -0.0781444
855 -43457.1 -45757 2299.87 0.00999877 0.0999938 0.02 0 0 0.443383 -0.51361 -0.0787952
856 -43450.7 -45757 2306.29 0.0100004 0.100002 0.02 0 0 0.442512 -0.514506 -0.0793042
857 -43444.8 -45757 2312.2 0.0100007 0.100003 0.02 0 0 0.443505 -0.514297 -0.0786785
858 -43437.7 -45757 2319.3 0.0100001 0.1 0.02 0 0 0.444314 -0.513494 -0.0783072
859 -43438.6 -45757 2318.39 0.0100002 0.100001 0.02 0 0 0.444896 -0.513911 -0.0793788
860 -43430.4 -45757 2326.62 0.0100008 0.100004 0.02 0 0 0.445026 -0.514353 -0.0782175
861 -43453.2 -45757 2303.74 0.0100001 0.1 0.02 0 0 0.445672 -0.514798 -0.0785199
862 -43468.9 -45757 2288.07 0.00999945 0.0999973 0.02 0 0 0.445895 -0.515006 -0.0785345
863 -43476.6 -45757 2280.34 0.0100001 0.1 0.02 0 0 0.445485 -0.515856 -0.0784728
864 -43493.5 -45757 2263.44 0.0100005 0.100002 0.02 0 0 0.44627 -0.516345 -0.0791483
865 -43502.9 -45757 2254.06 0.00999966 0.0999983 0.02 0 0 0.447239 -0.516574 -0.0785483
866 -43510.7 -45757 2246.23 0.0100002 0.100001 0.02 0 0 0.448088 -0.51615 -0.0789606
867 -43500.2 -45757 2256.82 0.0100004 0.100002 0.02 0 0 0.448182 -0.516446 -0.0783891
868 -43478.6 -45757 2278.39 0.00999998 0.0999999 0.02 0 0 0.448679 -0.516461 -0.0775795
869 -43484.7 -45757 2272.24 0.00999965 0.0999982 0.02 0 0 0.448559 -0.517779 -0.0768573
870 -43467.5 -45757 2289.52 0.00999921 0.099996 0.02 0 0 0.449013 -0.517957 -0.0764868
871 -43490.6 -45757 2266.36 0.00999925 0.0999962 0.02 0 0 0.448731 -0.519371 -0.0754074
872 -43492 -45757 2264.99 0.00999949 0.0999974 0.02 0 0 0.450136 -0.520031 -0.076562
873 -43477.6 -45757 2279.37 0.0099998 0.099999 0.02 0 0 0.450345 -0.51988 -0.0759044
874 -43482.7 -45757 2274.29 0.00999957 0.0999978 0.02 0 0 0.451447 -0.51957 -0.0749306
875 -43472.1 -45757 2284.84 0.00999973 0.0999987 0.02 0 0 0.451807 -0.519959 -0.0746631
876 -43483.7 -45757 2273.31 0.0099997 0.0999985 0.02 0 0 0.452023 -0.52082 -0.0744379
877 -43478 -45757 2278.93 0.00999999 0.1 0.02 0 0 0.451038 -0.521605 -0.0747095
878 -43483.3 -45757 2273.7 0.0100002 0.100001 0.02 0 0 0.451025 -0.521975 -0.0749181
879 -43493.7 -45757 2263.25 0.0100007 0.100004 0.02 0 0 0.450586 -0.523269 -0.0745538
880 -43476.5 -45757 2280.44 0.0100001 0.1 0.02 0 0 0.450588 -0.524107 -0.0738854
881 -43484.2 -45757 2272.81 0.0100006 0.100003 0.02 0 0 0.450698 -0.524701 -0.0738554
882 -43480 -45757 2276.93 0.00999988 0.0999994 0.02 0 0 0.451717 -0.524336 -0.0733243
883 -43485 -45757 2271.94 0.0100005 0.100002 0.02 0 0 0.45194 -0.524012 -0.0714225
884 -43496.1 -45757 2260.9 0.00999919 0.0999959 0.02 0 0 0.452547 -0.523824 -0.070942
885 -43505.4 -45757 2251.6 0.01 0.1 0.02 0 0 0.452314 -0.524647 -0.069555
886 -43508.6 -45757 2248.35 0.0100001 0.1 0.02 0 0 0.452812 -0.52543 -0.0703367
887 -43499.5 -45757 2257.47 0.0100003 0.100001 0.02 0 0 0.453448 -0.525317 -0.0706265
888 -43495.3 -45757 2261.71 0.00999996 0.0999998 0.02 0 0 0.453654 -0.525762 -0.0695407
889 -43489.6 -45757 2267.38 0.0100004 0.100002 0.02 0 0 0.452975 -0.526354 -0.0700521
890 -43470.8 -45757 2286.13 0.00999979 0.0999989 0.02 0 0 0.453822 -0.525685 -0.0700471
891 -43473.3 -45757 2283.68 0.0100003 0.100002 0.02 0 0 0.453135 -0.525879 -0.0704777
892 -43481.6 -45757 2275.33 0.0100007 0.100004 0.02 0 0 0.453873 -0.525207 -0.0692403
893 -43475.6 -45757 2281.41 0.00999912 0.0999956 0.02 0 0 0.45403 -0.524762 -0.0702707
894 -43477 -45757 2279.94 0.0100009 0.100004 0.02 0 0 0.454804 -0.523983 -0.0695287
895 -43471.3 -45757 2285.71 0.0100003 0.100002 0.02 0 0 0.455262 -0.524428 -0.0684748
896 -43474.9 -45757 2282.04 0.00999889 0.0999944 0.02 0 0 0.455318 -0.524953 -0.0693821
897 -43486.5 -45757 2270.52 0.00999951 0.0999976 0.02 0 0 0.45636 -0.525849 -0.0688404
898 -43501.9 -45757 2255.09 0.009999 0.099995 0.02 0 0 0.457148 -0.526004 -0.0698265
899 -43502.1 -45757 2254.89 0.0100001 0.100001 0.02 0 0 0.45655 -0.526993 -0.0704923
900 -43498.9 -45757 2258.12 0.0100001 0.1 0.02 0 0 0.456401 -0.527024 -0.0712147
901 -43471.1 -45757 2285.88 0.0100001 0.1 0.02 0 0 0.456574 -0.526613 -0.0705166
902 -43481.7 -45757 2275.24 0.00999967 0.0999983 0.02 0 0 0.45695 -0.526711 -0.0697308
903 -43497.3 -45757 2259.64 0.010001 0.100005 0.02 0 0 0.458017 -0.526936 -0.0696618
904 -43488.6 -45757 2268.35 0.0100002 0.100001 0.02 0 0 0.459064 -0.52761 -0.06856
905 -43491.9 -45757 2265.07 0.00999975 0.0999988 0.02 0 0 0.459706 -0.527559 -0.0679619
906 -43503.4 -45757 2253.56 0.0100003 0.100002 0.02 0 0 0.460393 -0.52768 -0.067545
907 -43491.4 -45757 2265.57 0.0100001 0.100001 0.02 0 0 0.460994 -0.527386 -0.06845
908 -43496.4 -45757 2260.53 0.0100004 0.100002 0.02 0 0 0.461081 -0.528436 -0.0684592
909 -43509.1 -45757 2247.83 0.00999968 0.0999984 0.02 0 0 0.461732 -0.527975 -0.0687901
910 -43511.2 -45757 2245.75 0.00999947 0.0999973 0.02 0 0 0.462672 -0.52887 -0.0692059
911 -43526.2 -45757 2230.8 0.00999962 0.0999981 0.02 0 0 0.464086 -0.528465 -0.0674317
912 -43528.8 -45757 2228.12 0.0100007 0.100003 0.02 0 0 0.464176 -0.52761 -0.0668592
913 -43537.9 -45757 2219.1 0.01 0.1 0.02 0 0 0.464207 -0.527661 -0.0671829
914 -43525.6 -45757 2231.33 0.00999901 0.099995 0.02 0 0 0.465345 -0.527141 -0.0677829
915 -43510.4 -45757 2246.6 0.00999976 0.0999988 0.02 0 0 0.465309 -0.526812 -0.0684718
916 -43505.4 -45757 2251.6 0.00999914 0.0999957 0.02 0 0 0.464779 -0.526564 -0.0687408
917 -43508.9 -45757 2248.05 0.00999958 0.0999979 0.02 0 0 0.465067 -0.527031 -0.068095
918 -43512.8 -45757 2244.21 0.0100008 0.100004 0.02 0 0 0.465121 -0.527437 -0.0674613
919 -43522.3 -45757 2234.66 0.0100001 0.1 0.02 0 0 0.465225 -0.527094 -0.0678709
920 -43525 -45757 2232 0.0100004 0.100002 0.02 0 0 0.466258 -0.526491 -0.0679743
921 -43516.4 -45757 2240.57 0.0100005 0.100003 0.02 0 0 0.466085 -0.526505 -0.0685399
922 -43509.6 -45757 2247.35 0.00999986 0.0999993 0.02 0 0 0.466279 -0.526433 -0.0670864
923 -43500 -45757 2256.93 0.0100003 0.100001 0.02 0 0 0.465852 -0.526174 -0.0654849
924 -43526.8 -45757 2230.16 0.0100005 0.100003 0.02 0 0 0.466725 -0.525868 -0.0655549
925 -43520.7 -45757 2236.23 0.0100003 0.100001 0.02 0 0 0.466368 -0.525963 -0.065125
926 -43523.7 -45757 2233.27 0.00999975 0.0999988 0.02 0 0 0.467863 -0.526244 -0.0647218
927 -43510.5 -45757 2246.48 0.0100005 0.100002 0.02 0 0 0.468289 -0.526404 -0.0651316
928 -43532.2 -45757 2224.74 0.0099999 0.0999995 0.02 0 0 0.468797 -0.527083 -0.0642739
929 -43544.1 -45757 2212.91 0.00999966 0.0999983 0.02 0 0 0.46916 -0.526544 -0.0644617
930 -43532.1 -45757 2224.88 0.00999963 0.0999981 0.02 0 0 0.469623 -0.526219 -0.064836
931 -43516.6 -45757 2240.36 0.00999939 0.0999969 0.02 0 0 0.470067 -0.525251 -0.0651797
932 -43492.6 -45757 2264.38 0.00999939 0.0999969 0.02 0 0 0.470381 -0.524772 -0.0648383
933 -43482.6 -45757 2274.38 0.0100001 0.100001 0.02 0 0 0.469852 -0.525607 -0.0643094
934 -43499 -45757 2258 0.0100002 0.100001 0.02 0 0 0.469975 -0.526196 -0.0644275
935 -43527 -45757 2229.93 0.00999904 0.0999952 0.02 0 0 0.471224 -0.525899 -0.0644716
936 -43526.9 -45757 2230.07 0.0100004 0.100002 0.02 0 0 0.47165 -0.525292 -0.0634845
937 -43520.6 -45757 2236.38 0.0100004 0.100002 0.02 0 0 0.472605 -0.525928 -0.0627516
938 -43509.5 -45757 2247.43 0.01 0.1 0.02 0 0 0.473393 -0.525251 -0.063266
939 -43508.1 -45757 2248.91 0.0100002 0.100001 0.02 0 0 0.472931 -0.525516 -0.0631612
940 -43502.6 -45757 2254.42 0.0100003 0.100002 0.02 0 0 0.473683 -0.525514 -0.0626689
941 -43507.7 -45757 2249.23 0.00999952 0.0999976 0.02 0 0 0.474211 -0.52527 -0.0623542
942 -43497.8 -45757 2259.15 0.0100005 0.100002 0.02 0 0 0.473099 -0.525357 -0.0627859
943 -43513.5 -45757 2243.51 0.0100008 0.100004 0.02 0 0 0.472632 -0.526711 -0.0627272
944 -43504.3 -45757 2252.71 0.0100004 0.100002 0.02 0 0 0.472127 -0.527059 -0.0627295
945 -43504.1 -45757 2252.85 0.0100002 0.100001 0.02 0 0 0.472748 -0.527429 -0.0628196
946 -43508.7 -45757 2248.27 0.0100007 0.100003 0.02 0 0 0.473004 -0.527365 -0.0633454
947 -43514.3 -45757 2242.65 0.0100001 0.1 0.02 0 0 0.474175 -0.527721 -0.0630126
948 -43515.6 -45757 2241.32 0.00999913 0.0999957 0.02 0 0 0.473855 -0.527984 -0.0641058
949 -43519.1 -45757 2237.88 0.0100003 0.100001 0.02 0 0 0.475753 -0.528612 -0.0653723
950 -43536.7 -45757 2220.31 0.00999964 0.0999982 0.02 0 0 0.475969 -0.528527 -0.0665964
951 -43538.5 -45757 2218.43 0.00999971 0.0999986 0.02 0 0 0.476292 -0.528127 -0.0656596
952 -43535.1 -45757 2221.91 0.0100004 0.100002 0.02 0 0 0.476285 -0.528738 -0.0654356
953 -43539.7 -45757 2217.3 0.00999936 0.0999968 0.02 0 0 0.476926 -0.528438 -0.0637783
954 -43519.9 -45757 2237.05 0.0100006 0.100003 0.02 0 0 0.477328 -0.529093 -0.0631409
955 -43527.4 -45757 2229.55 0.0100002 0.100001 0.02 0 0 0.478608 -0.529368 -0.0650309
956 -43520.5 -45757 2236.44 0.0100007 0.100003 0.02 0 0 0.479831 -0.529575 -0.0664009
957 -43523.6 -45757 2233.41 0.00999921 0.0999961 0.02 0 0 0.479656 -0.530038 -0.0665646
958 -43508.5 -45757 2248.51 0.00999998 0.0999999 0.02 0 0 0.480492 -0.529686 -0.0667073
959 -43505.7 -45757 2251.23 0.00999986 0.0999993 0.02 0 0 0.481488 -0.530697 -0.0671114
960 -43511.2 -45757 2245.72 0.01 0.1 0.02 0 0 0.481608 -0.530417 -0.0680818
961 -43498.1 -45757 2258.9 0.0100001 0.100001 0.02 0 0 0.481377 -0.530484 -0.0689594
962 -43498.7 -45757 2258.26 0.0100011 0.100006 0.02 0 0 0.483397 -0.529558 -0.069242
963 -43500.7 -45757 2256.22 0.0100005 0.100002 0.02 0 0 0.484021 -0.530043 -0.0693435
964 -43527 -45757 2229.96 0.00999958 0.0999979 0.02 0 0 0.485188 -0.530023 -0.069308
965 -43549.4 -45757 2207.59 0.0100002 0.100001 0.02 0 0 0.485604 -0.529567 -0.0692396
966 -43545.6 -45757 2211.33 0.00999989 0.0999994 0.02 0 0 0.486019 -0.529102 -0.0710318
967 -43544.6 -45757 2212.36 0.00999953 0.0999977 0.02 0 0 0.48635 -0.529723 -0.0699367
968 -43553.6 -45757 2203.39 0.0100003 0.100001 0.02 0 0 0.487569 -0.529371 -0.0703551
969 -43546.2 -45757 2210.74 0.0100005 0.100002 0.02 0 0 0.488273 -0.529607 -0.0693142
970 -43531.9 -45757 2225.11 0.0100003 0.100001 0.02 0 0 0.488091 -0.530343 -0.070023
971 -43517.4 -45757 2239.59 0.00999948 0.0999974 0.02 0 0 0.488596 -0.529266 -0.0700997
972 -43503.6 -45757 2253.41 0.00999989 0.0999994 0.02 0 0 0.488917 -0.528853 -0.0702613
973 -43535.8 -45757 2221.13 0.0100003 0.100001 0.02 0 0 0.489818 -0.529477 -0.0703425
974 -43550.4 -45757 2206.54 0.0100001 0.100001 0.02 0 0 0.490401 -0.529318 -0.0703196
975 -43539.8 -45757 2217.15 0.0100003 0.100002 0.02 0 0 0.489676 -0.529495 -0.0699929
976 -43533.8 -45757 2223.19 0.00999992 0.0999996 0.02 0 0 0.490451 -0.529677 -0.0703425
977 -43540.8 -45757 2216.19 0.00999991 0.0999996 0.02 0 0 0.491953 -0.528845 -0.0699448
978 -43538.1 -45757 2218.82 0.0100011 0.100005 0.02 0 0 0.492471 -0.528464 -0.0688833
979 -43522.9 -45757 2234.07 0.0100008 0.100004 0.02 0 0 0.491751 -0.528616 -0.0698008
980 -43528.3 -45757 2228.65 0.0100001 0.100001 0.02 0 0 0.492237 -0.528651 -0.0701385
981 -43533.5 -45757 2223.42 0.0100002 0.100001 0.02 0 0 0.492929 -0.528185 -0.0711256
982 -43528.5 -45757 2228.45 0.00999976 0.0999988 0.02 0 0 0.493603 -0.527381 -0.0712929
983 -43536.3 -45757 2220.68 0.0100007 0.100003 0.02 0 0 0.49509 -0.527042 -0.0709739
984 -43543.4 -45757 2213.57 0.00999977 0.0999989 0.02 0 0 0.495533 -0.527905 -0.0714934
985 -43521 -45757 2235.96 0.0100014 0.100007 0.02 0 0 0.495727 -0.526641 -0.0717456
986 -43523.8 -45757 2233.19 0.00999935 0.0999967 0.02 0 0 0.497289 -0.526637 -0.0717747
987 -43528.1 -45757 2228.88 0.00999976 0.0999988 0.02 0 0 0.498215 -0.526859 -0.0712504
988 -43515.6 -45757 2241.35 0.0100001 0.100001 0.02 0 0 0.498102 -0.526562 -0.0718605
989 -43516.7 -45757 2240.26 0.00999907 0.0999953 0.02 0 0 0.497959 -0.526696 -0.0719655
990 -43530 -45757 2227 0.00999913 0.0999956 0.02 0 0 0.498173 -0.527351 -0.0719618
991 -43548.5 -45757 2208.47 0.0100009 0.100004 0.02 0 0 0.498186 -0.527548 -0.0723261
992 -43554.2 -45757 2202.77 0.0100006 0.100003 0.02 0 0 0.497601 -0.527976 -0.072263
993 -43549.4 -45757 2207.57 0.00999953 0.0999976 0.02 0 0 0.499154 -0.527083 -0.0723992
994 -43561.4 -45757 2195.55 0.00999959 0.099998 0.02 0 0 0.499983 -0.528215 -0.0712535
995 -43541.1 -45757 2215.84 0.00999991 0.0999996 0.02 0 0 0.499345 -0.528343 -0.0715019
996 -43543.8 -45757 2213.17 0.00999989 0.0999994 0.02 0 0 0.498744 -0.529206 -0.0727636
997 -43543 -45757 2213.96 0.0100007 0.100004 0.02 0 0 0.498317 -0.52991 -0.0730312
998 -43547.1 -45757 2209.88 0.00999931 0.0999966 0.02 0 0 0.498867 -0.530731 -0.072583
999 -43547.7 -45757 2209.25 0.0100005 0.100002 0.02 0 0 0.499441 -0.530915 -0.0718142
1000 -43532.2 -45757 2224.72 0.0100002 0.100001 0.02 0 0 0.499532 -0.530815 -0.0717058
